Date,Open,High,Low,Close,Adj Close,Volume
1962-01-02,0.092908,0.096026,0.092908,0.092908,0.058398,841958
1962-01-03,0.092908,0.094467,0.092908,0.094155,0.059182,801865
1962-01-04,0.094155,0.094467,0.093532,0.094155,0.059182,962238
1962-01-05,0.094155,0.094779,0.093844,0.094467,0.059378,962238
1962-01-08,0.094467,0.095714,0.092285,0.094155,0.059182,1282984
1962-01-09,0.094155,0.096026,0.093532,0.096026,0.060358,641492
1962-01-10,0.096026,0.097585,0.096026,0.096961,0.060946,681585
1962-01-11,0.096961,0.100391,0.096650,0.099767,0.062710,2004663
1962-01-12,0.099767,0.100079,0.095403,0.096650,0.060751,2004663
1962-01-15,0.096650,0.097273,0.096026,0.096650,0.060751,641492
1962-01-16,0.096026,0.096026,0.093532,0.094155,0.059182,360839
1962-01-17,0.094155,0.094155,0.091038,0.091038,0.057223,400933
1962-01-18,0.091661,0.093532,0.091661,0.092908,0.058398,320746
1962-01-19,0.093532,0.094779,0.093532,0.094779,0.059574,441026
1962-01-22,0.095403,0.096338,0.095403,0.096338,0.060554,360839
1962-01-23,0.096338,0.098520,0.095403,0.096026,0.060358,1202798
1962-01-24,0.096026,0.096026,0.093532,0.094779,0.059574,360839
1962-01-25,0.094779,0.095091,0.093532,0.093532,0.058791,160373
1962-01-26,0.093532,0.094779,0.092908,0.092908,0.058398,360839
1962-01-29,0.092908,0.094155,0.092908,0.092908,0.058398,240560
1962-01-30,0.092908,0.093844,0.092285,0.093532,0.058791,681585
1962-01-31,0.093532,0.093844,0.092908,0.093532,0.058791,320746
1962-02-01,0.093532,0.096338,0.093532,0.094779,0.059574,1282984
1962-02-02,0.094779,0.096026,0.094779,0.094779,0.059574,641492
1962-02-05,0.094779,0.095714,0.094779,0.094779,0.059574,400933
1962-02-06,0.094779,0.095403,0.094155,0.094155,0.059182,240560
1962-02-07,0.094779,0.096026,0.094779,0.095403,0.059967,1403264
1962-02-08,0.096650,0.098832,0.096650,0.097897,0.061534,2084849
1962-02-09,0.098209,0.099144,0.098209,0.098520,0.061926,1042425
1962-02-12,0.098520,0.098832,0.097897,0.098520,0.061926,641492
1962-02-13,0.098520,0.098520,0.097273,0.098520,0.061926,641492
1962-02-14,0.098209,0.098209,0.097273,0.097273,0.061142,200466
1962-02-15,0.097585,0.098209,0.097585,0.097897,0.061534,481119
1962-02-16,0.098520,0.101326,0.098520,0.099767,0.062710,3728673
1962-02-19,0.099767,0.099767,0.098209,0.098209,0.061730,841958
1962-02-20,0.098832,0.099144,0.098832,0.099144,0.062318,240560
1962-02-21,0.098520,0.098520,0.097897,0.097897,0.061534,120280
1962-02-23,0.097897,0.098209,0.097273,0.097273,0.061142,441026
1962-02-26,0.096026,0.096026,0.093532,0.094779,0.059574,761772
1962-02-27,0.094779,0.096026,0.094155,0.094155,0.059182,481119
1962-02-28,0.094155,0.094779,0.093220,0.093220,0.058595,280653
1962-03-01,0.093532,0.095714,0.093532,0.095714,0.060162,441026
1962-03-02,0.095714,0.096338,0.095091,0.095091,0.059771,280653
1962-03-05,0.095403,0.096961,0.095403,0.095403,0.059967,441026
1962-03-06,0.095403,0.095403,0.094155,0.094155,0.059182,160373
1962-03-07,0.093532,0.093532,0.093532,0.093532,0.058791,120280
1962-03-08,0.093532,0.095091,0.093220,0.095091,0.059771,360839
1962-03-09,0.095091,0.096026,0.094779,0.094779,0.059574,521212
1962-03-12,0.095091,0.096650,0.095091,0.096650,0.060751,400933
1962-03-13,0.096650,0.098209,0.096650,0.098209,0.061890,360839
1962-03-14,0.098209,0.099144,0.097273,0.097273,0.061300,601399
1962-03-15,0.097273,0.098520,0.097273,0.097897,0.061693,280653
1962-03-16,0.097897,0.098209,0.097585,0.097897,0.061693,120280
1962-03-19,0.097897,0.098832,0.097897,0.097897,0.061693,561306
1962-03-20,0.097273,0.097273,0.096650,0.096650,0.060907,240560
1962-03-21,0.096338,0.096338,0.095091,0.095091,0.059925,320746
1962-03-22,0.094779,0.094779,0.094155,0.094155,0.059335,120280
1962-03-23,0.094155,0.095403,0.094155,0.094155,0.059335,441026
1962-03-26,0.094155,0.094779,0.093532,0.093532,0.058943,200466
1962-03-27,0.092908,0.092908,0.092285,0.092285,0.058157,240560
1962-03-28,0.091973,0.091973,0.091350,0.091661,0.057763,240560
1962-03-29,0.092285,0.093220,0.092285,0.093220,0.058746,320746
1962-03-30,0.093220,0.093532,0.092597,0.093220,0.058746,441026
1962-04-02,0.093220,0.094155,0.092285,0.092285,0.058157,280653
1962-04-03,0.092285,0.093220,0.091661,0.091661,0.057763,320746
1962-04-04,0.092285,0.092285,0.092285,0.092285,0.058157,160373
1962-04-05,0.092285,0.092597,0.091661,0.091661,0.057763,320746
1962-04-06,0.092597,0.094155,0.092597,0.092597,0.058353,400933
1962-04-09,0.092597,0.093220,0.092597,0.092908,0.058549,400933
1962-04-10,0.092908,0.093220,0.092597,0.092597,0.058353,120280
1962-04-11,0.092597,0.093532,0.091661,0.091661,0.057763,320746
1962-04-12,0.090102,0.090102,0.087296,0.087296,0.055013,962238
1962-04-13,0.087296,0.087296,0.084802,0.086673,0.054620,1202798
1962-04-16,0.086985,0.087920,0.086985,0.087920,0.055406,601399
1962-04-17,0.088855,0.090102,0.088855,0.089791,0.056585,641492
1962-04-18,0.090414,0.091661,0.090414,0.091038,0.057371,641492
1962-04-19,0.091038,0.092597,0.091038,0.091038,0.057371,441026
1962-04-23,0.092285,0.092597,0.092285,0.092285,0.058157,601399
1962-04-24,0.092597,0.094155,0.092597,0.093532,0.058943,521212
1962-04-25,0.093532,0.094467,0.093220,0.093220,0.058746,922145
1962-04-26,0.092908,0.092908,0.091038,0.091038,0.057371,400933
1962-04-27,0.091038,0.091661,0.089167,0.089167,0.056192,360839
1962-04-30,0.087608,0.087608,0.085738,0.085738,0.054031,441026
1962-05-01,0.085738,0.087296,0.085426,0.086673,0.054620,481119
1962-05-02,0.086673,0.087920,0.086049,0.087296,0.055013,320746
1962-05-03,0.087296,0.087296,0.086361,0.086673,0.054620,360839
1962-05-04,0.086673,0.087296,0.086673,0.086673,0.054620,240560
1962-05-07,0.086049,0.086049,0.085426,0.085426,0.053834,320746
1962-05-08,0.085426,0.086673,0.083555,0.083555,0.052655,521212
1962-05-09,0.082308,0.082308,0.080437,0.081061,0.051083,841958
1962-05-10,0.080437,0.080437,0.079814,0.079814,0.050298,561306
1962-05-11,0.079814,0.081061,0.076073,0.077943,0.049119,801865
1962-05-14,0.077943,0.082308,0.077943,0.082308,0.051869,721679
1962-05-15,0.082308,0.082932,0.082308,0.082932,0.052263,360839
1962-05-16,0.082308,0.082308,0.080437,0.080437,0.050690,280653
1962-05-17,0.080437,0.080437,0.078567,0.079190,0.049904,280653
1962-05-18,0.079190,0.079814,0.079190,0.079814,0.050298,360839
1962-05-21,0.079814,0.079814,0.079190,0.079814,0.050298,120280
1962-05-22,0.079814,0.082308,0.079814,0.079814,0.050298,681585
1962-05-23,0.079814,0.079814,0.076073,0.076073,0.047940,761772
1962-05-24,0.076696,0.078567,0.076696,0.076696,0.048333,601399
1962-05-25,0.077632,0.078567,0.077632,0.077943,0.049119,1202798
1962-05-28,0.077943,0.079814,0.077320,0.077320,0.048726,3808860
1962-05-29,0.074202,0.074202,0.070772,0.071708,0.045189,4410258
1962-05-31,0.079814,0.082308,0.079814,0.079814,0.050298,2886715
1962-06-01,0.079814,0.079814,0.077943,0.079814,0.050298,801865
1962-06-04,0.079502,0.079502,0.074826,0.074826,0.047154,681585
1962-06-05,0.074826,0.077320,0.074202,0.077008,0.048529,1964570
1962-06-06,0.077008,0.079502,0.076384,0.079502,0.050101,481119
1962-06-07,0.079502,0.080437,0.076696,0.077320,0.048726,721679
1962-06-08,0.077320,0.079190,0.077320,0.078567,0.049512,681585
1962-06-11,0.077320,0.077320,0.076384,0.077320,0.048726,280653
1962-06-12,0.076073,0.076073,0.074514,0.074514,0.047109,240560
1962-06-13,0.074514,0.074514,0.072331,0.072331,0.045729,721679
1962-06-14,0.071084,0.071084,0.065784,0.065784,0.041590,1523544
1962-06-15,0.065784,0.071396,0.064849,0.071396,0.045138,1523544
1962-06-18,0.071396,0.072331,0.068278,0.072331,0.045729,681585
1962-06-19,0.072331,0.073267,0.070461,0.072331,0.045729,400933
1962-06-20,0.072331,0.072331,0.070461,0.071084,0.044941,160373
1962-06-21,0.069837,0.069837,0.068902,0.069837,0.044152,1042425
1962-06-22,0.069525,0.069525,0.067967,0.067967,0.042970,521212
1962-06-25,0.067343,0.067343,0.065161,0.065161,0.041196,280653
1962-06-26,0.065161,0.066719,0.065161,0.065161,0.041196,561306
1962-06-27,0.066096,0.067967,0.066096,0.067967,0.042970,841958
1962-06-28,0.067967,0.068590,0.067343,0.067967,0.042970,360839
1962-06-29,0.067967,0.068278,0.066719,0.066719,0.042181,641492
1962-07-02,0.065472,0.067343,0.065472,0.067343,0.042576,200466
1962-07-03,0.067343,0.070772,0.067343,0.070772,0.044744,801865
1962-07-05,0.070772,0.071084,0.069214,0.069837,0.044152,400933
1962-07-06,0.068590,0.068590,0.067967,0.067967,0.042970,441026
1962-07-09,0.067967,0.067967,0.067967,0.067967,0.042970,40093
1962-07-10,0.070461,0.071084,0.070461,0.071084,0.044941,1002331
1962-07-11,0.071084,0.074202,0.070149,0.074202,0.046912,1924476
1962-07-12,0.074202,0.074202,0.072643,0.073578,0.046518,801865
1962-07-13,0.073267,0.073267,0.072643,0.073267,0.046321,120280
1962-07-16,0.072955,0.072955,0.072331,0.072331,0.045729,160373
1962-07-17,0.072331,0.072955,0.071084,0.071084,0.044941,320746
1962-07-18,0.069837,0.069837,0.069837,0.069837,0.044152,200466
1962-07-19,0.069837,0.070461,0.069837,0.070461,0.044547,240560
1962-07-20,0.070461,0.071708,0.070461,0.071708,0.045335,320746
1962-07-23,0.071708,0.071708,0.070461,0.070461,0.044547,200466
1962-07-24,0.070461,0.071708,0.069837,0.069837,0.044152,681585
1962-07-25,0.068902,0.068902,0.067967,0.068590,0.043364,801865
1962-07-26,0.067967,0.067967,0.067031,0.067031,0.042378,521212
1962-07-27,0.067031,0.067343,0.066719,0.067343,0.042576,160373
1962-07-30,0.067967,0.068278,0.067967,0.067967,0.042970,320746
1962-07-31,0.068278,0.069214,0.068278,0.068590,0.043364,922145
1962-08-01,0.068590,0.068590,0.068278,0.068590,0.043364,280653
1962-08-02,0.069525,0.070461,0.069525,0.070461,0.044547,320746
1962-08-03,0.070461,0.071396,0.069214,0.069214,0.043759,360839
1962-08-06,0.070149,0.071084,0.070149,0.071084,0.044941,481119
1962-08-07,0.071084,0.071084,0.071084,0.071084,0.044941,200466
1962-08-08,0.071084,0.072331,0.071084,0.072331,0.045729,441026
1962-08-09,0.072331,0.072331,0.072020,0.072331,0.045729,882052
1962-08-10,0.072020,0.072020,0.071084,0.071084,0.044941,561306
1962-08-13,0.070772,0.070772,0.069837,0.070772,0.044744,280653
1962-08-14,0.071396,0.071708,0.071396,0.071708,0.045335,521212
1962-08-15,0.072020,0.073267,0.072020,0.072020,0.045533,1323078
1962-08-16,0.072020,0.073578,0.071396,0.072955,0.046124,721679
1962-08-17,0.072955,0.074826,0.072331,0.074826,0.047307,641492
1962-08-20,0.075449,0.078567,0.075449,0.078567,0.049672,1363171
1962-08-21,0.078567,0.079814,0.078567,0.078567,0.049672,761772
1962-08-22,0.078567,0.079502,0.077943,0.079502,0.050263,280653
1962-08-23,0.079502,0.079502,0.077320,0.078255,0.049474,441026
1962-08-24,0.078879,0.080749,0.078879,0.080749,0.051051,641492
1962-08-27,0.080749,0.081373,0.079502,0.079502,0.050263,561306
1962-08-28,0.079502,0.079814,0.076384,0.076384,0.048292,240560
1962-08-29,0.076384,0.079190,0.074826,0.078567,0.049672,521212
1962-08-30,0.078567,0.078879,0.077320,0.077320,0.048883,200466
1962-08-31,0.077943,0.078567,0.077943,0.077943,0.049277,240560
1962-09-04,0.077320,0.077320,0.075761,0.075761,0.047898,200466
1962-09-05,0.074826,0.074826,0.073890,0.073890,0.046715,120280
1962-09-06,0.073890,0.074826,0.073890,0.074826,0.047307,240560
1962-09-07,0.074826,0.074826,0.073890,0.073890,0.046715,160373
1962-09-10,0.073578,0.073578,0.072955,0.072955,0.046124,200466
1962-09-11,0.072955,0.073578,0.072643,0.073578,0.046677,240560
1962-09-12,0.074202,0.074202,0.074202,0.074202,0.047073,40093
1962-09-13,0.074202,0.074202,0.072955,0.073578,0.046677,320746
1962-09-14,0.072955,0.072955,0.071708,0.072020,0.045689,240560
1962-09-17,0.071708,0.071708,0.071084,0.071084,0.045095,160373
1962-09-18,0.071084,0.072020,0.070772,0.071084,0.045095,240560
1962-09-19,0.071708,0.072331,0.071708,0.071708,0.045491,200466
1962-09-20,0.071084,0.071084,0.070772,0.070772,0.044897,80187
1962-09-21,0.070149,0.070149,0.068590,0.068590,0.043513,360839
1962-09-24,0.068590,0.068590,0.066719,0.067343,0.042722,601399
1962-09-25,0.067343,0.067343,0.066096,0.066719,0.042326,521212
1962-09-26,0.066408,0.066408,0.066096,0.066096,0.041930,400933
1962-09-27,0.066096,0.066096,0.065472,0.065472,0.041535,200466
1962-09-28,0.064849,0.064849,0.063913,0.063913,0.040546,841958
1962-10-01,0.063913,0.064849,0.062355,0.062355,0.039557,441026
1962-10-02,0.062355,0.064225,0.061731,0.063602,0.040348,761772
1962-10-03,0.064225,0.064849,0.064225,0.064849,0.041139,320746
1962-10-04,0.064225,0.064225,0.063913,0.063913,0.040546,120280
1962-10-05,0.064225,0.065784,0.064225,0.064849,0.041139,441026
1962-10-08,0.064849,0.064849,0.064849,0.064849,0.041139,80187
1962-10-09,0.064849,0.065161,0.064225,0.065161,0.041337,320746
1962-10-10,0.064849,0.064849,0.063290,0.063290,0.040150,200466
1962-10-11,0.063290,0.063602,0.062978,0.063602,0.040348,80187
1962-10-12,0.062978,0.062978,0.062355,0.062978,0.039952,160373
1962-10-15,0.062978,0.063602,0.062666,0.062978,0.039952,400933
1962-10-16,0.063290,0.063290,0.063290,0.063290,0.040150,40093
1962-10-17,0.063290,0.063290,0.062355,0.063290,0.040150,200466
1962-10-18,0.062978,0.062978,0.062666,0.062666,0.039754,160373
1962-10-19,0.062666,0.062978,0.061108,0.061108,0.038766,561306
1962-10-22,0.060796,0.060796,0.055807,0.058302,0.036986,1122611
1962-10-23,0.055496,0.055496,0.052378,0.054560,0.034612,1242891
1962-10-24,0.054560,0.056743,0.052690,0.056743,0.035997,3127274
1962-10-25,0.056743,0.057054,0.055807,0.056119,0.035601,280653
1962-10-26,0.054872,0.054872,0.053625,0.053625,0.034019,240560
1962-10-29,0.057366,0.059549,0.057366,0.057990,0.036788,1002331
1962-10-30,0.057990,0.062355,0.057366,0.061731,0.039161,882052
1962-10-31,0.061731,0.062043,0.059860,0.059860,0.037974,400933
1962-11-01,0.060484,0.062355,0.060484,0.062355,0.039557,240560
1962-11-02,0.062978,0.064849,0.062978,0.064537,0.040941,1082518
1962-11-05,0.066408,0.067967,0.066408,0.067031,0.042524,1282984
1962-11-07,0.067031,0.067343,0.063602,0.066719,0.042326,1002331
1962-11-08,0.066719,0.067967,0.066408,0.067655,0.042919,481119
1962-11-09,0.067655,0.067967,0.066719,0.067343,0.042722,681585
1962-11-12,0.068902,0.071084,0.068902,0.071084,0.045095,601399
1962-11-13,0.071084,0.072020,0.069837,0.069837,0.044304,1122611
1962-11-14,0.070461,0.072643,0.070461,0.072331,0.045886,601399
1962-11-15,0.072331,0.073267,0.070149,0.070149,0.044502,601399
1962-11-16,0.070461,0.074202,0.070461,0.072331,0.045886,441026
1962-11-19,0.072955,0.074514,0.072955,0.074514,0.047271,681585
1962-11-20,0.074514,0.076073,0.073578,0.076073,0.048260,801865
1962-11-21,0.076073,0.076384,0.074514,0.076073,0.048260,481119
1962-11-23,0.076073,0.076073,0.072955,0.074826,0.047469,801865
1962-11-26,0.074826,0.076384,0.072643,0.072643,0.046084,641492
1962-11-27,0.073578,0.074826,0.073578,0.074826,0.047469,400933
1962-11-28,0.074826,0.075761,0.074826,0.075137,0.047666,681585
1962-11-29,0.075137,0.075761,0.074514,0.074826,0.047469,561306
1962-11-30,0.074826,0.074826,0.069837,0.071396,0.045293,2405596
1962-12-03,0.072020,0.072331,0.072020,0.072020,0.045689,400933
1962-12-04,0.072020,0.073578,0.072020,0.073267,0.046480,721679
1962-12-05,0.073267,0.073890,0.072955,0.072955,0.046282,1002331
1962-12-06,0.072955,0.072955,0.072331,0.072955,0.046282,360839
1962-12-07,0.072331,0.072331,0.071396,0.071396,0.045293,360839
1962-12-10,0.071396,0.071396,0.070149,0.070149,0.044502,360839
1962-12-11,0.070772,0.071084,0.070772,0.070772,0.044897,240560
1962-12-12,0.070772,0.072331,0.070772,0.072331,0.045886,320746
1962-12-13,0.072331,0.072331,0.071708,0.071708,0.045491,280653
1962-12-14,0.071084,0.071084,0.069214,0.069837,0.044304,841958
1962-12-17,0.069837,0.071084,0.069214,0.071084,0.045095,320746
1962-12-18,0.071290,0.071290,0.070327,0.070327,0.044776,544957
1962-12-19,0.070327,0.070648,0.070006,0.070006,0.044572,272478
1962-12-20,0.072575,0.073859,0.072575,0.073217,0.046616,1479169
1962-12-21,0.073217,0.074501,0.073217,0.073217,0.046616,583882
1962-12-24,0.073538,0.077070,0.073538,0.077070,0.049070,973137
1962-12-26,0.077070,0.077070,0.076107,0.077070,0.049070,544957
1962-12-27,0.077070,0.077070,0.076107,0.076107,0.048456,233553
1962-12-28,0.076107,0.076428,0.074501,0.075465,0.048048,778510
1962-12-31,0.074501,0.074501,0.071290,0.072253,0.046003,1245616
1963-01-02,0.072253,0.074822,0.071290,0.073859,0.047025,739584
1963-01-03,0.074180,0.078355,0.074180,0.077713,0.049479,1167765
1963-01-04,0.078676,0.079639,0.078676,0.079639,0.050705,700659
1963-01-07,0.079639,0.079639,0.077713,0.078676,0.050092,583882
1963-01-08,0.078997,0.079639,0.078997,0.079639,0.050705,544957
1963-01-09,0.079639,0.079639,0.078676,0.079318,0.050501,1479169
1963-01-10,0.079639,0.083172,0.079639,0.083172,0.052955,1479169
1963-01-11,0.083172,0.083172,0.082208,0.082851,0.052750,973137
1963-01-14,0.082851,0.087025,0.081566,0.086704,0.055203,1829498
1963-01-15,0.086704,0.087989,0.086062,0.086383,0.054999,1518094
1963-01-16,0.086062,0.086062,0.084135,0.084777,0.053977,856361
1963-01-17,0.084777,0.085741,0.084456,0.085741,0.054590,583882
1963-01-18,0.085741,0.087025,0.085741,0.085741,0.054590,467106
1963-01-21,0.085741,0.086383,0.084135,0.084777,0.053977,350329
1963-01-22,0.084777,0.085420,0.084777,0.084777,0.053977,311404
1963-01-23,0.084777,0.085741,0.083493,0.083493,0.053159,350329
1963-01-24,0.082851,0.082851,0.082208,0.082208,0.052341,973137
1963-01-25,0.082208,0.083493,0.080282,0.082208,0.052341,1985200
1963-01-28,0.082208,0.082208,0.081566,0.081566,0.051932,428180
1963-01-29,0.081566,0.081566,0.080924,0.081245,0.051728,389255
1963-01-30,0.081245,0.082208,0.080924,0.081566,0.051932,622808
1963-01-31,0.081566,0.082208,0.080924,0.080924,0.051523,233553
1963-02-01,0.081887,0.083493,0.081887,0.081887,0.052137,817435
1963-02-04,0.081887,0.082851,0.081566,0.082208,0.052341,428180
1963-02-05,0.082208,0.082851,0.081566,0.082851,0.052750,506031
1963-02-06,0.082851,0.082851,0.079639,0.080282,0.051115,1518094
1963-02-07,0.080924,0.081245,0.080924,0.080924,0.051523,389255
1963-02-08,0.080282,0.080282,0.079960,0.079960,0.050910,350329
1963-02-11,0.080282,0.081245,0.080282,0.080603,0.051319,817435
1963-02-12,0.080282,0.080282,0.079960,0.079960,0.050910,194627
1963-02-13,0.080282,0.083172,0.080282,0.083172,0.052955,934212
1963-02-14,0.083172,0.083493,0.081566,0.081566,0.051932,272478
1963-02-15,0.084135,0.084777,0.082208,0.084777,0.053977,700659
1963-02-18,0.085741,0.087989,0.085741,0.086704,0.055203,1284541
1963-02-19,0.086704,0.087346,0.086062,0.086704,0.055203,1012063
1963-02-20,0.086704,0.087989,0.086704,0.087989,0.056022,1089914
1963-02-21,0.087989,0.088631,0.086062,0.087989,0.056022,1206690
1963-02-25,0.087989,0.089594,0.087346,0.089273,0.056839,1634871
1963-02-26,0.089915,0.090879,0.089915,0.090879,0.057862,2140902
1963-02-27,0.089915,0.089915,0.086704,0.086704,0.055203,1128839
1963-02-28,0.086704,0.087346,0.085741,0.086704,0.055203,428180
1963-03-01,0.086704,0.087025,0.083493,0.084135,0.053568,583882
1963-03-04,0.084135,0.087025,0.084135,0.087025,0.055408,778510
1963-03-05,0.087025,0.087989,0.087025,0.087346,0.055612,544957
1963-03-06,0.087346,0.087989,0.086704,0.087667,0.055817,506031
1963-03-07,0.087667,0.088310,0.087667,0.088310,0.056226,700659
1963-03-08,0.087989,0.087989,0.087346,0.087667,0.055817,194627
1963-03-11,0.087989,0.088631,0.087989,0.088631,0.056430,233553
1963-03-12,0.088310,0.089915,0.088310,0.089915,0.057414,817435
1963-03-13,0.089915,0.091200,0.089273,0.089915,0.057414,856361
1963-03-14,0.089915,0.089915,0.088631,0.088631,0.056594,233553
1963-03-15,0.088631,0.088631,0.087346,0.087346,0.055774,194627
1963-03-18,0.087346,0.088310,0.087346,0.087346,0.055774,272478
1963-03-19,0.087346,0.089273,0.085741,0.085741,0.054749,272478
1963-03-20,0.085741,0.087667,0.085098,0.087025,0.055569,778510
1963-03-21,0.087025,0.087667,0.085741,0.085741,0.054749,233553
1963-03-22,0.085741,0.086704,0.085420,0.086704,0.055364,311404
1963-03-25,0.086704,0.087346,0.086062,0.086704,0.055364,194627
1963-03-26,0.086704,0.087346,0.086704,0.086704,0.055364,233553
1963-03-27,0.087346,0.088310,0.087346,0.088310,0.056389,272478
1963-03-28,0.088310,0.088310,0.087346,0.087346,0.055774,661733
1963-03-29,0.087346,0.087346,0.086704,0.087025,0.055569,155702
1963-04-01,0.087025,0.087989,0.086704,0.086704,0.055364,155702
1963-04-02,0.087025,0.087989,0.087025,0.087989,0.056185,389255
1963-04-03,0.087989,0.088631,0.087989,0.087989,0.056185,467106
1963-04-04,0.088952,0.089273,0.088952,0.089273,0.057004,311404
1963-04-05,0.089273,0.089594,0.088631,0.088631,0.056594,350329
1963-04-08,0.088631,0.089594,0.088631,0.088952,0.056799,622808
1963-04-09,0.088952,0.089594,0.086704,0.087989,0.056185,934212
1963-04-10,0.087346,0.087346,0.086062,0.086062,0.054954,661733
1963-04-11,0.086062,0.086383,0.086062,0.086383,0.055159,544957
1963-04-15,0.086383,0.087346,0.086062,0.087025,0.055569,661733
1963-04-16,0.087025,0.087025,0.086062,0.086383,0.055159,428180
1963-04-17,0.086383,0.086383,0.085098,0.085098,0.054338,544957
1963-04-18,0.085098,0.085741,0.085098,0.085741,0.054749,194627
1963-04-19,0.085741,0.086062,0.085420,0.085420,0.054544,155702
1963-04-22,0.085420,0.085420,0.083814,0.083814,0.053519,311404
1963-04-23,0.083814,0.084777,0.083493,0.084777,0.054134,350329
1963-04-24,0.084777,0.084777,0.082851,0.082851,0.052904,622808
1963-04-25,0.082851,0.083493,0.082851,0.083493,0.053314,467106
1963-04-26,0.084135,0.085420,0.084135,0.085098,0.054338,622808
1963-04-29,0.086062,0.088310,0.086062,0.086383,0.055159,1362392
1963-04-30,0.086062,0.086062,0.085420,0.086062,0.054954,428180
1963-05-01,0.086704,0.089594,0.086704,0.089273,0.057004,1050988
1963-05-02,0.089273,0.094411,0.088952,0.093769,0.059875,2646934
1963-05-03,0.093127,0.093127,0.091842,0.093127,0.059465,1167765
1963-05-06,0.093127,0.093127,0.091521,0.091842,0.058645,895286
1963-05-07,0.091842,0.092163,0.090236,0.090558,0.057825,700659
1963-05-08,0.091200,0.092806,0.091200,0.092806,0.059260,389255
1963-05-09,0.092806,0.093769,0.092806,0.092806,0.059260,661733
1963-05-10,0.092806,0.093448,0.091200,0.091521,0.058440,506031
1963-05-13,0.091521,0.092806,0.091521,0.091842,0.058645,622808
1963-05-14,0.091842,0.091842,0.091521,0.091521,0.058440,233553
1963-05-15,0.091521,0.091842,0.091521,0.091521,0.058440,194627
1963-05-16,0.091200,0.091200,0.090236,0.090236,0.057619,194627
1963-05-17,0.090236,0.090558,0.089915,0.089915,0.057414,350329
1963-05-20,0.089594,0.089594,0.089273,0.089594,0.057209,467106
1963-05-21,0.089594,0.090879,0.089273,0.089915,0.057414,1012063
1963-05-22,0.089915,0.091200,0.089594,0.091200,0.058235,739584
1963-05-23,0.091521,0.092484,0.091521,0.092163,0.058850,700659
1963-05-24,0.091200,0.091200,0.090558,0.090558,0.057825,155702
1963-05-27,0.090236,0.090236,0.089594,0.089915,0.057414,739584
1963-05-28,0.089915,0.090558,0.089915,0.089915,0.057414,506031
1963-05-29,0.089915,0.089915,0.088952,0.088952,0.056799,700659
1963-05-31,0.088952,0.089915,0.088952,0.089915,0.057414,622808
1963-06-03,0.089915,0.091521,0.088631,0.088631,0.056594,778510
1963-06-04,0.088631,0.088631,0.087989,0.088631,0.056594,350329
1963-06-05,0.088631,0.091200,0.088631,0.089273,0.057004,1829498
1963-06-06,0.089594,0.090879,0.089594,0.089915,0.057414,700659
1963-06-07,0.089915,0.092163,0.089273,0.092163,0.059018,934212
1963-06-10,0.092163,0.092806,0.091842,0.092163,0.059018,1012063
1963-06-11,0.092163,0.093448,0.092163,0.092484,0.059224,1206690
1963-06-12,0.093448,0.096338,0.093448,0.096017,0.061486,2685859
1963-06-13,0.096017,0.097944,0.096017,0.096017,0.061486,1751647
1963-06-14,0.096017,0.096980,0.094090,0.095696,0.061281,856361
1963-06-17,0.096338,0.097301,0.096338,0.097301,0.062309,1362392
1963-06-18,0.097301,0.098265,0.097301,0.098265,0.062926,856361
1963-06-19,0.098265,0.101155,0.098265,0.098907,0.063337,2218753
1963-06-20,0.098907,0.099870,0.096659,0.099549,0.063748,1012063
1963-06-21,0.099549,0.099870,0.098907,0.099870,0.063954,661733
1963-06-24,0.099870,0.099870,0.099228,0.099870,0.063954,467106
1963-06-25,0.099870,0.101476,0.099870,0.100191,0.064159,1206690
1963-06-26,0.099549,0.099549,0.097622,0.097622,0.062514,739584
1963-06-27,0.097622,0.097944,0.094090,0.094090,0.060252,973137
1963-06-28,0.094732,0.096980,0.094732,0.096980,0.062103,622808
1963-07-01,0.096338,0.096338,0.095053,0.095696,0.061281,350329
1963-07-02,0.095696,0.097944,0.095696,0.097944,0.062720,700659
1963-07-03,0.098586,0.100191,0.098586,0.099549,0.063748,817435
1963-07-05,0.099549,0.100191,0.098907,0.098907,0.063337,506031
1963-07-08,0.098907,0.098907,0.096980,0.098907,0.063337,583882
1963-07-09,0.098907,0.103724,0.098907,0.103082,0.066011,6072377
1963-07-10,0.103082,0.105008,0.101476,0.104045,0.066627,3230816
1963-07-11,0.104045,0.106293,0.101797,0.102439,0.065599,2179828
1963-07-12,0.102439,0.104045,0.101476,0.101797,0.065188,934212
1963-07-15,0.101797,0.102760,0.100513,0.100834,0.064571,544957
1963-07-16,0.100834,0.100834,0.100513,0.100513,0.064366,311404
1963-07-17,0.100191,0.100191,0.096980,0.098265,0.062926,1985200
1963-07-18,0.098265,0.098907,0.097944,0.097944,0.062720,350329
1963-07-19,0.098265,0.099870,0.098265,0.098265,0.062926,973137
1963-07-22,0.098265,0.099549,0.095696,0.097622,0.062514,661733
1963-07-23,0.097622,0.099549,0.097622,0.097622,0.062514,778510
1963-07-24,0.097944,0.099549,0.097944,0.099228,0.063543,622808
1963-07-25,0.099228,0.100513,0.098907,0.098907,0.063337,661733
1963-07-26,0.098907,0.101476,0.098907,0.099549,0.063748,856361
1963-07-29,0.100513,0.103082,0.100513,0.100513,0.064366,1518094
1963-07-30,0.101155,0.102118,0.101155,0.101476,0.064982,817435
1963-07-31,0.101476,0.102760,0.101155,0.101476,0.064982,700659
1963-08-01,0.101476,0.101476,0.099549,0.099549,0.063748,467106
1963-08-02,0.099549,0.100191,0.099228,0.099870,0.063954,311404
1963-08-05,0.099870,0.100191,0.099870,0.100191,0.064159,506031
1963-08-06,0.100191,0.103724,0.100191,0.103724,0.066422,11794425
1963-08-07,0.104045,0.105651,0.104045,0.104366,0.066833,3230816
1963-08-08,0.104366,0.105651,0.104366,0.105008,0.067244,2063051
1963-08-09,0.105651,0.109183,0.105651,0.109183,0.069918,5916675
1963-08-12,0.109504,0.111431,0.109504,0.110146,0.070534,2802636
1963-08-13,0.110146,0.111431,0.109504,0.110146,0.070534,3347592
1963-08-14,0.110789,0.114321,0.110789,0.114321,0.073208,3347592
1963-08-15,0.114321,0.115605,0.114000,0.114321,0.073208,3464369
1963-08-16,0.114321,0.114642,0.110467,0.110467,0.070740,2063051
1963-08-19,0.111752,0.113036,0.111752,0.112394,0.071974,934212
1963-08-20,0.112394,0.113679,0.111752,0.111752,0.071563,895286
1963-08-21,0.111752,0.112715,0.110789,0.110789,0.070946,1206690
1963-08-22,0.110789,0.113036,0.110789,0.113036,0.072385,817435
1963-08-23,0.113036,0.113679,0.112073,0.112073,0.071768,622808
1963-08-26,0.112073,0.114642,0.112073,0.114000,0.073002,1206690
1963-08-27,0.114000,0.114963,0.113036,0.113036,0.072385,1245616
1963-08-28,0.113036,0.115605,0.112394,0.115605,0.074030,2569083
1963-08-29,0.115927,0.117211,0.115927,0.116569,0.074647,1829498
1963-08-30,0.115927,0.115927,0.114963,0.114963,0.073619,700659
1963-09-03,0.114963,0.115605,0.114321,0.114321,0.073208,856361
1963-09-04,0.114321,0.114963,0.111752,0.111752,0.071563,856361
1963-09-05,0.111752,0.113036,0.111752,0.112394,0.071974,778510
1963-09-06,0.112394,0.112394,0.109183,0.111110,0.071315,1751647
1963-09-09,0.110467,0.110467,0.106935,0.107256,0.068841,2101977
1963-09-10,0.107256,0.110789,0.107256,0.110146,0.070696,1284541
1963-09-11,0.111752,0.114321,0.111752,0.112394,0.072139,2608008
1963-09-12,0.112394,0.113679,0.111431,0.113679,0.072964,1401318
1963-09-13,0.113679,0.116569,0.113679,0.116569,0.074818,2685859
1963-09-16,0.116569,0.119138,0.116248,0.116248,0.074612,2179828
1963-09-17,0.116248,0.116248,0.114321,0.114321,0.073376,895286
1963-09-18,0.114321,0.114963,0.112073,0.112073,0.071933,739584
1963-09-19,0.112073,0.114321,0.112073,0.112073,0.071933,778510
1963-09-20,0.112073,0.112394,0.110467,0.110467,0.070902,467106
1963-09-23,0.110467,0.110789,0.109825,0.110789,0.071109,350329
1963-09-24,0.110467,0.110467,0.108862,0.110467,0.070902,1206690
1963-09-25,0.110467,0.111431,0.108541,0.110146,0.070696,1012063
1963-09-26,0.109825,0.109825,0.107898,0.107898,0.069253,1206690
1963-09-27,0.107898,0.109183,0.107898,0.108541,0.069666,895286
1963-09-30,0.108541,0.109825,0.105972,0.107577,0.069047,1284541
1963-10-01,0.107898,0.110467,0.107898,0.110467,0.070902,661733
1963-10-02,0.110467,0.113036,0.110467,0.113036,0.072551,856361
1963-10-03,0.113679,0.115605,0.113679,0.114642,0.073582,934212
1963-10-04,0.114642,0.115605,0.113679,0.114000,0.073170,700659
1963-10-07,0.114000,0.114963,0.112394,0.112394,0.072139,389255
1963-10-08,0.111752,0.111752,0.110467,0.110467,0.070902,272478
1963-10-09,0.110467,0.111431,0.109825,0.110467,0.070902,1518094
1963-10-10,0.110467,0.112073,0.110467,0.112073,0.071933,700659
1963-10-11,0.112073,0.113679,0.111752,0.112394,0.072139,506031
1963-10-14,0.113358,0.115284,0.113358,0.113679,0.072964,622808
1963-10-15,0.113679,0.114963,0.113358,0.114963,0.073788,1245616
1963-10-16,0.114963,0.115284,0.114642,0.114642,0.073582,1167765
1963-10-17,0.114642,0.115927,0.114321,0.115605,0.074200,9108566
1963-10-18,0.115605,0.115927,0.114642,0.115927,0.074406,5644197
1963-10-21,0.115927,0.116569,0.115605,0.115927,0.074406,1479169
1963-10-22,0.115605,0.115605,0.113036,0.113679,0.072964,1907349
1963-10-23,0.113679,0.115284,0.113679,0.114321,0.073376,856361
1963-10-24,0.114321,0.114963,0.113679,0.114642,0.073582,1050988
1963-10-25,0.114000,0.114000,0.113036,0.113036,0.072551,428180
1963-10-28,0.113036,0.114642,0.113036,0.113036,0.072551,1012063
1963-10-29,0.113036,0.114000,0.113036,0.113036,0.072551,856361
1963-10-30,0.113036,0.113679,0.111752,0.111752,0.071727,583882
1963-10-31,0.111110,0.111110,0.109825,0.110467,0.070902,389255
1963-11-01,0.110467,0.111752,0.110467,0.111752,0.071727,739584
1963-11-04,0.111752,0.111752,0.109504,0.110146,0.070696,467106
1963-11-06,0.108862,0.108862,0.107256,0.107256,0.068841,895286
1963-11-07,0.108220,0.110146,0.108220,0.110146,0.070696,467106
1963-11-08,0.110467,0.114000,0.110467,0.114000,0.073170,1284541
1963-11-11,0.114000,0.114963,0.113679,0.114321,0.073376,1829498
1963-11-12,0.114321,0.114321,0.112394,0.113036,0.072551,1167765
1963-11-13,0.112394,0.112394,0.110467,0.112073,0.071933,1284541
1963-11-14,0.112073,0.113036,0.112073,0.112394,0.072139,1634871
1963-11-15,0.111752,0.111752,0.107898,0.107898,0.069253,856361
1963-11-18,0.107898,0.107898,0.103403,0.104045,0.066780,1985200
1963-11-19,0.105008,0.106614,0.105008,0.105329,0.067604,934212
1963-11-20,0.105329,0.106614,0.104366,0.104366,0.066986,1128839
1963-11-21,0.104366,0.105008,0.101476,0.101476,0.065131,895286
1963-11-22,0.101476,0.102760,0.098586,0.098586,0.063276,1985200
1963-11-26,0.102760,0.104687,0.102760,0.104045,0.066780,2802636
1963-11-27,0.104687,0.106293,0.104687,0.105972,0.068017,1128839
1963-11-29,0.105972,0.109183,0.105972,0.109183,0.070078,1012063
1963-12-02,0.109183,0.109825,0.106935,0.108541,0.069666,817435
1963-12-03,0.108541,0.108541,0.107256,0.107898,0.069253,272478
1963-12-04,0.107898,0.108541,0.107256,0.107577,0.069047,350329
1963-12-05,0.107577,0.108220,0.105972,0.105972,0.068017,1362392
1963-12-06,0.105972,0.106935,0.104045,0.104045,0.066780,661733
1963-12-09,0.104045,0.104045,0.103082,0.104045,0.066780,428180
1963-12-10,0.104687,0.105651,0.104687,0.104687,0.067192,389255
1963-12-11,0.104687,0.105329,0.104366,0.104687,0.067192,389255
1963-12-12,0.104687,0.105329,0.104366,0.105329,0.067604,544957
1963-12-13,0.102760,0.102760,0.102118,0.102760,0.066117,544957
1963-12-16,0.102760,0.102760,0.102118,0.102439,0.065910,311404
1963-12-17,0.101476,0.101476,0.098586,0.098586,0.063431,778510
1963-12-18,0.098586,0.100191,0.096980,0.100191,0.064464,1323467
1963-12-19,0.100191,0.100191,0.098907,0.099228,0.063844,506031
1963-12-20,0.098586,0.098586,0.097622,0.098265,0.063224,311404
1963-12-23,0.098265,0.100191,0.097944,0.099549,0.064051,389255
1963-12-24,0.099549,0.100191,0.097944,0.100191,0.064464,856361
1963-12-26,0.100191,0.100191,0.096980,0.097301,0.062604,1479169
1963-12-27,0.097301,0.097622,0.096659,0.096980,0.062398,1362392
1963-12-30,0.096980,0.097944,0.096980,0.097622,0.062811,778510
1963-12-31,0.097622,0.101476,0.096980,0.101476,0.065290,1362392
1964-01-02,0.101476,0.102439,0.101476,0.102118,0.065704,350329
1964-01-03,0.102439,0.105972,0.102439,0.105329,0.067770,1206690
1964-01-06,0.105329,0.105329,0.103082,0.103082,0.066324,583882
1964-01-07,0.103082,0.104045,0.102760,0.104045,0.066943,700659
1964-01-08,0.102760,0.102760,0.101476,0.102118,0.065704,1050988
1964-01-09,0.102118,0.103403,0.100834,0.102118,0.065704,1518094
1964-01-10,0.102118,0.103403,0.101476,0.102118,0.065704,817435
1964-01-13,0.101476,0.101476,0.100191,0.100834,0.064877,583882
1964-01-14,0.100191,0.100191,0.098907,0.100191,0.064464,700659
1964-01-15,0.100191,0.100834,0.098907,0.098907,0.063638,700659
1964-01-16,0.098907,0.099549,0.098586,0.098907,0.063638,389255
1964-01-17,0.099549,0.102118,0.099549,0.099549,0.064051,817435
1964-01-20,0.100191,0.102118,0.100191,0.101155,0.065084,778510
1964-01-21,0.101155,0.102118,0.100191,0.101155,0.065084,739584
1964-01-22,0.101797,0.102760,0.101797,0.101797,0.065497,934212
1964-01-23,0.102118,0.103403,0.102118,0.102439,0.065910,778510
1964-01-24,0.102760,0.103403,0.102760,0.102760,0.066117,934212
1964-01-27,0.102760,0.103724,0.102760,0.102760,0.066117,739584
1964-01-28,0.102760,0.102760,0.101797,0.101797,0.065497,272478
1964-01-29,0.101797,0.102439,0.100513,0.100513,0.064671,389255
1964-01-30,0.100513,0.100834,0.100191,0.100191,0.064464,389255
1964-01-31,0.100513,0.101155,0.100513,0.100513,0.064671,311404
1964-02-03,0.101476,0.102760,0.101476,0.102439,0.065910,544957
1964-02-04,0.102439,0.102439,0.101797,0.102118,0.065704,739584
1964-02-05,0.102760,0.103724,0.102760,0.103724,0.066737,817435
1964-02-06,0.103724,0.104687,0.103724,0.104366,0.067150,895286
1964-02-07,0.105008,0.107577,0.105008,0.106614,0.068596,1829498
1964-02-10,0.106935,0.107898,0.106935,0.107898,0.069422,389255
1964-02-11,0.107577,0.107577,0.105972,0.105972,0.068183,506031
1964-02-12,0.105972,0.106935,0.105972,0.105972,0.068183,1012063
1964-02-13,0.105972,0.106935,0.105329,0.105329,0.067770,856361
1964-02-14,0.105329,0.105651,0.104045,0.105651,0.067977,778510
1964-02-17,0.105651,0.106293,0.105651,0.106293,0.068390,311404
1964-02-18,0.106293,0.106614,0.105329,0.105651,0.067977,700659
1964-02-19,0.105972,0.106935,0.105972,0.105972,0.068183,661733
1964-02-20,0.105972,0.106614,0.105329,0.105329,0.067770,700659
1964-02-24,0.105651,0.107256,0.105651,0.107256,0.069009,700659
1964-02-25,0.107256,0.107256,0.105329,0.105329,0.067770,583882
1964-02-26,0.105329,0.106293,0.105329,0.105329,0.067770,700659
1964-02-27,0.105329,0.105972,0.104045,0.104045,0.066943,389255
1964-02-28,0.103403,0.103403,0.102760,0.103403,0.066530,544957
1964-03-02,0.103082,0.103082,0.102439,0.102760,0.066117,389255
1964-03-03,0.102118,0.102118,0.101476,0.101797,0.065497,428180
1964-03-04,0.101476,0.101476,0.100191,0.100191,0.064464,428180
1964-03-05,0.100191,0.101476,0.099549,0.101155,0.065084,544957
1964-03-06,0.101155,0.102760,0.100834,0.102760,0.066117,544957
1964-03-09,0.102760,0.103724,0.102760,0.103082,0.066324,583882
1964-03-10,0.103082,0.104045,0.103082,0.103403,0.066530,506031
1964-03-11,0.103403,0.104366,0.103403,0.104045,0.066943,661733
1964-03-12,0.104045,0.105008,0.104045,0.104045,0.066943,661733
1964-03-13,0.104045,0.104687,0.103724,0.104045,0.067109,661733
1964-03-16,0.104045,0.107577,0.103403,0.107577,0.069387,2101977
1964-03-17,0.107898,0.111431,0.107898,0.111431,0.071873,2724785
1964-03-18,0.111752,0.115284,0.111752,0.115284,0.074358,4826761
1964-03-19,0.115284,0.115605,0.114321,0.114963,0.074151,2608008
1964-03-20,0.114321,0.114321,0.110467,0.112394,0.072494,2179828
1964-03-23,0.113036,0.115605,0.113036,0.115284,0.074358,1907349
1964-03-24,0.115605,0.117532,0.115605,0.116248,0.074980,2608008
1964-03-25,0.116248,0.117853,0.116248,0.117853,0.076015,1284541
1964-03-26,0.117853,0.118174,0.116890,0.118174,0.076222,1985200
1964-03-30,0.118174,0.118817,0.114321,0.114963,0.074151,1829498
1964-03-31,0.114963,0.115605,0.112394,0.112394,0.072494,895286
1964-04-01,0.112394,0.116248,0.112394,0.116248,0.074980,895286
1964-04-02,0.116569,0.118174,0.116569,0.116890,0.075394,1089914
1964-04-03,0.116890,0.118174,0.116569,0.116569,0.075187,1206690
1964-04-06,0.116569,0.117853,0.116248,0.116569,0.075187,2218753
1964-04-07,0.116569,0.116569,0.114321,0.114321,0.073737,1284541
1964-04-08,0.114321,0.115605,0.113036,0.114321,0.073737,1012063
1964-04-09,0.114321,0.117532,0.114321,0.117532,0.075808,4943538
1964-04-10,0.117532,0.122991,0.117532,0.122028,0.078708,9030715
1964-04-13,0.123313,0.127166,0.123313,0.125239,0.080779,5527420
1964-04-14,0.125239,0.126524,0.123313,0.124597,0.080365,2569083
1964-04-15,0.124597,0.124918,0.121386,0.121386,0.078294,2101977
1964-04-16,0.120743,0.120743,0.119780,0.119780,0.077258,856361
1964-04-17,0.119780,0.120422,0.118496,0.120101,0.077465,1518094
1964-04-20,0.120422,0.121707,0.120422,0.121707,0.078501,1206690
1964-04-21,0.121707,0.124276,0.120743,0.123634,0.079744,3697922
1964-04-22,0.123634,0.124276,0.122028,0.122028,0.078708,1050988
1964-04-23,0.122028,0.123313,0.121386,0.122028,0.078708,1518094
1964-04-24,0.121386,0.121386,0.118174,0.119459,0.077051,2802636
1964-04-27,0.118174,0.118174,0.113358,0.116248,0.074980,2569083
1964-04-28,0.116248,0.118496,0.115605,0.117532,0.075808,1440243
1964-04-29,0.117532,0.118174,0.114642,0.114642,0.073944,856361
1964-04-30,0.114642,0.116248,0.114642,0.114642,0.073944,1050988
1964-05-01,0.114963,0.116890,0.114963,0.114963,0.074151,934212
1964-05-04,0.115605,0.118817,0.115605,0.118174,0.076222,1012063
1964-05-05,0.118174,0.120422,0.118174,0.119138,0.076844,1790573
1964-05-06,0.119138,0.119780,0.118174,0.119780,0.077258,1595945
1964-05-07,0.120101,0.121065,0.120101,0.121065,0.078087,1595945
1964-05-08,0.121065,0.121386,0.120422,0.120743,0.077879,1012063
1964-05-11,0.120743,0.120743,0.119459,0.120422,0.077672,622808
1964-05-12,0.118817,0.118817,0.115927,0.115927,0.074773,1518094
1964-05-13,0.115927,0.117211,0.115605,0.115927,0.074773,1440243
1964-05-14,0.114963,0.114963,0.113679,0.114963,0.074151,1089914
1964-05-15,0.114963,0.115605,0.114321,0.115284,0.074358,661733
1964-05-18,0.115284,0.115605,0.109825,0.110467,0.071251,1634871
1964-05-19,0.110467,0.111431,0.109504,0.111431,0.071873,1012063
1964-05-20,0.111752,0.112073,0.111752,0.111752,0.072080,311404
1964-05-21,0.111752,0.113036,0.111752,0.112073,0.072287,1089914
1964-05-22,0.112394,0.114321,0.112394,0.113679,0.073323,856361
1964-05-25,0.113036,0.113036,0.112394,0.112394,0.072494,272478
1964-05-26,0.112394,0.113036,0.110467,0.110789,0.071459,778510
1964-05-27,0.110789,0.110789,0.109825,0.109825,0.070837,389255
1964-05-28,0.109825,0.111110,0.108220,0.108862,0.070216,544957
1964-06-01,0.107898,0.107898,0.105651,0.106614,0.068766,1089914
1964-06-02,0.105972,0.105972,0.104687,0.105651,0.068145,1284541
1964-06-03,0.105651,0.107577,0.105329,0.105972,0.068352,1479169
1964-06-04,0.105972,0.105972,0.104366,0.104366,0.067316,1284541
1964-06-05,0.104366,0.105008,0.104366,0.104687,0.067523,428180
1964-06-08,0.104366,0.104366,0.102439,0.102760,0.066280,1206690
1964-06-09,0.102760,0.102760,0.097622,0.102760,0.066280,3581145
1964-06-10,0.102760,0.103724,0.102760,0.103082,0.066488,1167765
1964-06-11,0.103082,0.105008,0.102439,0.104045,0.067109,5527420
1964-06-12,0.104045,0.104045,0.102118,0.102118,0.066029,1050988
1964-06-15,0.102760,0.104366,0.102760,0.103403,0.066860,2685859
1964-06-16,0.104045,0.106293,0.104045,0.105329,0.068106,2880487
1964-06-17,0.105329,0.105329,0.105008,0.105329,0.068106,817435
1964-06-18,0.105329,0.107898,0.105329,0.106935,0.069144,5371718
1964-06-19,0.106614,0.106614,0.105329,0.105651,0.068314,622808
1964-06-22,0.105651,0.106614,0.104687,0.104687,0.067690,1790573
1964-06-23,0.104687,0.105651,0.104366,0.104366,0.067483,583882
1964-06-24,0.104366,0.104687,0.102760,0.102760,0.066444,311404
1964-06-25,0.102760,0.103403,0.102118,0.102118,0.066029,739584
1964-06-26,0.102118,0.102118,0.101476,0.101476,0.065614,389255
1964-06-29,0.101476,0.102118,0.101476,0.101476,0.065614,389255
1964-06-30,0.101476,0.101476,0.100191,0.100834,0.065199,1167765
1964-07-01,0.101476,0.104687,0.101476,0.104687,0.067690,973137
1964-07-02,0.105329,0.106614,0.105329,0.106614,0.068936,1206690
1964-07-06,0.106614,0.107898,0.106293,0.107898,0.069767,1868424
1964-07-07,0.107898,0.109504,0.107898,0.109183,0.070598,2374455
1964-07-08,0.109183,0.109183,0.108541,0.109183,0.070598,350329
1964-07-09,0.109183,0.109825,0.108541,0.108541,0.070182,739584
1964-07-10,0.108541,0.109825,0.107898,0.108220,0.069975,661733
1964-07-13,0.108862,0.111110,0.108862,0.111110,0.071844,1362392
1964-07-14,0.111431,0.112073,0.111431,0.111752,0.072259,778510
1964-07-15,0.111752,0.114321,0.111110,0.113036,0.073089,1634871
1964-07-16,0.113036,0.114000,0.113036,0.113036,0.073089,817435
1964-07-17,0.113036,0.113036,0.112073,0.112073,0.072466,389255
1964-07-20,0.112073,0.112394,0.111110,0.111752,0.072259,467106
1964-07-21,0.111752,0.112715,0.111431,0.111431,0.072051,700659
1964-07-22,0.111431,0.111431,0.110467,0.110467,0.071428,389255
1964-07-23,0.110467,0.110467,0.108541,0.108862,0.070390,506031
1964-07-24,0.108541,0.108541,0.108541,0.108541,0.070182,77851
1964-07-27,0.108862,0.109825,0.108862,0.108862,0.070390,350329
1964-07-28,0.108862,0.110467,0.108220,0.110146,0.071220,428180
1964-07-29,0.109504,0.109504,0.107898,0.107898,0.069767,583882
1964-07-30,0.107898,0.107898,0.105329,0.105972,0.068521,817435
1964-07-31,0.105972,0.106935,0.105972,0.105972,0.068521,350329
1964-08-03,0.105972,0.108541,0.105972,0.105972,0.068521,895286
1964-08-04,0.105329,0.105329,0.102760,0.102760,0.066444,739584
1964-08-05,0.102760,0.103403,0.100834,0.102760,0.066444,1012063
1964-08-06,0.102760,0.103724,0.101797,0.101797,0.065822,544957
1964-08-07,0.102439,0.102760,0.102439,0.102760,0.066444,389255
1964-08-10,0.102118,0.102118,0.101476,0.102118,0.066029,467106
1964-08-11,0.102118,0.102118,0.100513,0.100513,0.064992,622808
1964-08-12,0.101155,0.102118,0.101155,0.101797,0.065822,661733
1964-08-13,0.101797,0.104687,0.101476,0.104366,0.067483,661733
1964-08-14,0.104366,0.104366,0.104045,0.104045,0.067275,194627
1964-08-17,0.104045,0.104045,0.102760,0.102760,0.066444,700659
1964-08-18,0.102760,0.102760,0.101476,0.102760,0.066444,817435
1964-08-19,0.102760,0.103403,0.102439,0.102760,0.066444,350329
1964-08-20,0.102118,0.102118,0.101155,0.101797,0.065822,350329
1964-08-21,0.101797,0.101797,0.101155,0.101155,0.065407,233553
1964-08-24,0.101155,0.104045,0.100834,0.104045,0.067275,817435
1964-08-25,0.104045,0.104687,0.103403,0.104045,0.067275,467106
1964-08-26,0.104045,0.104045,0.103403,0.103403,0.066860,155702
1964-08-27,0.103403,0.103724,0.102760,0.103724,0.067068,389255
1964-08-28,0.104366,0.105651,0.104366,0.105651,0.068314,467106
1964-08-31,0.106614,0.107898,0.106614,0.107898,0.069767,895286
1964-09-01,0.108220,0.112394,0.108220,0.111431,0.072051,1751647
1964-09-02,0.112394,0.114963,0.112394,0.114642,0.074127,2179828
1964-09-03,0.114642,0.114963,0.113679,0.114642,0.074127,1362392
1964-09-04,0.114642,0.115605,0.113358,0.113679,0.073505,1479169
1964-09-08,0.113679,0.114000,0.111431,0.111431,0.072051,1206690
1964-09-09,0.111431,0.113036,0.111431,0.113036,0.073089,1128839
1964-09-10,0.113036,0.114000,0.112073,0.114000,0.073712,1323467
1964-09-11,0.114321,0.117211,0.114321,0.116890,0.075581,7473695
1964-09-14,0.116890,0.117532,0.116890,0.116890,0.075581,1634871
1964-09-15,0.116890,0.117532,0.115605,0.115605,0.074750,895286
1964-09-16,0.115605,0.116890,0.114963,0.114963,0.074335,1284541
1964-09-17,0.114963,0.115927,0.114321,0.114321,0.073920,817435
1964-09-18,0.114321,0.116890,0.114000,0.115927,0.074958,2257679
1964-09-21,0.116248,0.118496,0.116248,0.117532,0.075996,1440243
1964-09-22,0.117853,0.120743,0.117853,0.120743,0.078072,2958338
1964-09-23,0.120743,0.122991,0.120743,0.122991,0.079526,2763710
1964-09-24,0.122991,0.123313,0.121386,0.121386,0.078488,1868424
1964-09-25,0.121386,0.122991,0.120743,0.121386,0.078488,1245616
1964-09-28,0.121386,0.122028,0.120743,0.121386,0.078488,1323467
1964-09-29,0.121386,0.122028,0.120101,0.120101,0.077657,1206690
1964-09-30,0.120101,0.120743,0.119459,0.119459,0.077242,1206690
1964-10-01,0.119459,0.119459,0.117532,0.118174,0.076411,934212
1964-10-02,0.118174,0.118496,0.117532,0.117853,0.076204,311404
1964-10-05,0.117532,0.117532,0.115605,0.115605,0.074750,700659
1964-10-06,0.115605,0.116248,0.114963,0.115605,0.074750,583882
1964-10-07,0.115927,0.118174,0.115927,0.118174,0.076411,1089914
1964-10-08,0.118496,0.119459,0.118496,0.118817,0.076827,506031
1964-10-09,0.119780,0.122349,0.119780,0.122028,0.078903,1595945
1964-10-12,0.122028,0.125239,0.122028,0.123313,0.079734,2179828
1964-10-13,0.123313,0.125882,0.123313,0.125560,0.081187,2024126
1964-10-14,0.125560,0.125560,0.124276,0.125239,0.080979,1167765
1964-10-15,0.124276,0.124276,0.118174,0.120743,0.078072,2101977
1964-10-16,0.121386,0.127166,0.121386,0.126524,0.081810,2958338
1964-10-19,0.126524,0.129735,0.126524,0.128772,0.083264,3386518
1964-10-20,0.129093,0.131020,0.129093,0.129093,0.083471,1518094
1964-10-21,0.129093,0.129093,0.125882,0.127166,0.082225,1401318
1964-10-22,0.127166,0.127808,0.126524,0.127166,0.082225,661733
1964-10-23,0.126845,0.126845,0.126203,0.126845,0.082018,506031
1964-10-26,0.126203,0.126203,0.125882,0.126203,0.081603,544957
1964-10-27,0.125882,0.125882,0.124276,0.125239,0.080979,895286
1964-10-28,0.125239,0.125882,0.125239,0.125882,0.081395,622808
1964-10-29,0.125882,0.125882,0.125239,0.125882,0.081395,467106
1964-10-30,0.125239,0.125239,0.122991,0.123955,0.080149,739584
1964-11-02,0.124597,0.125560,0.124597,0.125239,0.080979,506031
1964-11-04,0.125239,0.125239,0.123313,0.123955,0.080149,428180
1964-11-05,0.123955,0.123955,0.121386,0.121386,0.078488,544957
1964-11-06,0.121386,0.121386,0.120101,0.120101,0.077657,817435
1964-11-09,0.119780,0.119780,0.119138,0.119138,0.077034,389255
1964-11-10,0.119138,0.121386,0.119138,0.121386,0.078488,622808
1964-11-11,0.120743,0.120743,0.119780,0.120743,0.078072,506031
1964-11-12,0.120743,0.122028,0.120101,0.120743,0.078072,583882
1964-11-13,0.120743,0.121386,0.120743,0.120743,0.078072,194627
1964-11-16,0.120743,0.122028,0.120743,0.122028,0.078903,506031
1964-11-17,0.122028,0.124276,0.122028,0.123955,0.080149,817435
1964-11-18,0.123955,0.125239,0.123313,0.124597,0.080564,934212
1964-11-19,0.124597,0.125882,0.124597,0.125560,0.081187,389255
1964-11-20,0.124918,0.124918,0.123955,0.123955,0.080149,194627
1964-11-23,0.123955,0.124597,0.123313,0.123313,0.079734,194627
1964-11-24,0.122670,0.122670,0.122349,0.122349,0.079111,155702
1964-11-25,0.122349,0.122991,0.122028,0.122028,0.078903,272478
1964-11-27,0.122028,0.122028,0.120101,0.120743,0.078072,583882
1964-11-30,0.116248,0.116248,0.114963,0.115284,0.074701,311404
1964-12-01,0.114321,0.114321,0.111752,0.111752,0.072413,700659
1964-12-02,0.111752,0.115927,0.111431,0.115605,0.074909,1595945
1964-12-03,0.115605,0.116248,0.115605,0.115605,0.074909,77851
1964-12-04,0.116248,0.117853,0.116248,0.117853,0.076366,778510
1964-12-07,0.118817,0.119459,0.118817,0.118817,0.076991,622808
1964-12-08,0.118817,0.119459,0.118174,0.119459,0.077407,428180
1964-12-09,0.119459,0.119780,0.117532,0.117532,0.076158,428180
1964-12-10,0.116890,0.116890,0.114963,0.115284,0.074701,895286
1964-12-11,0.115284,0.115284,0.114321,0.114321,0.074077,583882
1964-12-14,0.114321,0.114642,0.114321,0.114642,0.074285,272478
1964-12-15,0.114321,0.114321,0.113679,0.113679,0.073661,311404
1964-12-16,0.113679,0.114321,0.113679,0.114321,0.074077,155702
1964-12-17,0.114963,0.117532,0.114963,0.117532,0.076158,428180
1964-12-18,0.118174,0.119459,0.118174,0.118817,0.076991,389255
1964-12-21,0.118817,0.118817,0.116248,0.116248,0.075326,350329
1964-12-22,0.116248,0.116890,0.115605,0.116890,0.075742,389255
1964-12-23,0.117532,0.120101,0.117532,0.120101,0.077823,739584
1964-12-24,0.119459,0.119459,0.118174,0.118174,0.076574,194627
1964-12-28,0.118174,0.118174,0.116248,0.117532,0.076158,506031
1964-12-29,0.117532,0.118174,0.116248,0.116890,0.075742,1518094
1964-12-30,0.116890,0.117853,0.116569,0.116890,0.075742,506031
1964-12-31,0.116890,0.117853,0.116890,0.116890,0.075742,583882
1965-01-04,0.117532,0.118817,0.117532,0.118817,0.076991,467106
1965-01-05,0.119138,0.122670,0.119138,0.122028,0.079071,1128839
1965-01-06,0.122349,0.125239,0.122349,0.124597,0.080736,1557020
1965-01-07,0.125882,0.128129,0.125882,0.126845,0.082193,2179828
1965-01-08,0.126845,0.127166,0.123955,0.123955,0.080320,661733
1965-01-11,0.123313,0.123313,0.122670,0.123313,0.079904,622808
1965-01-12,0.123313,0.123955,0.123313,0.123634,0.080112,350329
1965-01-13,0.123634,0.124597,0.122991,0.124597,0.080736,544957
1965-01-14,0.124597,0.124918,0.123955,0.124597,0.080736,311404
1965-01-15,0.124597,0.124918,0.122670,0.122670,0.079487,583882
1965-01-18,0.123313,0.124597,0.123313,0.123313,0.079904,467106
1965-01-19,0.123313,0.123313,0.122991,0.122991,0.079695,194627
1965-01-20,0.122991,0.122991,0.122028,0.122670,0.079487,428180
1965-01-21,0.122349,0.122349,0.120743,0.120743,0.078239,467106
1965-01-22,0.120743,0.120743,0.119780,0.120743,0.078239,700659
1965-01-25,0.120743,0.122028,0.120743,0.121707,0.078863,544957
1965-01-26,0.121707,0.122991,0.121386,0.122028,0.079071,700659
1965-01-27,0.122349,0.123955,0.122349,0.123313,0.079904,856361
1965-01-28,0.123313,0.123955,0.122349,0.123313,0.079904,428180
1965-01-29,0.124597,0.125239,0.124597,0.124597,0.080736,778510
1965-02-01,0.124597,0.128451,0.124597,0.128451,0.083233,4748910
1965-02-02,0.128451,0.129735,0.127166,0.128451,0.083233,2413381
1965-02-03,0.128451,0.131983,0.127487,0.131983,0.085522,4632134
1965-02-04,0.131983,0.132946,0.130698,0.131662,0.085314,2724785
1965-02-05,0.131020,0.131020,0.129735,0.130056,0.084273,817435
1965-02-08,0.130056,0.130377,0.129093,0.130056,0.084273,1050988
1965-02-09,0.130377,0.136158,0.130377,0.136158,0.088227,4593208
1965-02-10,0.136158,0.136158,0.131020,0.131662,0.085314,3191891
1965-02-11,0.131662,0.133589,0.131020,0.131020,0.084898,1712722
1965-02-12,0.131020,0.132946,0.131020,0.132946,0.086146,817435
1965-02-15,0.132946,0.133589,0.132946,0.133589,0.086563,544957
1965-02-16,0.133589,0.134231,0.133589,0.133589,0.086563,350329
1965-02-17,0.133589,0.134231,0.133589,0.133589,0.086563,817435
1965-02-18,0.133589,0.133589,0.133589,0.133589,0.086563,272478
1965-02-19,0.133589,0.134873,0.133589,0.134873,0.087395,194627
1965-02-23,0.134231,0.134231,0.133589,0.133589,0.086563,467106
1965-02-24,0.134552,0.138405,0.134552,0.138084,0.089475,1985200
1965-02-25,0.138405,0.140011,0.138405,0.139369,0.090308,1362392
1965-02-26,0.139369,0.141296,0.139369,0.141296,0.091557,2296604
1965-03-01,0.141296,0.146434,0.140974,0.145791,0.094469,3970400
1965-03-02,0.145791,0.147718,0.144186,0.146434,0.094886,1479169
1965-03-03,0.146434,0.147076,0.145791,0.146434,0.094886,934212
1965-03-04,0.146434,0.147076,0.145470,0.145470,0.094261,1245616
1965-03-05,0.144507,0.144507,0.140011,0.143222,0.092805,2257679
1965-03-08,0.143222,0.143865,0.142580,0.142580,0.092389,5722048
1965-03-09,0.142580,0.142580,0.141938,0.141938,0.091973,389255
1965-03-10,0.141938,0.142580,0.141938,0.142580,0.092389,895286
1965-03-11,0.142580,0.143865,0.141617,0.143222,0.092805,1167765
1965-03-12,0.143222,0.144507,0.143222,0.144507,0.093806,311404
1965-03-15,0.144828,0.146434,0.144828,0.146434,0.095056,739584
1965-03-16,0.146434,0.146755,0.145791,0.146755,0.095265,544957
1965-03-17,0.146755,0.147076,0.146112,0.147076,0.095473,817435
1965-03-18,0.147076,0.147718,0.147076,0.147076,0.095473,661733
1965-03-19,0.146755,0.146755,0.146434,0.146434,0.095056,350329
1965-03-22,0.146434,0.147076,0.146112,0.146112,0.094848,739584
1965-03-23,0.146112,0.146755,0.145470,0.145470,0.094431,817435
1965-03-24,0.145470,0.146434,0.143865,0.143865,0.093389,2530157
1965-03-25,0.143865,0.143865,0.143222,0.143543,0.093180,350329
1965-03-26,0.143543,0.143543,0.142259,0.142259,0.092346,506031
1965-03-29,0.142259,0.142259,0.141296,0.141296,0.091721,544957
1965-03-30,0.140653,0.140653,0.139369,0.139369,0.090470,583882
1965-03-31,0.138727,0.138727,0.136158,0.138084,0.089636,895286
1965-04-01,0.138084,0.138727,0.138084,0.138084,0.089636,233553
1965-04-02,0.138084,0.138405,0.138084,0.138405,0.089845,155702
1965-04-05,0.139048,0.140011,0.139048,0.139690,0.090679,544957
1965-04-06,0.139048,0.139048,0.136479,0.137442,0.089219,817435
1965-04-07,0.137121,0.137121,0.134873,0.134873,0.087552,661733
1965-04-08,0.135194,0.137442,0.135194,0.136158,0.088386,661733
1965-04-09,0.136158,0.137442,0.136158,0.136158,0.088386,583882
1965-04-12,0.137121,0.139690,0.137121,0.139369,0.090470,934212
1965-04-13,0.139369,0.141938,0.139369,0.141296,0.091721,973137
1965-04-14,0.141296,0.142580,0.140653,0.142259,0.092346,1012063
1965-04-15,0.142259,0.142580,0.141617,0.142259,0.092346,467106
1965-04-19,0.142259,0.142259,0.141296,0.141296,0.091721,272478
1965-04-20,0.141296,0.143222,0.141296,0.141938,0.092138,1167765
1965-04-21,0.141938,0.143865,0.141938,0.143865,0.093389,544957
1965-04-22,0.143865,0.143865,0.142901,0.143222,0.092971,389255
1965-04-23,0.143222,0.143543,0.141938,0.142259,0.092346,700659
1965-04-26,0.142259,0.143222,0.141938,0.143222,0.092971,467106
1965-04-27,0.143222,0.143865,0.142901,0.143543,0.093180,622808
1965-04-28,0.142580,0.142580,0.141296,0.142259,0.092346,311404
1965-04-29,0.142259,0.143222,0.141296,0.142901,0.092763,817435
1965-04-30,0.142901,0.143543,0.141296,0.141296,0.091721,934212
1965-05-03,0.141296,0.142580,0.140653,0.141617,0.091930,700659
1965-05-04,0.141617,0.141938,0.140653,0.141938,0.092138,389255
1965-05-05,0.141938,0.141938,0.141296,0.141296,0.091721,233553
1965-05-06,0.141296,0.144507,0.140653,0.144507,0.093806,1245616
1965-05-07,0.144507,0.145791,0.144507,0.145149,0.094222,973137
1965-05-10,0.145470,0.146112,0.145470,0.146112,0.094848,116776
1965-05-11,0.145791,0.145791,0.144507,0.144828,0.094014,311404
1965-05-12,0.144828,0.145149,0.144186,0.145149,0.094222,350329
1965-05-13,0.145149,0.146434,0.144186,0.145470,0.094431,661733
1965-05-14,0.145470,0.147076,0.144828,0.147076,0.095473,1673796
1965-05-17,0.147076,0.149645,0.147076,0.149003,0.096724,1206690
1965-05-18,0.149003,0.151572,0.148360,0.150287,0.097558,1557020
1965-05-19,0.150287,0.151572,0.150287,0.150287,0.097558,895286
1965-05-20,0.149645,0.149645,0.148360,0.149003,0.096724,700659
1965-05-21,0.149003,0.149645,0.147076,0.147397,0.095682,661733
1965-05-24,0.147397,0.148360,0.145149,0.145149,0.094222,817435
1965-05-25,0.145149,0.147076,0.144507,0.146434,0.095056,467106
1965-05-26,0.146434,0.147076,0.145149,0.145149,0.094222,233553
1965-05-27,0.144507,0.144507,0.142580,0.143222,0.092971,700659
1965-05-28,0.143222,0.145149,0.143222,0.145149,0.094222,350329
1965-06-01,0.145149,0.147397,0.144507,0.144507,0.093806,1284541
1965-06-02,0.144507,0.144507,0.140011,0.140653,0.091304,1012063
1965-06-03,0.140653,0.141938,0.140653,0.140653,0.091304,311404
1965-06-04,0.140011,0.140011,0.139369,0.140011,0.090887,272478
1965-06-07,0.140011,0.140011,0.139369,0.140011,0.090887,116776
1965-06-08,0.139690,0.139690,0.134873,0.134873,0.087552,778510
1965-06-09,0.134873,0.136800,0.134231,0.135515,0.087969,817435
1965-06-10,0.134873,0.134873,0.133589,0.133589,0.086718,583882
1965-06-11,0.133589,0.135194,0.133589,0.133589,0.086885,622808
1965-06-14,0.133589,0.135515,0.129093,0.129093,0.083961,739584
1965-06-15,0.129093,0.132946,0.128451,0.132946,0.086467,1089914
1965-06-16,0.132946,0.134231,0.131662,0.132946,0.086467,700659
1965-06-17,0.132946,0.133589,0.131983,0.131983,0.085841,389255
1965-06-18,0.131983,0.132946,0.131020,0.131020,0.085215,311404
1965-06-21,0.130377,0.130377,0.128772,0.129414,0.084170,2374455
1965-06-22,0.129414,0.130377,0.128451,0.128451,0.083544,700659
1965-06-23,0.126524,0.126524,0.123955,0.125560,0.081663,2452306
1965-06-24,0.124597,0.124597,0.122670,0.122670,0.079784,544957
1965-06-25,0.122670,0.123313,0.121386,0.122028,0.079366,817435
1965-06-28,0.122028,0.123634,0.119459,0.119459,0.077695,895286
1965-06-29,0.119459,0.121386,0.113036,0.117532,0.076442,1479169
1965-06-30,0.119138,0.122670,0.119138,0.122670,0.079784,895286
1965-07-01,0.122670,0.123955,0.121386,0.123955,0.080620,856361
1965-07-02,0.123955,0.125239,0.123313,0.125239,0.081455,272478
1965-07-06,0.126203,0.127166,0.126203,0.126524,0.082290,350329
1965-07-07,0.126524,0.127808,0.125882,0.127808,0.083126,544957
1965-07-08,0.128451,0.131020,0.128451,0.130377,0.084796,973137
1965-07-09,0.131020,0.131662,0.131020,0.131662,0.085632,428180
1965-07-12,0.131020,0.131020,0.129414,0.130056,0.084588,389255
1965-07-13,0.130377,0.131662,0.130377,0.131662,0.085632,1634871
1965-07-14,0.131662,0.131662,0.131020,0.131020,0.085215,116776
1965-07-15,0.131020,0.131662,0.130377,0.130377,0.084796,155702
1965-07-16,0.130377,0.130377,0.130377,0.130377,0.084796,116776
1965-07-19,0.131020,0.131662,0.131020,0.131020,0.085215,389255
1965-07-20,0.131020,0.131662,0.130377,0.130377,0.084796,2335530
1965-07-21,0.130377,0.130377,0.129093,0.129093,0.083961,739584
1965-07-22,0.128451,0.128451,0.128451,0.128451,0.083544,1128839
1965-07-23,0.128451,0.128451,0.127808,0.128451,0.083544,739584
1965-07-26,0.128451,0.128772,0.128129,0.128772,0.083753,389255
1965-07-27,0.127808,0.127808,0.127808,0.127808,0.083126,194627
1965-07-28,0.127808,0.127808,0.127808,0.127808,0.083126,389255
1965-07-29,0.128451,0.128451,0.128451,0.128451,0.083544,77851
1965-07-30,0.129093,0.131662,0.129093,0.131662,0.085632,895286
1965-08-02,0.131662,0.131662,0.129735,0.129735,0.084379,233553
1965-08-03,0.131662,0.133589,0.131662,0.132946,0.086467,856361
1965-08-04,0.132946,0.134231,0.131662,0.131662,0.085632,583882
1965-08-05,0.131662,0.132625,0.131662,0.131662,0.085632,428180
1965-08-06,0.131662,0.131662,0.130056,0.131020,0.085215,1790573
1965-08-09,0.131020,0.132304,0.130377,0.131020,0.085215,934212
1965-08-10,0.131020,0.132304,0.130377,0.132304,0.086050,2646934
1965-08-11,0.131341,0.131341,0.131020,0.131020,0.085215,661733
1965-08-12,0.131341,0.131662,0.131341,0.131662,0.085632,272478
1965-08-13,0.131662,0.132304,0.131341,0.132304,0.086050,428180
1965-08-16,0.132304,0.133267,0.132304,0.133267,0.086676,272478
1965-08-17,0.133267,0.133267,0.132946,0.133267,0.086676,272478
1965-08-18,0.133267,0.133910,0.132625,0.132625,0.086258,2608008
1965-08-19,0.132625,0.133589,0.132304,0.132304,0.086050,622808
1965-08-20,0.132304,0.133267,0.132304,0.132625,0.086258,506031
1965-08-23,0.132304,0.132304,0.131662,0.131662,0.085632,934212
1965-08-24,0.131662,0.132304,0.131020,0.131020,0.085215,2296604
1965-08-25,0.130377,0.130377,0.127808,0.127808,0.083126,583882
1965-08-26,0.127808,0.128451,0.127808,0.128451,0.083544,583882
1965-08-27,0.127808,0.127808,0.126524,0.126524,0.082290,428180
1965-08-30,0.126524,0.127808,0.125882,0.125882,0.081873,350329
1965-08-31,0.125882,0.126203,0.125882,0.125882,0.081873,194627
1965-09-01,0.125882,0.125882,0.124918,0.124918,0.081246,467106
1965-09-02,0.125239,0.125882,0.125239,0.125560,0.081663,311404
1965-09-03,0.125882,0.126524,0.125882,0.125882,0.081873,350329
1965-09-07,0.125882,0.125882,0.124918,0.124918,0.081246,428180
1965-09-08,0.124918,0.125882,0.124276,0.125239,0.081455,661733
1965-09-09,0.125239,0.125882,0.124276,0.124276,0.080828,272478
1965-09-10,0.124276,0.124276,0.123313,0.123313,0.080368,194627
1965-09-13,0.123313,0.125882,0.123313,0.125882,0.082043,583882
1965-09-14,0.126524,0.128129,0.126524,0.126524,0.082461,583882
1965-09-15,0.127808,0.128451,0.127808,0.128451,0.083717,233553
1965-09-16,0.128129,0.128129,0.126203,0.126524,0.082461,583882
1965-09-17,0.126524,0.128129,0.125239,0.127808,0.083298,4437506
1965-09-20,0.128129,0.129414,0.128129,0.129093,0.084135,1284541
1965-09-21,0.129093,0.129414,0.127166,0.127166,0.082879,506031
1965-09-22,0.127166,0.128772,0.127166,0.128451,0.083717,778510
1965-09-23,0.128451,0.129414,0.127166,0.127166,0.082879,1012063
1965-09-24,0.127166,0.127808,0.126524,0.126524,0.082461,700659
1965-09-27,0.126524,0.128129,0.125882,0.125882,0.082043,817435
1965-09-28,0.125882,0.126845,0.125882,0.125882,0.082043,428180
1965-09-29,0.125882,0.127166,0.124597,0.124597,0.081205,583882
1965-09-30,0.125560,0.129414,0.125560,0.128451,0.083717,2063051
1965-10-01,0.128451,0.128451,0.126524,0.128451,0.083717,1128839
1965-10-04,0.128451,0.128451,0.127166,0.128451,0.083717,661733
1965-10-05,0.127808,0.127808,0.125882,0.126524,0.082461,661733
1965-10-06,0.125882,0.125882,0.124597,0.125239,0.081623,583882
1965-10-07,0.125882,0.126524,0.125882,0.126524,0.082461,467106
1965-10-08,0.127166,0.128451,0.127166,0.127808,0.083298,856361
1965-10-11,0.127808,0.128451,0.126524,0.128451,0.083717,2257679
1965-10-12,0.128451,0.128451,0.126845,0.126845,0.082670,1050988
1965-10-13,0.126845,0.127808,0.126845,0.127808,0.083298,194627
1965-10-14,0.127808,0.127808,0.126845,0.127166,0.082879,583882
1965-10-15,0.127166,0.131662,0.127166,0.131662,0.085810,3658996
1965-10-18,0.131662,0.133910,0.131662,0.132304,0.086228,1790573
1965-10-19,0.132304,0.133267,0.131020,0.131662,0.085810,973137
1965-10-20,0.131662,0.131983,0.130377,0.131020,0.085391,2724785
1965-10-21,0.131983,0.132946,0.131983,0.132304,0.086228,1012063
1965-10-22,0.132304,0.133589,0.132304,0.132304,0.086228,1206690
1965-10-25,0.133589,0.137442,0.133589,0.137442,0.089577,3931475
1965-10-26,0.137442,0.143222,0.137442,0.140332,0.091460,5138165
1965-10-27,0.140332,0.140653,0.136158,0.136158,0.088740,1595945
1965-10-28,0.136158,0.136158,0.132946,0.135515,0.088321,1245616
1965-10-29,0.135515,0.136158,0.135515,0.135836,0.088530,778510
1965-11-01,0.135836,0.136158,0.134873,0.135836,0.088530,700659
1965-11-03,0.135515,0.135515,0.134873,0.135515,0.088321,389255
1965-11-04,0.134873,0.134873,0.134231,0.134873,0.087902,895286
1965-11-05,0.134231,0.134231,0.134231,0.134231,0.087484,506031
1965-11-08,0.134231,0.135194,0.133589,0.133589,0.087066,895286
1965-11-09,0.133589,0.134231,0.132946,0.134231,0.087484,1829498
1965-11-10,0.138084,0.141617,0.138084,0.139369,0.090833,2646934
1965-11-11,0.139369,0.146434,0.139369,0.145149,0.094600,3347592
1965-11-12,0.145149,0.147718,0.144186,0.146112,0.095227,5488495
1965-11-15,0.146112,0.148681,0.146112,0.146434,0.095437,4554283
1965-11-16,0.146434,0.147397,0.141296,0.141296,0.092088,2413381
1965-11-17,0.141296,0.142580,0.140332,0.140332,0.091460,1128839
1965-11-18,0.141296,0.143222,0.141296,0.143222,0.093344,1362392
1965-11-19,0.143222,0.144828,0.141617,0.141617,0.092298,1284541
1965-11-22,0.141617,0.143222,0.141617,0.141938,0.092507,1128839
1965-11-23,0.141938,0.142580,0.140653,0.141296,0.092088,856361
1965-11-24,0.141296,0.141938,0.140332,0.140332,0.091460,700659
1965-11-26,0.136800,0.136800,0.135515,0.136800,0.089322,739584
1965-11-29,0.136800,0.136800,0.134231,0.134231,0.087644,1595945
1965-11-30,0.134231,0.135194,0.132304,0.132625,0.086596,2218753
1965-12-01,0.132625,0.133589,0.131341,0.133267,0.087015,2880487
1965-12-02,0.133589,0.134552,0.133589,0.134552,0.087854,1089914
1965-12-03,0.136158,0.137442,0.136158,0.136800,0.089322,2024126
1965-12-06,0.136800,0.138084,0.131662,0.138084,0.090160,1440243
1965-12-07,0.138084,0.140011,0.137442,0.139369,0.090999,6811961
1965-12-08,0.140011,0.143543,0.140011,0.141296,0.092257,3425443
1965-12-09,0.141617,0.145791,0.141617,0.145149,0.094773,2724785
1965-12-10,0.146434,0.148360,0.146434,0.147397,0.096241,1907349
1965-12-13,0.147397,0.149645,0.147076,0.149645,0.097709,1634871
1965-12-14,0.151572,0.153498,0.151572,0.153498,0.100225,2997263
1965-12-15,0.153498,0.153498,0.148681,0.150287,0.098128,1634871
1965-12-16,0.149966,0.149966,0.145791,0.149324,0.097499,1128839
1965-12-17,0.149324,0.150929,0.147076,0.147397,0.096241,1595945
1965-12-20,0.147397,0.148360,0.147397,0.147397,0.096241,661733
1965-12-21,0.147718,0.149003,0.147718,0.149003,0.097290,1245616
1965-12-22,0.149003,0.152856,0.149003,0.150608,0.098338,2101977
1965-12-23,0.150608,0.150608,0.149003,0.149003,0.097290,661733
1965-12-27,0.149003,0.150287,0.149003,0.149003,0.097290,778510
1965-12-28,0.149003,0.149003,0.146755,0.148360,0.096870,973137
1965-12-29,0.148360,0.149003,0.148360,0.149003,0.097290,895286
1965-12-30,0.149003,0.156067,0.149003,0.153498,0.100225,4126102
1965-12-31,0.153498,0.154141,0.150929,0.152214,0.099386,1673796
1966-01-03,0.152214,0.153498,0.151572,0.153498,0.100225,1089914
1966-01-04,0.153498,0.155425,0.152856,0.153498,0.100225,3114040
1966-01-05,0.153498,0.154783,0.153498,0.153498,0.100225,506031
1966-01-06,0.154141,0.155746,0.154141,0.154783,0.101064,1284541
1966-01-07,0.154783,0.155425,0.153498,0.153498,0.100225,1673796
1966-01-10,0.153498,0.154783,0.153177,0.153819,0.100434,622808
1966-01-11,0.153819,0.154783,0.153819,0.153819,0.100434,1012063
1966-01-12,0.153819,0.154141,0.151893,0.152214,0.099386,1362392
1966-01-13,0.152214,0.153498,0.150929,0.150929,0.098547,1284541
1966-01-14,0.150929,0.152214,0.149645,0.152214,0.099386,739584
1966-01-17,0.153177,0.157352,0.153177,0.154141,0.100644,3931475
1966-01-18,0.154141,0.154141,0.153177,0.153498,0.100225,1595945
1966-01-19,0.153498,0.153498,0.148360,0.149003,0.097290,2218753
1966-01-20,0.149003,0.150608,0.148360,0.149645,0.097709,778510
1966-01-21,0.150287,0.153177,0.150287,0.152535,0.099596,1829498
1966-01-24,0.152856,0.154783,0.152856,0.154783,0.101064,1050988
1966-01-25,0.154783,0.155746,0.154783,0.155425,0.101483,1012063
1966-01-26,0.155425,0.157994,0.155425,0.155425,0.101483,1829498
1966-01-27,0.155425,0.156710,0.153819,0.154141,0.100644,4165028
1966-01-28,0.154141,0.154141,0.152214,0.152214,0.099386,544957
1966-01-31,0.152535,0.154783,0.152535,0.154783,0.101064,856361
1966-02-01,0.154783,0.155425,0.150287,0.150929,0.098547,1206690
1966-02-02,0.150929,0.152856,0.147718,0.151572,0.098967,1946275
1966-02-03,0.151572,0.153498,0.151572,0.151572,0.098967,817435
1966-02-04,0.151572,0.152535,0.150929,0.151893,0.099177,428180
1966-02-07,0.150929,0.150929,0.149645,0.149645,0.097709,544957
1966-02-08,0.149645,0.152214,0.149003,0.149645,0.097709,1401318
1966-02-09,0.150287,0.154783,0.150287,0.153177,0.100015,1712722
1966-02-10,0.153177,0.154141,0.153177,0.153819,0.100434,2685859
1966-02-11,0.153819,0.154783,0.153177,0.154141,0.100644,4165028
1966-02-14,0.154141,0.154141,0.152214,0.154141,0.100644,1634871
1966-02-15,0.154141,0.154141,0.152535,0.153819,0.100434,506031
1966-02-16,0.153819,0.153819,0.151250,0.151250,0.098757,661733
1966-02-17,0.151250,0.152214,0.149003,0.149003,0.097290,622808
1966-02-18,0.148681,0.148681,0.146755,0.147718,0.096451,778510
1966-02-21,0.148039,0.149645,0.148039,0.148039,0.096660,817435
1966-02-23,0.148039,0.149003,0.145149,0.146434,0.095612,1128839
1966-02-24,0.145791,0.145791,0.142580,0.142580,0.093096,1050988
1966-02-25,0.143222,0.143865,0.143222,0.143543,0.093725,1245616
1966-02-28,0.143543,0.143865,0.141296,0.141296,0.092257,1323467
1966-03-01,0.140653,0.140653,0.138727,0.138727,0.090580,2179828
1966-03-02,0.138727,0.139369,0.136800,0.137442,0.089741,1089914
1966-03-03,0.136800,0.136800,0.134873,0.136479,0.089112,2763710
1966-03-04,0.136479,0.138727,0.136479,0.138727,0.090580,1089914
1966-03-07,0.137442,0.137442,0.135515,0.136158,0.088903,1751647
1966-03-08,0.136158,0.136158,0.132304,0.136158,0.088903,2413381
1966-03-09,0.136158,0.138084,0.136158,0.137442,0.089911,544957
1966-03-10,0.137442,0.139690,0.136479,0.136479,0.089281,973137
1966-03-11,0.136479,0.138084,0.135515,0.135515,0.088650,2218753
1966-03-14,0.135515,0.136800,0.134873,0.135515,0.088650,2802636
1966-03-15,0.135515,0.135515,0.134231,0.134873,0.088230,1323467
1966-03-16,0.134873,0.135515,0.134873,0.135515,0.088650,544957
1966-03-17,0.135515,0.136158,0.134873,0.134873,0.088230,1323467
1966-03-18,0.135194,0.141296,0.135194,0.141296,0.092432,4048251
1966-03-21,0.141296,0.144507,0.141296,0.141938,0.092852,4554283
1966-03-22,0.142580,0.145791,0.142580,0.143222,0.093692,1634871
1966-03-23,0.143222,0.144507,0.141938,0.141938,0.092852,700659
1966-03-24,0.141938,0.144507,0.141938,0.143222,0.093692,739584
1966-03-25,0.143222,0.143865,0.139369,0.139369,0.091171,895286
1966-03-28,0.138727,0.138727,0.134873,0.134873,0.088230,1712722
1966-03-29,0.135194,0.136800,0.135194,0.135515,0.088650,1595945
1966-03-30,0.135515,0.136158,0.135515,0.135515,0.088650,311404
1966-03-31,0.135515,0.136158,0.134873,0.136158,0.089071,544957
1966-04-01,0.136158,0.136158,0.134873,0.134873,0.088230,467106
1966-04-04,0.135836,0.137121,0.135836,0.136479,0.089281,622808
1966-04-05,0.136800,0.140011,0.136800,0.140011,0.091591,4865687
1966-04-06,0.140011,0.140974,0.139690,0.140653,0.092011,1089914
1966-04-07,0.140653,0.142580,0.140011,0.141296,0.092432,2218753
1966-04-11,0.141296,0.142580,0.141296,0.141938,0.092852,1128839
1966-04-12,0.141938,0.141938,0.138727,0.138727,0.090751,1634871
1966-04-13,0.138727,0.139690,0.137442,0.138727,0.090751,934212
1966-04-14,0.138727,0.141938,0.138727,0.140011,0.091591,3269742
1966-04-15,0.140653,0.149003,0.140653,0.149003,0.097474,4359655
1966-04-18,0.149003,0.151250,0.147397,0.149003,0.097474,2958338
1966-04-19,0.148360,0.148360,0.146755,0.147076,0.096213,583882
1966-04-20,0.147076,0.147718,0.145791,0.145791,0.095372,1362392
1966-04-21,0.145149,0.145149,0.142580,0.142580,0.093272,1518094
1966-04-22,0.142580,0.145791,0.142580,0.145149,0.094952,817435
1966-04-25,0.145149,0.146112,0.142580,0.142580,0.093272,1985200
1966-04-26,0.143865,0.145149,0.143865,0.143865,0.094112,895286
1966-04-27,0.144186,0.145791,0.144186,0.145791,0.095372,934212
1966-04-28,0.145791,0.146434,0.143222,0.145470,0.095162,934212
1966-04-29,0.145791,0.147076,0.145791,0.146755,0.096003,661733
1966-05-02,0.146755,0.148360,0.145791,0.146434,0.095793,1634871
1966-05-03,0.145791,0.145791,0.143222,0.143222,0.093692,661733
1966-05-04,0.142580,0.142580,0.140653,0.142580,0.093272,1128839
1966-05-05,0.141938,0.141938,0.137763,0.138727,0.090751,1440243
1966-05-06,0.138727,0.138727,0.136800,0.138727,0.090751,1634871
1966-05-09,0.138727,0.139369,0.134873,0.134873,0.088230,2296604
1966-05-10,0.134873,0.138084,0.134873,0.135515,0.088650,1206690
1966-05-11,0.135515,0.136800,0.134873,0.134873,0.088230,778510
1966-05-12,0.134873,0.136158,0.133589,0.133589,0.087390,1518094
1966-05-13,0.133589,0.136800,0.131662,0.134873,0.088230,1712722
1966-05-16,0.134873,0.135515,0.133589,0.133589,0.087390,817435
1966-05-17,0.133589,0.133589,0.129093,0.129093,0.084449,1089914
1966-05-18,0.129093,0.131983,0.129093,0.131662,0.086130,1479169
1966-05-19,0.131662,0.132304,0.131020,0.131662,0.086130,544957
1966-05-20,0.131662,0.131662,0.130698,0.130698,0.085499,467106
1966-05-23,0.130698,0.131341,0.130377,0.131341,0.085920,428180
1966-05-24,0.131341,0.133267,0.131341,0.132946,0.086970,622808
1966-05-25,0.132946,0.134231,0.132304,0.133589,0.087390,583882
1966-05-26,0.133589,0.133589,0.131662,0.131662,0.086130,622808
1966-05-27,0.131983,0.134873,0.131983,0.132946,0.086970,467106
1966-05-31,0.132625,0.132625,0.130377,0.131662,0.086130,895286
1966-06-01,0.131662,0.132304,0.131662,0.132304,0.086550,155702
1966-06-02,0.132304,0.132304,0.131662,0.131662,0.086130,194627
1966-06-03,0.131662,0.132946,0.131662,0.131662,0.086130,116776
1966-06-06,0.132304,0.134231,0.132304,0.132946,0.086970,389255
1966-06-07,0.132946,0.133589,0.131662,0.132304,0.086550,233553
1966-06-08,0.133589,0.139369,0.133589,0.137442,0.089911,1673796
1966-06-09,0.138727,0.141296,0.138727,0.138727,0.090751,1128839
1966-06-10,0.138727,0.140011,0.136158,0.136158,0.089236,778510
1966-06-13,0.136158,0.137442,0.135515,0.135515,0.088815,311404
1966-06-14,0.136158,0.136800,0.136158,0.136479,0.089446,311404
1966-06-15,0.136800,0.139369,0.136800,0.137763,0.090288,1089914
1966-06-16,0.137442,0.137442,0.136158,0.137442,0.090078,389255
1966-06-17,0.138084,0.140011,0.138084,0.140011,0.091761,934212
1966-06-20,0.140011,0.140332,0.139369,0.140332,0.091972,194627
1966-06-21,0.140332,0.140332,0.139690,0.140011,0.091761,272478
1966-06-22,0.140011,0.140653,0.139369,0.139369,0.091341,1245616
1966-06-23,0.139690,0.142580,0.139690,0.140653,0.092182,1206690
1966-06-24,0.140653,0.142580,0.138727,0.138727,0.090920,895286
1966-06-27,0.138405,0.138405,0.138084,0.138084,0.090498,233553
1966-06-28,0.137442,0.137442,0.136800,0.136800,0.089657,389255
1966-06-29,0.137442,0.138727,0.136158,0.136158,0.089236,428180
1966-06-30,0.136158,0.138084,0.136158,0.136800,0.089657,428180
1966-07-01,0.136800,0.137442,0.136158,0.136158,0.089236,155702
1966-07-05,0.135515,0.135515,0.135515,0.135515,0.088815,155702
1966-07-06,0.136158,0.136800,0.136158,0.136158,0.089236,233553
1966-07-07,0.136158,0.138084,0.136158,0.137442,0.090078,506031
1966-07-08,0.137442,0.138084,0.137442,0.137442,0.090078,428180
1966-07-11,0.137442,0.137442,0.137121,0.137442,0.090078,116776
1966-07-12,0.137442,0.138084,0.136800,0.136800,0.089657,272478
1966-07-13,0.136158,0.136158,0.135194,0.135194,0.088604,506031
1966-07-14,0.135194,0.137442,0.135194,0.137442,0.090078,506031
1966-07-15,0.137442,0.137442,0.136158,0.136800,0.089657,506031
1966-07-18,0.136800,0.138084,0.136800,0.137442,0.090078,583882
1966-07-19,0.137442,0.137442,0.134873,0.135194,0.088604,389255
1966-07-20,0.135194,0.135515,0.133910,0.134873,0.088394,272478
1966-07-21,0.134231,0.134231,0.133267,0.133267,0.087341,973137
1966-07-22,0.133267,0.134231,0.133267,0.133267,0.087341,272478
1966-07-25,0.133267,0.134231,0.131020,0.131020,0.085869,622808
1966-07-26,0.131020,0.133589,0.131020,0.131983,0.086500,661733
1966-07-27,0.132304,0.134552,0.132304,0.134552,0.088184,467106
1966-07-28,0.136158,0.138084,0.136158,0.138084,0.090498,895286
1966-07-29,0.138084,0.138084,0.134552,0.134552,0.088184,506031
1966-08-01,0.133589,0.133589,0.132304,0.132304,0.086710,389255
1966-08-02,0.132304,0.132946,0.131020,0.131662,0.086289,272478
1966-08-03,0.131662,0.131662,0.131020,0.131662,0.086289,583882
1966-08-04,0.131020,0.131020,0.130377,0.131020,0.085869,194627
1966-08-05,0.131020,0.131020,0.129735,0.130056,0.085237,583882
1966-08-08,0.130056,0.130056,0.129735,0.129735,0.085027,272478
1966-08-09,0.129735,0.130056,0.129093,0.129093,0.084606,272478
1966-08-10,0.129093,0.129093,0.128451,0.128451,0.084185,506031
1966-08-11,0.128129,0.128129,0.127808,0.127808,0.083764,428180
1966-08-12,0.127166,0.127166,0.125560,0.125560,0.082290,700659
1966-08-15,0.128129,0.128129,0.125882,0.127166,0.083343,856361
1966-08-16,0.126524,0.126524,0.124597,0.124597,0.081659,856361
1966-08-17,0.124597,0.124597,0.124597,0.124597,0.081659,467106
1966-08-18,0.125560,0.125560,0.122991,0.122991,0.080607,661733
1966-08-19,0.123313,0.123313,0.119459,0.119459,0.078292,622808
1966-08-22,0.118174,0.118174,0.117211,0.117532,0.077029,467106
1966-08-23,0.117211,0.117211,0.115605,0.115605,0.075766,622808
1966-08-24,0.115605,0.118174,0.115605,0.118174,0.077450,622808
1966-08-25,0.118174,0.119138,0.115927,0.115927,0.075977,311404
1966-08-26,0.114321,0.114321,0.111752,0.111752,0.073241,934212
1966-08-29,0.109183,0.109183,0.105329,0.107256,0.070294,817435
1966-08-30,0.107256,0.109504,0.104687,0.105329,0.069031,2024126
1966-08-31,0.106293,0.111110,0.106293,0.111110,0.072820,1985200
1966-09-01,0.111110,0.111110,0.109825,0.111110,0.072820,389255
1966-09-02,0.111110,0.112394,0.109825,0.111110,0.072820,544957
1966-09-06,0.111110,0.111752,0.110467,0.111431,0.073030,194627
1966-09-07,0.111431,0.111431,0.109504,0.111110,0.072820,544957
1966-09-08,0.111110,0.112394,0.109183,0.110467,0.072399,622808
1966-09-09,0.111110,0.113036,0.111110,0.111752,0.073411,233553
1966-09-12,0.112073,0.113036,0.112073,0.113036,0.074255,311404
1966-09-13,0.114321,0.118174,0.114321,0.117853,0.077419,1206690
1966-09-14,0.117853,0.120743,0.116890,0.120743,0.079318,428180
1966-09-15,0.120743,0.123313,0.119780,0.119780,0.078685,622808
1966-09-16,0.120743,0.124597,0.120743,0.124597,0.081850,506031
1966-09-19,0.124597,0.125882,0.123313,0.123313,0.081006,622808
1966-09-20,0.123313,0.123313,0.122670,0.122670,0.080584,350329
1966-09-21,0.122028,0.122028,0.118174,0.118174,0.077630,778510
1966-09-22,0.118174,0.118817,0.118174,0.118817,0.078053,467106
1966-09-23,0.119459,0.123313,0.119459,0.120101,0.078896,544957
1966-09-26,0.119459,0.119459,0.119459,0.119459,0.078474,77851
1966-09-27,0.119138,0.119138,0.118174,0.118174,0.077630,194627
1966-09-28,0.117532,0.117532,0.116890,0.117532,0.077208,311404
1966-09-29,0.116890,0.116890,0.113358,0.113358,0.074467,544957
1966-09-30,0.114321,0.115605,0.114321,0.115605,0.075943,194627
1966-10-03,0.115605,0.116248,0.113358,0.113358,0.074467,467106
1966-10-04,0.113036,0.113036,0.110789,0.111752,0.073411,583882
1966-10-05,0.111752,0.113036,0.111752,0.111752,0.073411,389255
1966-10-06,0.111110,0.111110,0.109825,0.109825,0.072146,934212
1966-10-07,0.109825,0.109825,0.105329,0.105329,0.069192,817435
1966-10-10,0.105329,0.107898,0.105329,0.107256,0.070458,934212
1966-10-11,0.107898,0.108862,0.107898,0.107898,0.070880,622808
1966-10-12,0.107898,0.113036,0.107256,0.113036,0.074255,856361
1966-10-13,0.114321,0.115605,0.114321,0.115605,0.075943,350329
1966-10-14,0.115605,0.116890,0.114321,0.114321,0.075099,1089914
1966-10-17,0.115927,0.116890,0.115927,0.116248,0.076365,544957
1966-10-18,0.117532,0.119459,0.117532,0.119459,0.078474,506031
1966-10-19,0.119459,0.122028,0.119459,0.120743,0.079318,583882
1966-10-20,0.120743,0.121065,0.118174,0.118174,0.077630,467106
1966-10-21,0.118174,0.118174,0.117532,0.117532,0.077208,311404
1966-10-24,0.119459,0.121386,0.119459,0.121386,0.079740,583882
1966-10-25,0.122028,0.124597,0.122028,0.123955,0.081428,661733
1966-10-26,0.124597,0.131662,0.124597,0.130377,0.085647,1946275
1966-10-27,0.130377,0.137442,0.130377,0.134873,0.088600,3191891
1966-10-28,0.135515,0.141296,0.135515,0.141296,0.092819,1712722
1966-10-31,0.141296,0.143865,0.138084,0.138727,0.091132,3542220
1966-11-01,0.138727,0.141938,0.136158,0.136800,0.089866,1946275
1966-11-02,0.136800,0.141296,0.136158,0.141296,0.092819,1868424
1966-11-03,0.141296,0.143543,0.140332,0.141296,0.092819,1829498
1966-11-04,0.141296,0.141296,0.138084,0.140332,0.092186,1362392
1966-11-07,0.138405,0.138405,0.136800,0.137121,0.090077,622808
1966-11-09,0.138084,0.146434,0.138084,0.143865,0.094507,4515357
1966-11-10,0.143865,0.149003,0.142580,0.148039,0.097249,4826761
1966-11-11,0.150287,0.162490,0.150287,0.158315,0.103999,8330056
1966-11-14,0.158315,0.166665,0.156710,0.165701,0.108851,11444095
1966-11-15,0.165701,0.177262,0.163132,0.174693,0.114758,10393107
1966-11-16,0.174693,0.179188,0.166986,0.168912,0.110961,12183680
1966-11-17,0.168912,0.171481,0.163132,0.164417,0.108008,5060314
1966-11-18,0.164417,0.168912,0.163774,0.164417,0.108008,4398581
1966-11-21,0.164417,0.166986,0.159279,0.163132,0.107164,3152965
1966-11-22,0.163132,0.166343,0.163132,0.165059,0.108430,1479169
1966-11-23,0.165059,0.172124,0.164417,0.168270,0.110539,5099240
1966-11-25,0.168270,0.172124,0.164417,0.168270,0.110708,2724785
1966-11-28,0.168270,0.169555,0.164417,0.164417,0.108173,1557020
1966-11-29,0.164417,0.166986,0.164417,0.164417,0.108173,1790573
1966-11-30,0.164417,0.166986,0.164417,0.166343,0.109440,1401318
1966-12-01,0.167628,0.173087,0.167628,0.168270,0.110708,2841561
1966-12-02,0.168270,0.172445,0.167307,0.170518,0.112187,1634871
1966-12-05,0.170518,0.181115,0.170197,0.175977,0.115779,11210542
1966-12-06,0.177904,0.185611,0.177904,0.180473,0.118737,4009326
1966-12-07,0.180473,0.184969,0.178546,0.179831,0.118314,3230816
1966-12-08,0.179831,0.181115,0.177583,0.178867,0.117680,2724785
1966-12-09,0.178867,0.179510,0.175977,0.177262,0.116624,2374455
1966-12-12,0.177262,0.181757,0.177262,0.181757,0.119581,4203953
1966-12-13,0.181757,0.182400,0.174693,0.175977,0.115779,2919412
1966-12-14,0.175977,0.179188,0.174693,0.174693,0.114934,1829498
1966-12-15,0.174693,0.177262,0.165701,0.177262,0.116624,12222605
1966-12-16,0.182400,0.204236,0.182400,0.201346,0.132469,41533502
1966-12-19,0.201346,0.207769,0.197172,0.199098,0.130991,15842676
1966-12-20,0.199098,0.200383,0.190749,0.192997,0.126977,5605271
1966-12-21,0.192997,0.201025,0.192034,0.199098,0.130991,4437506
1966-12-22,0.200383,0.210659,0.200383,0.210017,0.138174,7746173
1966-12-23,0.210017,0.217081,0.205842,0.214833,0.141343,8407907
1966-12-27,0.214833,0.215797,0.208090,0.209053,0.137540,3503294
1966-12-28,0.209053,0.212586,0.199419,0.200383,0.131836,5293867
1966-12-29,0.200383,0.202952,0.197814,0.201667,0.132681,2763710
1966-12-30,0.201667,0.204236,0.199419,0.203594,0.133948,1829498
1967-01-03,0.203594,0.203594,0.197172,0.197493,0.129934,2646934
1967-01-04,0.197493,0.199098,0.192676,0.195887,0.128878,6305930
1967-01-05,0.199741,0.207448,0.199741,0.207448,0.136484,4242879
1967-01-06,0.207448,0.210017,0.204236,0.206163,0.135639,1985200
1967-01-09,0.206163,0.208732,0.204879,0.206805,0.136061,2724785
1967-01-10,0.206805,0.208090,0.203594,0.204236,0.134371,2569083
1967-01-11,0.204236,0.206163,0.199098,0.200383,0.131836,2958338
1967-01-12,0.201988,0.210017,0.201988,0.208090,0.136906,3931475
1967-01-13,0.207448,0.207448,0.201988,0.203273,0.133737,1946275
1967-01-16,0.203273,0.218366,0.203273,0.214512,0.141132,6305930
1967-01-17,0.214512,0.219650,0.213870,0.215797,0.141977,4554283
1967-01-18,0.215797,0.220935,0.215155,0.218366,0.143667,4281804
1967-01-19,0.218366,0.233459,0.215797,0.228642,0.150428,7123365
1967-01-20,0.228642,0.237633,0.228000,0.236349,0.155499,5527420
1967-01-23,0.236349,0.242771,0.234422,0.234422,0.154231,7356918
1967-01-24,0.234422,0.236991,0.229284,0.233780,0.153808,4398581
1967-01-25,0.233780,0.235064,0.227357,0.227357,0.149583,2140902
1967-01-26,0.227357,0.235707,0.223504,0.228000,0.150006,3347592
1967-01-27,0.228000,0.232495,0.226715,0.226715,0.149160,2335530
1967-01-30,0.226715,0.231211,0.226394,0.226394,0.148949,2257679
1967-01-31,0.226394,0.229284,0.226073,0.226073,0.148738,2140902
1967-02-01,0.226073,0.226073,0.222862,0.222862,0.146625,1440243
1967-02-02,0.222862,0.223504,0.215797,0.219008,0.144090,3620071
1967-02-03,0.219650,0.222219,0.219650,0.219650,0.144512,2491232
1967-02-06,0.219650,0.220935,0.214191,0.218366,0.143667,2335530
1967-02-07,0.218366,0.218366,0.215155,0.215797,0.141977,739584
1967-02-08,0.215797,0.217724,0.213870,0.213870,0.140709,1518094
1967-02-09,0.213870,0.219008,0.206805,0.209374,0.137751,6111303
1967-02-10,0.209374,0.210017,0.202952,0.204236,0.134371,4165028
1967-02-13,0.204236,0.204879,0.195245,0.198456,0.130568,5916675
1967-02-14,0.200383,0.207448,0.200383,0.204236,0.134371,4826761
1967-02-15,0.204236,0.206805,0.204236,0.204236,0.134371,1751647
1967-02-16,0.204879,0.210017,0.204879,0.208090,0.136906,2452306
1967-02-17,0.207448,0.207448,0.202952,0.206163,0.135639,2218753
1967-02-20,0.206163,0.208090,0.204879,0.204879,0.134794,1323467
1967-02-21,0.205521,0.209374,0.205521,0.206163,0.135639,2608008
1967-02-23,0.206163,0.206805,0.206163,0.206163,0.135639,661733
1967-02-24,0.206163,0.207448,0.205842,0.205842,0.135427,583882
1967-02-27,0.205842,0.207448,0.205200,0.205521,0.135216,6344856
1967-02-28,0.205521,0.216439,0.204879,0.213549,0.140498,5644197
1967-03-01,0.214512,0.217081,0.214512,0.215797,0.141977,2530157
1967-03-02,0.215797,0.216439,0.214191,0.215155,0.141555,778510
1967-03-03,0.215155,0.216439,0.214833,0.216439,0.142399,2218753
1967-03-06,0.217081,0.223504,0.217081,0.223504,0.147048,3658996
1967-03-07,0.223504,0.230569,0.223504,0.226073,0.148738,2296604
1967-03-08,0.226073,0.231211,0.224788,0.224788,0.147892,2685859
1967-03-09,0.224788,0.229926,0.224788,0.224788,0.147892,1595945
1967-03-10,0.224788,0.229926,0.223504,0.227357,0.149754,1557020
1967-03-13,0.227357,0.227357,0.220935,0.220935,0.145524,1167765
1967-03-14,0.220935,0.220935,0.218366,0.219008,0.144255,1829498
1967-03-15,0.219008,0.222219,0.218366,0.219650,0.144677,895286
1967-03-16,0.219650,0.220293,0.213870,0.213870,0.140870,1167765
1967-03-17,0.213870,0.215155,0.212586,0.212586,0.140025,1712722
1967-03-20,0.212586,0.215476,0.211943,0.215155,0.141717,895286
1967-03-21,0.217081,0.220935,0.217081,0.217081,0.142985,700659
1967-03-22,0.217081,0.217403,0.215797,0.215797,0.142140,467106
1967-03-23,0.216118,0.219650,0.216118,0.219650,0.144677,583882
1967-03-27,0.221256,0.222862,0.221256,0.221898,0.146158,1634871
1967-03-28,0.222219,0.226715,0.222219,0.226715,0.149331,1245616
1967-03-29,0.228000,0.232495,0.228000,0.228642,0.150600,3075114
1967-03-30,0.228642,0.228642,0.226715,0.226715,0.149331,1206690
1967-03-31,0.226715,0.228000,0.225431,0.226073,0.148908,895286
1967-04-03,0.226073,0.226073,0.218366,0.218366,0.143832,1595945
1967-04-04,0.218366,0.222219,0.215797,0.221577,0.145947,4515357
1967-04-05,0.221577,0.221577,0.219008,0.221577,0.145947,739584
1967-04-06,0.221577,0.222219,0.219650,0.222219,0.146370,5566346
1967-04-07,0.222219,0.222219,0.219650,0.219650,0.144677,2997263
1967-04-10,0.219650,0.219650,0.215797,0.217081,0.142985,1362392
1967-04-11,0.217081,0.223504,0.217081,0.222219,0.146370,973137
1967-04-12,0.221577,0.221577,0.219008,0.219008,0.144255,3581145
1967-04-13,0.219008,0.220935,0.217724,0.219650,0.144677,3114040
1967-04-14,0.220293,0.221898,0.220293,0.221577,0.145947,1751647
1967-04-17,0.221577,0.232495,0.221577,0.232495,0.153138,3892549
1967-04-18,0.233138,0.238597,0.233138,0.238597,0.157157,3697922
1967-04-19,0.238597,0.241166,0.235064,0.235064,0.154830,2413381
1967-04-20,0.235064,0.236991,0.233780,0.236349,0.155677,973137
1967-04-21,0.236349,0.245340,0.236349,0.242771,0.159907,3581145
1967-04-24,0.242771,0.244698,0.240202,0.240202,0.158214,1790573
1967-04-25,0.240202,0.241487,0.236349,0.236349,0.155677,1362392
1967-04-26,0.237633,0.244056,0.237633,0.239560,0.157792,2218753
1967-04-27,0.240845,0.244056,0.240845,0.241487,0.159061,1634871
1967-04-28,0.243414,0.251763,0.243414,0.251442,0.165618,3503294
1967-05-01,0.251763,0.257864,0.251763,0.257543,0.169636,2140902
1967-05-02,0.257543,0.258828,0.254332,0.255617,0.168368,2024126
1967-05-03,0.255938,0.260755,0.255938,0.255938,0.168579,1907349
1967-05-04,0.255938,0.258186,0.255617,0.256901,0.169214,700659
1967-05-05,0.256901,0.257864,0.255617,0.256259,0.168791,622808
1967-05-08,0.256259,0.256901,0.247267,0.247267,0.162868,2841561
1967-05-09,0.247267,0.248552,0.244056,0.244056,0.160753,1557020
1967-05-10,0.242771,0.242771,0.239560,0.239560,0.157792,2218753
1967-05-11,0.239560,0.243414,0.235707,0.242129,0.159484,3464369
1967-05-12,0.244056,0.247910,0.244056,0.244056,0.160753,1829498
1967-05-15,0.244056,0.245983,0.240845,0.241808,0.159272,1518094
1967-05-16,0.241808,0.245983,0.240202,0.245983,0.162022,2491232
1967-05-17,0.245983,0.249194,0.245983,0.247267,0.162868,2608008
1967-05-18,0.247267,0.252084,0.246625,0.251121,0.165406,1634871
1967-05-19,0.251121,0.253048,0.250479,0.252405,0.166252,1595945
1967-05-22,0.254332,0.263966,0.254332,0.263966,0.173867,3269742
1967-05-23,0.263966,0.266535,0.256901,0.257543,0.169636,2024126
1967-05-24,0.255617,0.255617,0.249194,0.250479,0.164984,2997263
1967-05-25,0.250479,0.254011,0.250479,0.250479,0.164984,1089914
1967-05-26,0.250479,0.254332,0.249836,0.249836,0.164560,1284541
1967-05-29,0.249836,0.251121,0.246625,0.246625,0.162445,1206690
1967-05-31,0.245983,0.245983,0.241487,0.241487,0.159061,2218753
1967-06-01,0.241487,0.245983,0.241487,0.245983,0.162022,856361
1967-06-02,0.245983,0.247910,0.244056,0.246625,0.162445,2101977
1967-06-05,0.242771,0.242771,0.234422,0.235707,0.155254,2179828
1967-06-06,0.236349,0.241487,0.236349,0.240202,0.158214,1323467
1967-06-07,0.242129,0.245983,0.242129,0.244056,0.160753,1089914
1967-06-08,0.244056,0.251121,0.244056,0.251121,0.165406,2763710
1967-06-09,0.251121,0.252405,0.247910,0.251121,0.165576,973137
1967-06-12,0.251121,0.263324,0.251121,0.258186,0.170234,2919412
1967-06-13,0.258186,0.258828,0.253048,0.253690,0.167270,2530157
1967-06-14,0.253690,0.256901,0.251121,0.256259,0.168964,856361
1967-06-15,0.256259,0.262039,0.254974,0.260755,0.171928,1868424
1967-06-16,0.260755,0.260755,0.254332,0.255617,0.168540,9303193
1967-06-19,0.256901,0.266535,0.256901,0.265250,0.174892,6305930
1967-06-20,0.265893,0.269746,0.265893,0.266535,0.175739,3152965
1967-06-21,0.267177,0.272315,0.267177,0.267177,0.176162,3697922
1967-06-22,0.267177,0.268462,0.266535,0.268462,0.177010,700659
1967-06-23,0.270388,0.270388,0.267177,0.268783,0.177221,2530157
1967-06-26,0.268783,0.269425,0.265893,0.265893,0.175316,428180
1967-06-27,0.265893,0.265893,0.263966,0.265893,0.175316,1245616
1967-06-28,0.265250,0.265250,0.263966,0.264608,0.174469,817435
1967-06-29,0.264608,0.264608,0.261076,0.261076,0.172140,934212
1967-06-30,0.259470,0.259470,0.255617,0.255617,0.168540,583882
1967-07-03,0.254974,0.254974,0.252405,0.252405,0.166423,817435
1967-07-05,0.252405,0.254332,0.249194,0.250479,0.165153,1751647
1967-07-06,0.249836,0.249836,0.247910,0.247910,0.163459,1751647
1967-07-07,0.247267,0.247267,0.245340,0.245340,0.161764,1557020
1967-07-10,0.245340,0.246625,0.244698,0.245340,0.161764,1284541
1967-07-11,0.245340,0.246625,0.243414,0.243414,0.160494,1712722
1967-07-12,0.243414,0.244056,0.237633,0.238276,0.157107,2491232
1967-07-13,0.239560,0.242771,0.239560,0.239560,0.157953,1595945
1967-07-14,0.239560,0.240202,0.236028,0.237633,0.156683,2296604
1967-07-17,0.236670,0.236670,0.229284,0.229284,0.151178,2608008
1967-07-18,0.229284,0.232495,0.229284,0.229284,0.151178,1673796
1967-07-19,0.229284,0.231211,0.229284,0.229926,0.151601,1323467
1967-07-20,0.229926,0.229926,0.227357,0.227357,0.149907,4826761
1967-07-21,0.229926,0.240202,0.229926,0.240202,0.158377,3620071
1967-07-24,0.240202,0.241487,0.229284,0.229284,0.151178,2140902
1967-07-25,0.225110,0.225110,0.216118,0.219008,0.144402,8174354
1967-07-26,0.217724,0.217724,0.211301,0.212586,0.140168,4593208
1967-07-27,0.212586,0.213870,0.207126,0.208732,0.137627,3853624
1967-07-28,0.211301,0.214512,0.211301,0.211943,0.139744,2179828
1967-07-31,0.211943,0.211943,0.207126,0.208090,0.137204,3075114
1967-08-01,0.208090,0.222862,0.208090,0.222862,0.146943,2802636
1967-08-02,0.222862,0.228642,0.220935,0.220935,0.145673,4087177
1967-08-03,0.220935,0.220935,0.210659,0.214512,0.141438,2919412
1967-08-04,0.214512,0.220293,0.214512,0.215797,0.142285,5060314
1967-08-07,0.215797,0.218366,0.213870,0.213870,0.141015,1128839
1967-08-08,0.213870,0.217081,0.213870,0.217081,0.143132,389255
1967-08-09,0.217081,0.220614,0.217081,0.219329,0.144614,1868424
1967-08-10,0.219650,0.222219,0.219650,0.219650,0.144826,1245616
1967-08-11,0.218366,0.218366,0.213228,0.213549,0.140803,1323467
1967-08-14,0.213549,0.215155,0.213228,0.213870,0.141015,1440243
1967-08-15,0.213870,0.215155,0.213870,0.214512,0.141438,1401318
1967-08-16,0.214512,0.217081,0.213870,0.214512,0.141438,2530157
1967-08-17,0.214512,0.217081,0.214512,0.217081,0.143132,1245616
1967-08-18,0.219008,0.228000,0.219008,0.226715,0.149484,2530157
1967-08-21,0.226715,0.229926,0.223504,0.223504,0.147367,1790573
1967-08-22,0.224788,0.229926,0.224788,0.228963,0.150966,1362392
1967-08-23,0.228963,0.230248,0.227357,0.227357,0.149907,1167765
1967-08-24,0.229926,0.235707,0.229926,0.235707,0.155413,1985200
1967-08-25,0.235707,0.238276,0.232495,0.238276,0.157107,1673796
1967-08-28,0.238276,0.241487,0.238276,0.239560,0.157953,1323467
1967-08-29,0.239560,0.241166,0.239239,0.240202,0.158377,1323467
1967-08-30,0.240202,0.241166,0.237633,0.238597,0.157318,1595945
1967-08-31,0.238597,0.240202,0.237633,0.237633,0.156683,739584
1967-09-01,0.239560,0.247910,0.239560,0.244056,0.160918,5216016
1967-09-05,0.244056,0.244056,0.241487,0.243735,0.160706,506031
1967-09-06,0.243735,0.244056,0.241487,0.242771,0.160070,3308667
1967-09-07,0.242771,0.244698,0.238918,0.239560,0.157953,4554283
1967-09-08,0.240202,0.244056,0.240202,0.240202,0.158547,2101977
1967-09-11,0.240202,0.242771,0.239560,0.242129,0.159819,3464369
1967-09-12,0.242129,0.242129,0.240845,0.241487,0.159395,778510
1967-09-13,0.241487,0.242129,0.240845,0.241487,0.159395,2179828
1967-09-14,0.241487,0.244056,0.240845,0.244056,0.161091,1323467
1967-09-15,0.245340,0.260755,0.245340,0.260755,0.172113,6033452
1967-09-18,0.260755,0.267177,0.257543,0.260755,0.172113,3308667
1967-09-19,0.260755,0.262039,0.256259,0.256259,0.169145,1518094
1967-09-20,0.256259,0.258828,0.254332,0.258186,0.170417,1518094
1967-09-21,0.258186,0.258186,0.256901,0.258186,0.170417,973137
1967-09-22,0.259470,0.263966,0.259470,0.259470,0.171265,2802636
1967-09-25,0.259470,0.262039,0.258828,0.260755,0.172113,2024126
1967-09-26,0.260755,0.261718,0.256901,0.256901,0.169569,1284541
1967-09-27,0.256901,0.259470,0.256901,0.256901,0.169569,2452306
1967-09-28,0.256901,0.259149,0.256901,0.257543,0.169993,1284541
1967-09-29,0.257543,0.258186,0.256901,0.256901,0.169569,739584
1967-10-02,0.256901,0.259470,0.254974,0.254974,0.168297,1479169
1967-10-03,0.254974,0.255295,0.250479,0.251763,0.166178,1323467
1967-10-04,0.251763,0.253690,0.250479,0.251121,0.165754,1907349
1967-10-05,0.251121,0.251121,0.247910,0.248231,0.163846,1050988
1967-10-06,0.248231,0.249836,0.246625,0.248552,0.164058,1050988
1967-10-09,0.248552,0.250800,0.248552,0.250479,0.165330,856361
1967-10-10,0.250479,0.252405,0.249836,0.249836,0.164906,1089914
1967-10-11,0.249836,0.251121,0.247267,0.250479,0.165330,1128839
1967-10-12,0.251763,0.256901,0.251763,0.254974,0.168297,817435
1967-10-13,0.254974,0.259470,0.253690,0.259470,0.171265,583882
1967-10-16,0.263324,0.274242,0.263324,0.269746,0.178047,5177091
1967-10-17,0.269746,0.272315,0.269746,0.269746,0.178047,1479169
1967-10-18,0.269746,0.270388,0.262039,0.263966,0.174232,1673796
1967-10-19,0.263966,0.263966,0.256901,0.259470,0.171265,6773036
1967-10-20,0.259470,0.265250,0.256901,0.262039,0.172960,934212
1967-10-23,0.262039,0.267177,0.260112,0.262039,0.172960,1362392
1967-10-24,0.262039,0.266535,0.260755,0.260755,0.172113,1128839
1967-10-25,0.260755,0.266535,0.256901,0.266535,0.175928,1440243
1967-10-26,0.268462,0.272957,0.268462,0.270388,0.178471,1440243
1967-10-27,0.270388,0.272315,0.270388,0.271031,0.178895,1634871
1967-10-30,0.271673,0.279701,0.271673,0.278738,0.183982,1518094
1967-10-31,0.278738,0.292867,0.278738,0.283233,0.186949,3970400
1967-11-01,0.283233,0.287729,0.280022,0.286445,0.189069,1089914
1967-11-02,0.286445,0.290298,0.282591,0.287729,0.189917,2101977
1967-11-03,0.287087,0.287087,0.278738,0.278738,0.183982,1712722
1967-11-06,0.278738,0.281949,0.276811,0.280664,0.185254,1362392
1967-11-08,0.282591,0.292225,0.282591,0.282912,0.186738,1712722
1967-11-09,0.282912,0.285160,0.280022,0.282591,0.186526,700659
1967-11-10,0.282591,0.287729,0.278738,0.278738,0.183982,817435
1967-11-13,0.277453,0.277453,0.262039,0.264608,0.174656,4787836
1967-11-14,0.264608,0.267177,0.262039,0.262039,0.172960,1012063
1967-11-15,0.264608,0.269746,0.264608,0.269746,0.178047,583882
1967-11-16,0.277453,0.277453,0.269746,0.277453,0.183134,700659
1967-11-17,0.278738,0.285160,0.278738,0.285160,0.188221,1050988
1967-11-20,0.281307,0.281307,0.269746,0.273600,0.180591,2043588
1967-11-21,0.276169,0.282591,0.276169,0.278095,0.183558,1109377
1967-11-22,0.282591,0.290298,0.282591,0.289014,0.190765,1284541
1967-11-24,0.289014,0.290298,0.283876,0.285802,0.188645,1031526
1967-11-27,0.285802,0.287729,0.283876,0.285160,0.188221,661733
1967-11-28,0.289014,0.304428,0.289014,0.303143,0.200091,2354992
1967-11-29,0.305712,0.322411,0.305712,0.318557,0.210265,2705322
1967-11-30,0.318557,0.318557,0.308281,0.317915,0.209841,1479169
1967-12-01,0.317915,0.323053,0.306997,0.321126,0.212218,1342930
1967-12-04,0.321126,0.323695,0.320484,0.322411,0.213067,1167765
1967-12-05,0.322411,0.323053,0.314704,0.314704,0.207974,1031526
1967-12-06,0.313419,0.313419,0.304428,0.309566,0.204578,1381855
1967-12-07,0.308281,0.308281,0.301859,0.301859,0.199485,875824
1967-12-08,0.301859,0.304428,0.299290,0.303785,0.200758,1148302
1967-12-11,0.303785,0.304428,0.299290,0.299290,0.197788,661733
1967-12-12,0.299290,0.299932,0.298005,0.299290,0.197788,953675
1967-12-13,0.299290,0.300574,0.298005,0.298647,0.197362,583882
1967-12-14,0.298647,0.298647,0.295436,0.296078,0.195665,2101977
1967-12-15,0.296078,0.298005,0.295436,0.298005,0.196938,1518094
1967-12-18,0.298005,0.299290,0.296721,0.296721,0.196090,700659
1967-12-19,0.297363,0.300574,0.297363,0.297363,0.196514,875824
1967-12-20,0.295436,0.295436,0.291583,0.294152,0.194392,1304004
1967-12-21,0.294152,0.298005,0.287729,0.287729,0.190147,603345
1967-12-22,0.287729,0.290298,0.285160,0.287729,0.190147,797973
1967-12-26,0.287729,0.292225,0.286445,0.288371,0.190572,564420
1967-12-27,0.289014,0.292225,0.289014,0.291583,0.192694,2024126
1967-12-28,0.291583,0.292225,0.286445,0.287729,0.190147,1557020
1967-12-29,0.287729,0.287729,0.282591,0.283876,0.187601,1226153
1968-01-02,0.282591,0.282591,0.276169,0.280022,0.185054,720122
1968-01-03,0.280022,0.291583,0.280022,0.282591,0.186752,1226153
1968-01-04,0.282591,0.282591,0.277453,0.282591,0.186752,836898
1968-01-05,0.285160,0.290298,0.285160,0.285160,0.188450,408718
1968-01-08,0.285160,0.294152,0.283876,0.290298,0.191845,1595945
1968-01-09,0.290298,0.292225,0.283876,0.287087,0.189723,1031526
1968-01-10,0.283876,0.283876,0.278738,0.281949,0.186328,1673796
1968-01-11,0.281949,0.281949,0.276811,0.276811,0.182932,856361
1968-01-12,0.276811,0.280022,0.272315,0.277453,0.183356,1868424
1968-01-15,0.280022,0.290298,0.280022,0.290298,0.191845,1732184
1968-01-16,0.290298,0.298005,0.290298,0.292225,0.193119,1070451
1968-01-17,0.294152,0.301859,0.294152,0.300574,0.198636,1712722
1968-01-18,0.300574,0.307639,0.300574,0.306997,0.202881,1265079
1968-01-19,0.306997,0.308281,0.305712,0.305712,0.202032,973137
1968-01-22,0.305712,0.305712,0.301859,0.301859,0.199485,973137
1968-01-23,0.301859,0.301859,0.299290,0.299932,0.198212,642271
1968-01-24,0.299932,0.299932,0.296721,0.296721,0.196090,681196
1968-01-25,0.296721,0.301216,0.293509,0.300574,0.198636,1050988
1968-01-26,0.300574,0.301216,0.295436,0.299290,0.197788,973137
1968-01-29,0.298005,0.298005,0.296078,0.296078,0.195665,428180
1968-01-30,0.296078,0.298647,0.294152,0.295436,0.195241,622808
1968-01-31,0.294152,0.294152,0.289014,0.291583,0.192694,1070451
1968-02-01,0.294152,0.299932,0.294152,0.296721,0.196090,1265079
1968-02-02,0.296721,0.299932,0.292225,0.292225,0.193119,817435
1968-02-05,0.292225,0.292225,0.285160,0.285160,0.188450,1089914
1968-02-06,0.285160,0.287729,0.282591,0.284518,0.188025,525494
1968-02-07,0.287729,0.296721,0.287729,0.291583,0.192694,506031
1968-02-08,0.291583,0.296721,0.280664,0.280664,0.185478,778510
1968-02-09,0.280664,0.281949,0.267177,0.269746,0.178263,3036189
1968-02-13,0.269746,0.280022,0.262039,0.262039,0.173170,1148302
1968-02-14,0.262039,0.267177,0.258186,0.263324,0.174019,1265079
1968-02-15,0.263324,0.267177,0.262039,0.264608,0.174868,408718
1968-02-16,0.267177,0.269746,0.267177,0.268462,0.177415,350329
1968-02-19,0.268462,0.268462,0.258186,0.261397,0.172746,875824
1968-02-20,0.261397,0.267177,0.260755,0.267177,0.176565,1050988
1968-02-21,0.267177,0.272315,0.267177,0.267819,0.176990,330867
1968-02-23,0.267177,0.267177,0.253048,0.253048,0.167228,1070451
1968-02-26,0.249836,0.249836,0.245340,0.246625,0.162984,1245616
1968-02-27,0.246625,0.246625,0.244698,0.245983,0.162559,564420
1968-02-28,0.245983,0.250479,0.244698,0.244698,0.161710,1304004
1968-02-29,0.244698,0.245340,0.240202,0.240202,0.158739,778510
1968-03-01,0.240202,0.240202,0.233780,0.236349,0.156193,467106
1968-03-04,0.236349,0.238276,0.215797,0.218366,0.144308,6773036
1968-03-05,0.218366,0.222219,0.215797,0.220935,0.146006,1654334
1968-03-06,0.221577,0.227357,0.221577,0.226715,0.149826,1167765
1968-03-07,0.226715,0.231211,0.226073,0.231211,0.152797,3814698
1968-03-08,0.231211,0.240845,0.229926,0.240845,0.159164,428180
1968-03-11,0.241487,0.251763,0.241487,0.248552,0.164520,1654334
1968-03-12,0.248552,0.248552,0.242771,0.242771,0.160693,428180
1968-03-13,0.242771,0.244056,0.237633,0.237633,0.157293,486569
1968-03-14,0.237633,0.240202,0.229926,0.229926,0.152191,1012063
1968-03-15,0.229926,0.231211,0.227357,0.228642,0.151341,1050988
1968-03-18,0.231211,0.240845,0.231211,0.238918,0.158143,914749
1968-03-19,0.236349,0.236349,0.233780,0.235064,0.155592,350329
1968-03-20,0.235064,0.236349,0.233780,0.236349,0.156443,389255
1968-03-21,0.236349,0.238918,0.233138,0.233138,0.154317,467106
1968-03-22,0.228642,0.228642,0.218366,0.219650,0.145389,12631323
1968-03-25,0.220293,0.222219,0.220293,0.220293,0.145815,856361
1968-03-26,0.219650,0.219650,0.215797,0.218366,0.144539,1304004
1968-03-27,0.218366,0.219650,0.215155,0.217081,0.143689,1634871
1968-03-28,0.217081,0.219650,0.215155,0.218366,0.144539,2024126
1968-03-29,0.218366,0.218366,0.215155,0.215155,0.142414,1167765
1968-04-01,0.217724,0.226073,0.217724,0.219008,0.144964,3211353
1968-04-02,0.219008,0.231211,0.218366,0.231211,0.153042,3328130
1968-04-03,0.238918,0.256259,0.238918,0.245340,0.162394,3736847
1968-04-04,0.250479,0.254332,0.250479,0.253048,0.167496,2335530
1968-04-05,0.253048,0.254332,0.250479,0.253048,0.167496,1848961
1968-04-08,0.253048,0.256259,0.251763,0.256259,0.169621,1050988
1968-04-10,0.256901,0.267177,0.256901,0.258186,0.170897,3581145
1968-04-11,0.258186,0.261397,0.254332,0.261397,0.173022,1790573
1968-04-15,0.261397,0.273600,0.260755,0.269746,0.178549,3542220
1968-04-16,0.269746,0.272957,0.263324,0.269104,0.178124,1265079
1968-04-17,0.269104,0.271673,0.265893,0.271673,0.179824,1810035
1968-04-18,0.271673,0.274242,0.270388,0.271673,0.179824,1031526
1968-04-19,0.271673,0.276169,0.262039,0.269746,0.178549,2257679
1968-04-22,0.268462,0.268462,0.258186,0.258186,0.170897,2354992
1968-04-23,0.258186,0.268462,0.258186,0.267177,0.176848,1323467
1968-04-24,0.269746,0.278738,0.269746,0.278738,0.184500,2491232
1968-04-25,0.278738,0.283876,0.277453,0.281949,0.186626,1693259
1968-04-26,0.280022,0.280022,0.274884,0.274884,0.181949,681196
1968-04-29,0.274884,0.289014,0.273600,0.287729,0.190452,3308667
1968-04-30,0.286445,0.286445,0.282591,0.282591,0.187051,1031526
1968-05-01,0.282591,0.285160,0.280022,0.283876,0.187901,1323467
1968-05-02,0.285160,0.301859,0.285160,0.296721,0.196404,3075114
1968-05-03,0.296721,0.306997,0.294152,0.295436,0.195553,2063051
1968-05-06,0.295436,0.300574,0.292867,0.292867,0.193853,3328130
1968-05-07,0.292867,0.298005,0.291583,0.295436,0.195553,1187228
1968-05-08,0.295436,0.298005,0.292867,0.294152,0.194703,4807299
1968-05-09,0.294152,0.295436,0.290298,0.294152,0.194703,1226153
1968-05-10,0.294152,0.296721,0.292867,0.294152,0.194703,1673796
1968-05-13,0.295436,0.301859,0.295436,0.301216,0.199379,2218753
1968-05-14,0.301216,0.303785,0.298005,0.299290,0.198104,1557020
1968-05-15,0.299290,0.300574,0.296721,0.299290,0.198104,778510
1968-05-16,0.299290,0.300574,0.296721,0.298005,0.197254,603345
1968-05-17,0.298005,0.300574,0.297363,0.299932,0.198529,914749
1968-05-20,0.299932,0.300574,0.298005,0.298005,0.197254,1693259
1968-05-21,0.298005,0.299932,0.291583,0.296078,0.195978,1265079
1968-05-22,0.296078,0.301859,0.294152,0.299932,0.198529,1615408
1968-05-23,0.299932,0.303143,0.299290,0.300574,0.198954,642271
1968-05-24,0.300574,0.301859,0.298005,0.299932,0.198529,1284541
1968-05-27,0.301859,0.308281,0.301859,0.308281,0.204055,1907349
1968-05-28,0.308281,0.317273,0.307639,0.317273,0.210007,2082514
1968-05-29,0.317273,0.331402,0.315988,0.326907,0.216384,1420781
1968-05-31,0.327549,0.339109,0.327549,0.336540,0.222760,1440243
1968-06-03,0.336540,0.345532,0.336540,0.345532,0.228712,1595945
1968-06-04,0.345532,0.351954,0.345532,0.349385,0.231263,953675
1968-06-05,0.346816,0.346816,0.339109,0.339109,0.224461,953675
1968-06-06,0.339109,0.344247,0.328833,0.344247,0.227862,1381855
1968-06-07,0.344247,0.348101,0.339109,0.342963,0.227012,856361
1968-06-10,0.342963,0.344247,0.337825,0.341678,0.226161,603345
1968-06-11,0.341678,0.348101,0.339109,0.348101,0.230413,992600
1968-06-13,0.348101,0.354523,0.348101,0.350670,0.232113,1089914
1968-06-14,0.350670,0.356450,0.342963,0.351312,0.232538,1479169
1968-06-17,0.349385,0.349385,0.345532,0.348101,0.230413,642271
1968-06-18,0.348101,0.348101,0.345532,0.346816,0.229562,389255
1968-06-20,0.346816,0.355808,0.346816,0.354523,0.234664,1342930
1968-06-21,0.354523,0.354523,0.350670,0.350670,0.232113,661733
1968-06-24,0.350670,0.350670,0.342963,0.345532,0.228712,1031526
1968-06-25,0.345532,0.348101,0.341678,0.341678,0.226161,934212
1968-06-27,0.341678,0.344247,0.333971,0.341678,0.226161,1420781
1968-06-28,0.340394,0.340394,0.321126,0.323695,0.214258,2763710
1968-07-01,0.323695,0.323695,0.315988,0.315988,0.209157,1206690
1968-07-02,0.317273,0.323053,0.317273,0.321126,0.212558,506031
1968-07-03,0.322411,0.339109,0.322411,0.332687,0.220210,1128839
1968-07-08,0.332687,0.338467,0.331402,0.337183,0.223186,720122
1968-07-09,0.337183,0.341678,0.336540,0.341678,0.226161,1148302
1968-07-11,0.341678,0.344247,0.337825,0.337825,0.223611,759047
1968-07-12,0.337825,0.341036,0.337825,0.339109,0.224461,311404
1968-07-15,0.339109,0.343605,0.328833,0.343605,0.227437,1401318
1968-07-16,0.343605,0.345532,0.342963,0.343605,0.227437,1440243
1968-07-18,0.343605,0.346174,0.340394,0.342963,0.227012,759047
1968-07-19,0.342963,0.343605,0.339109,0.339109,0.224461,836898
1968-07-22,0.337825,0.337825,0.327549,0.333971,0.221060,1206690
1968-07-23,0.333971,0.333971,0.324980,0.332045,0.219785,992600
1968-07-25,0.332045,0.336540,0.331402,0.336540,0.222760,1654334
1968-07-26,0.336540,0.338467,0.330118,0.333971,0.221060,836898
1968-07-29,0.331402,0.331402,0.315988,0.318557,0.210857,836898
1968-07-30,0.318557,0.323695,0.317273,0.323695,0.214258,992600
1968-08-01,0.323695,0.332687,0.323695,0.328833,0.217659,1050988
1968-08-02,0.328833,0.344247,0.328833,0.336540,0.222760,1751647
1968-08-05,0.339109,0.344247,0.339109,0.344247,0.227862,836898
1968-08-06,0.348101,0.351954,0.348101,0.349385,0.231263,544957
1968-08-08,0.346816,0.346816,0.339109,0.344247,0.227862,1167765
1968-08-09,0.344247,0.348101,0.341678,0.341678,0.226161,934212
1968-08-12,0.344247,0.351954,0.344247,0.349385,0.231263,778510
1968-08-13,0.349385,0.359661,0.349385,0.357092,0.236364,1342930
1968-08-15,0.363515,0.375076,0.363515,0.373791,0.247417,1167765
1968-08-16,0.373791,0.376360,0.371222,0.376360,0.249118,1050988
1968-08-19,0.376360,0.376360,0.369938,0.372507,0.246567,895286
1968-08-20,0.369295,0.369295,0.364799,0.367368,0.243166,1089914
1968-08-22,0.367368,0.368653,0.360304,0.360304,0.238490,1829498
1968-08-23,0.360304,0.362873,0.358377,0.362230,0.239765,467106
1968-08-26,0.359661,0.359661,0.354523,0.357092,0.236364,350329
1968-08-27,0.357092,0.360946,0.357092,0.357092,0.236364,447643
1968-08-29,0.359661,0.371222,0.359661,0.371222,0.245717,1498632
1968-08-30,0.371222,0.372507,0.368653,0.368653,0.244017,506031
1968-09-03,0.368653,0.378929,0.367368,0.373791,0.247417,1187228
1968-09-04,0.373791,0.382783,0.371864,0.379571,0.251243,759047
1968-09-05,0.387921,0.396912,0.387921,0.390490,0.258471,1518094
1968-09-06,0.390490,0.396912,0.390490,0.394343,0.261021,720122
1968-09-09,0.394343,0.398839,0.393059,0.395628,0.261872,447643
1968-09-10,0.395628,0.396270,0.391774,0.391774,0.259573,369792
1968-09-12,0.391774,0.391774,0.384067,0.391774,0.259573,778510
1968-09-13,0.391774,0.396912,0.390490,0.394343,0.261275,953675
1968-09-16,0.394343,0.399481,0.391774,0.399481,0.264680,272478
1968-09-17,0.400766,0.405904,0.400766,0.405904,0.268935,467106
1968-09-19,0.405904,0.421318,0.403335,0.416822,0.276169,1732184
1968-09-20,0.416180,0.416180,0.411042,0.411042,0.272339,720122
1968-09-23,0.411042,0.411042,0.395628,0.395628,0.262127,661733
1968-09-24,0.395628,0.398197,0.386636,0.391132,0.259148,1265079
1968-09-26,0.389205,0.389205,0.385994,0.385994,0.255744,330867
1968-09-27,0.385352,0.385352,0.381498,0.384067,0.254467,330867
1968-09-30,0.384067,0.384709,0.375076,0.380214,0.251914,1148302
1968-10-01,0.380214,0.394343,0.376360,0.385352,0.255318,875824
1968-10-03,0.385352,0.392416,0.385352,0.390490,0.258722,1167765
1968-10-04,0.389205,0.389205,0.381498,0.381498,0.252765,506031
1968-10-07,0.381498,0.384067,0.376360,0.378929,0.251063,1518094
1968-10-08,0.378929,0.382783,0.376360,0.378929,0.251063,720122
1968-10-10,0.378929,0.382783,0.375076,0.381498,0.252765,895286
1968-10-11,0.381498,0.384709,0.380214,0.382783,0.253616,116776
1968-10-14,0.382783,0.385352,0.382783,0.382783,0.253616,214090
1968-10-15,0.385352,0.395628,0.385352,0.394343,0.261275,759047
1968-10-17,0.400766,0.405904,0.400766,0.404619,0.268084,875824
1968-10-18,0.404619,0.411042,0.403335,0.411042,0.272339,681196
1968-10-21,0.411042,0.411042,0.400766,0.400766,0.265531,1070451
1968-10-22,0.400766,0.403335,0.398197,0.403335,0.267233,447643
1968-10-24,0.403335,0.404619,0.396912,0.396912,0.262977,525494
1968-10-25,0.399481,0.405261,0.399481,0.403335,0.267233,311404
1968-10-28,0.403335,0.405261,0.400766,0.402050,0.266382,369792
1968-10-29,0.400766,0.400766,0.399481,0.400766,0.265531,214090
1968-10-31,0.398839,0.398839,0.390490,0.390490,0.258722,486569
1968-11-01,0.390490,0.393059,0.387921,0.390490,0.258722,350329
1968-11-04,0.390490,0.400766,0.390490,0.400766,0.265531,720122
1968-11-06,0.398197,0.398197,0.395628,0.395628,0.262127,369792
1968-11-07,0.394343,0.394343,0.387921,0.394343,0.261275,350329
1968-11-08,0.394343,0.400766,0.394343,0.395628,0.262127,330867
1968-11-12,0.395628,0.400766,0.395628,0.400123,0.265105,350329
1968-11-13,0.400766,0.405904,0.400766,0.403335,0.267233,622808
1968-11-14,0.403335,0.408473,0.400766,0.408473,0.270637,797973
1968-11-15,0.408473,0.411042,0.400766,0.400766,0.265531,953675
1968-11-18,0.404619,0.411042,0.404619,0.408473,0.270637,1265079
1968-11-19,0.408473,0.409757,0.405904,0.405904,0.268935,506031
1968-11-21,0.405904,0.417464,0.403335,0.412326,0.273190,1070451
1968-11-22,0.412326,0.416180,0.409757,0.409757,0.271488,525494
1968-11-25,0.409757,0.413611,0.403335,0.411042,0.272595,642271
1968-11-26,0.411042,0.411042,0.407188,0.409757,0.271743,1031526
1968-11-27,0.409757,0.411042,0.405904,0.405904,0.269188,973137
1968-11-29,0.405904,0.412326,0.405904,0.408473,0.270892,389255
1968-12-02,0.412326,0.418749,0.412326,0.418749,0.277707,564420
1968-12-03,0.418749,0.431594,0.417464,0.431594,0.286225,2841561
1968-12-05,0.431594,0.435447,0.429025,0.429025,0.284521,856361
1968-12-06,0.429025,0.429025,0.427740,0.427740,0.283669,467106
1968-12-09,0.427740,0.430309,0.426456,0.429025,0.284521,564420
1968-12-10,0.429025,0.429025,0.427740,0.429025,0.284521,136239
1968-12-12,0.429025,0.444439,0.429025,0.444439,0.294744,953675
1968-12-13,0.444439,0.472698,0.444439,0.467560,0.310077,1342930
1968-12-16,0.470129,0.480405,0.470129,0.475909,0.315614,2043588
1968-12-17,0.475267,0.475267,0.472698,0.473982,0.314336,389255
1968-12-19,0.472698,0.472698,0.467560,0.470129,0.311781,428180
1968-12-20,0.470129,0.472698,0.458568,0.458568,0.304114,759047
1968-12-23,0.457284,0.457284,0.441870,0.441870,0.293040,1187228
1968-12-24,0.441870,0.443154,0.436732,0.443154,0.293891,642271
1968-12-26,0.440585,0.440585,0.438016,0.438016,0.290484,77851
1968-12-27,0.438016,0.441870,0.438016,0.441870,0.293040,233553
1968-12-30,0.439301,0.439301,0.434163,0.434163,0.287929,661733
1968-12-31,0.434163,0.439301,0.431594,0.436732,0.289633,467106
1969-01-02,0.434163,0.434163,0.426456,0.426456,0.282818,253016
1969-01-03,0.426456,0.426456,0.426456,0.426456,0.282818,58388
1969-01-06,0.425171,0.425171,0.408473,0.411042,0.272595,544957
1969-01-07,0.408473,0.408473,0.390490,0.396912,0.263225,1693259
1969-01-08,0.399481,0.405904,0.399481,0.405904,0.269188,1012063
1969-01-09,0.408473,0.411042,0.408473,0.408473,0.270892,311404
1969-01-10,0.408473,0.409757,0.404619,0.404619,0.268336,1031526
1969-01-13,0.404619,0.405261,0.395628,0.395628,0.262373,311404
1969-01-14,0.395628,0.400766,0.395628,0.398197,0.264077,681196
1969-01-15,0.400766,0.408473,0.400766,0.408473,0.270892,428180
1969-01-16,0.409757,0.412326,0.409757,0.409757,0.271743,895286
1969-01-17,0.409757,0.409757,0.405904,0.409757,0.271743,759047
1969-01-20,0.409757,0.411042,0.407188,0.407188,0.270040,564420
1969-01-21,0.409757,0.411042,0.409757,0.410399,0.272169,291941
1969-01-22,0.410399,0.411042,0.404619,0.404619,0.268336,233553
1969-01-23,0.405904,0.434163,0.405904,0.434163,0.287929,2899949
1969-01-24,0.434163,0.435447,0.430309,0.435447,0.288780,661733
1969-01-27,0.434163,0.434163,0.421318,0.423887,0.281114,1654334
1969-01-28,0.423887,0.440585,0.423887,0.438016,0.290484,1148302
1969-01-29,0.438016,0.445723,0.431594,0.435447,0.288780,1946275
1969-01-30,0.432878,0.432878,0.426456,0.426456,0.282818,272478
1969-01-31,0.427740,0.431594,0.427740,0.430309,0.285373,408718
1969-02-03,0.430309,0.431594,0.429025,0.431594,0.286225,253016
1969-02-04,0.430309,0.430309,0.427740,0.429025,0.284521,116776
1969-02-05,0.429025,0.430309,0.426456,0.430309,0.285373,272478
1969-02-06,0.430309,0.430309,0.427740,0.427740,0.283669,97314
1969-02-07,0.427740,0.429667,0.427740,0.429025,0.284521,136239
1969-02-11,0.429025,0.431594,0.426456,0.427740,0.283669,369792
1969-02-12,0.427740,0.430309,0.422602,0.423887,0.281114,253016
1969-02-13,0.423887,0.423887,0.412326,0.416180,0.276003,272478
1969-02-14,0.416180,0.416180,0.408473,0.416180,0.276003,467106
1969-02-17,0.416180,0.421318,0.416180,0.416180,0.276003,97314
1969-02-18,0.416180,0.416822,0.404619,0.404619,0.268336,506031
1969-02-19,0.400766,0.400766,0.396912,0.396912,0.263225,214090
1969-02-20,0.396270,0.396270,0.390490,0.390490,0.258966,369792
1969-02-24,0.387921,0.387921,0.375076,0.377645,0.250447,681196
1969-02-25,0.380214,0.387921,0.380214,0.380856,0.252577,350329
1969-02-26,0.380856,0.390490,0.380214,0.385352,0.255558,447643
1969-02-27,0.385352,0.390490,0.385352,0.385352,0.255558,525494
1969-02-28,0.385352,0.386636,0.384067,0.384709,0.255132,875824
1969-03-03,0.382783,0.382783,0.380214,0.380214,0.252151,369792
1969-03-04,0.381498,0.385352,0.381498,0.385352,0.255558,1031526
1969-03-05,0.385352,0.385352,0.384067,0.385352,0.255558,330867
1969-03-06,0.386636,0.390490,0.386636,0.387278,0.257092,253016
1969-03-07,0.387278,0.387278,0.386636,0.387278,0.257092,389255
1969-03-10,0.387278,0.390490,0.385352,0.385994,0.256240,447643
1969-03-11,0.385352,0.385352,0.382783,0.385352,0.255814,214090
1969-03-12,0.383425,0.383425,0.383425,0.383425,0.254535,38925
1969-03-13,0.383425,0.384709,0.372507,0.372507,0.247287,544957
1969-03-14,0.372507,0.376360,0.369938,0.371222,0.246434,506031
1969-03-17,0.371222,0.373791,0.366084,0.367368,0.243875,1187228
1969-03-18,0.367368,0.368653,0.364799,0.364799,0.242170,564420
1969-03-19,0.364799,0.367368,0.359019,0.367368,0.243875,1459706
1969-03-20,0.368653,0.371222,0.368653,0.371222,0.246434,311404
1969-03-21,0.371222,0.375076,0.368653,0.375076,0.248992,681196
1969-03-24,0.380214,0.384067,0.380214,0.382783,0.254109,467106
1969-03-25,0.382783,0.385352,0.380214,0.385352,0.255814,603345
1969-03-26,0.387921,0.393059,0.387921,0.393059,0.260930,311404
1969-03-27,0.393059,0.407188,0.390490,0.407188,0.270310,797973
1969-03-28,0.408473,0.416180,0.408473,0.408473,0.271163,739584
1969-04-01,0.408473,0.411042,0.404619,0.404619,0.268604,797973
1969-04-02,0.403335,0.403335,0.395628,0.396270,0.263062,603345
1969-04-03,0.393059,0.393059,0.391774,0.393059,0.260930,544957
1969-04-07,0.393059,0.396912,0.393059,0.396912,0.263488,447643
1969-04-08,0.396912,0.402050,0.395628,0.402050,0.266899,272478
1969-04-09,0.404619,0.414895,0.404619,0.411042,0.272868,1128839
1969-04-10,0.413611,0.422602,0.413611,0.422602,0.280542,778510
1969-04-11,0.422602,0.425171,0.418749,0.425171,0.282248,447643
1969-04-14,0.427740,0.435447,0.427740,0.431594,0.286511,486569
1969-04-15,0.432878,0.436732,0.432878,0.433521,0.287791,856361
1969-04-16,0.431594,0.431594,0.426456,0.426456,0.283101,194627
1969-04-17,0.426456,0.429025,0.425171,0.427740,0.283953,369792
1969-04-18,0.427740,0.439301,0.427740,0.432878,0.287364,895286
1969-04-21,0.432878,0.432878,0.429025,0.429025,0.284806,136239
1969-04-22,0.429025,0.429667,0.426456,0.426456,0.283101,175165
1969-04-23,0.425813,0.425813,0.421318,0.423887,0.281395,525494
1969-04-24,0.421318,0.421318,0.418749,0.421318,0.279690,253016
1969-04-25,0.422602,0.424529,0.422602,0.424529,0.281821,214090
1969-04-28,0.421960,0.421960,0.408473,0.408473,0.271163,544957
1969-04-29,0.412326,0.421318,0.412326,0.414895,0.275426,681196
1969-04-30,0.417464,0.435447,0.417464,0.425171,0.282248,2335530
1969-05-01,0.425171,0.432878,0.423887,0.429025,0.284806,875824
1969-05-02,0.429025,0.431594,0.426456,0.429025,0.284806,856361
1969-05-05,0.429025,0.430951,0.427098,0.427740,0.283953,1362392
1969-05-06,0.427740,0.429025,0.423887,0.423887,0.281395,603345
1969-05-07,0.423887,0.426456,0.422602,0.425813,0.282674,350329
1969-05-08,0.425813,0.430309,0.419391,0.423244,0.280968,447643
1969-05-09,0.423244,0.423244,0.416822,0.416822,0.276705,525494
1969-05-12,0.416822,0.422602,0.408473,0.409115,0.271589,3114040
1969-05-13,0.409115,0.410399,0.408473,0.410399,0.272441,233553
1969-05-14,0.412326,0.414895,0.412326,0.413611,0.274574,506031
1969-05-15,0.413611,0.415537,0.411042,0.411042,0.272868,389255
1969-05-16,0.411042,0.418749,0.411042,0.412326,0.273720,973137
1969-05-19,0.412326,0.416822,0.412326,0.412326,0.273720,467106
1969-05-20,0.412326,0.418106,0.411042,0.411042,0.272868,700659
1969-05-21,0.411042,0.417464,0.411042,0.417464,0.277131,408718
1969-05-22,0.420033,0.422602,0.420033,0.422602,0.280542,953675
1969-05-23,0.422602,0.422602,0.420033,0.421318,0.279690,350329
1969-05-26,0.420033,0.420033,0.413611,0.416180,0.276279,661733
1969-05-27,0.414895,0.414895,0.409757,0.409757,0.272015,214090
1969-05-28,0.407188,0.407188,0.403335,0.404619,0.268604,836898
1969-05-29,0.407188,0.412326,0.407188,0.412326,0.273720,311404
1969-06-02,0.410399,0.410399,0.407188,0.407188,0.270310,369792
1969-06-03,0.405904,0.405904,0.405904,0.405904,0.269457,2685859
1969-06-04,0.398197,0.398197,0.390490,0.394343,0.261782,3289204
1969-06-05,0.394343,0.408473,0.391774,0.405904,0.269457,2549620
1969-06-06,0.403335,0.403335,0.395628,0.398197,0.264341,1420781
1969-06-09,0.398197,0.398197,0.389205,0.395628,0.262636,2160365
1969-06-10,0.395628,0.398197,0.395628,0.396912,0.263745,467106
1969-06-11,0.396912,0.397554,0.393059,0.394343,0.262037,953675
1969-06-12,0.394343,0.395628,0.387921,0.390490,0.259477,953675
1969-06-13,0.390490,0.396912,0.385352,0.393059,0.261184,1595945
1969-06-16,0.393059,0.398197,0.385352,0.385352,0.256063,622808
1969-06-17,0.385352,0.389205,0.382783,0.385994,0.256490,1187228
1969-06-18,0.386636,0.393059,0.386636,0.386636,0.256916,1070451
1969-06-19,0.386636,0.387921,0.384067,0.387921,0.257770,2296604
1969-06-20,0.387921,0.390490,0.385352,0.385352,0.256063,856361
1969-06-23,0.380214,0.380214,0.372507,0.375076,0.249235,1167765
1969-06-24,0.380214,0.385352,0.380214,0.381498,0.253502,642271
1969-06-25,0.381498,0.385352,0.380214,0.380214,0.252649,992600
1969-06-26,0.378929,0.378929,0.375076,0.376360,0.250088,1109377
1969-06-27,0.376360,0.381498,0.375076,0.381498,0.253502,583882
1969-06-30,0.381498,0.385352,0.380214,0.385352,0.256063,350329
1969-07-01,0.387921,0.400766,0.387921,0.400766,0.266306,311404
1969-07-02,0.400766,0.403335,0.394343,0.394343,0.262037,700659
1969-07-03,0.396912,0.402050,0.396912,0.400766,0.266306,369792
1969-07-07,0.402050,0.408473,0.402050,0.403335,0.268013,661733
1969-07-08,0.403335,0.405904,0.398839,0.405904,0.269720,642271
1969-07-09,0.402050,0.402050,0.399481,0.400766,0.266306,1265079
1969-07-10,0.398197,0.398197,0.390490,0.391132,0.259904,778510
1969-07-11,0.391132,0.391132,0.386636,0.386636,0.256916,759047
1969-07-14,0.385994,0.385994,0.385352,0.385994,0.256490,1323467
1969-07-15,0.380214,0.380214,0.375076,0.378287,0.251368,1323467
1969-07-16,0.378287,0.384067,0.378287,0.380214,0.252649,681196
1969-07-17,0.382783,0.385352,0.382783,0.385352,0.256063,1362392
1969-07-18,0.387921,0.390490,0.387921,0.388563,0.258197,642271
1969-07-22,0.388563,0.390490,0.381498,0.384067,0.255209,622808
1969-07-23,0.384067,0.384067,0.382140,0.384067,0.255209,389255
1969-07-24,0.385352,0.390490,0.385352,0.389205,0.258624,583882
1969-07-25,0.389205,0.395628,0.386636,0.391774,0.260331,564420
1969-07-28,0.390490,0.390490,0.372507,0.372507,0.247528,6948201
1969-07-29,0.372507,0.382783,0.371222,0.375718,0.249661,1654334
1969-07-30,0.375718,0.381498,0.372507,0.381498,0.253502,934212
1969-07-31,0.381498,0.389205,0.378929,0.389205,0.258624,875824
1969-08-01,0.394343,0.408473,0.394343,0.408473,0.271427,1050988
1969-08-04,0.408473,0.408473,0.400766,0.403335,0.268013,642271
1969-08-05,0.403335,0.427740,0.400766,0.425171,0.282523,1732184
1969-08-06,0.425171,0.426456,0.418749,0.421318,0.279962,1323467
1969-08-07,0.421318,0.422602,0.416180,0.416180,0.276548,467106
1969-08-08,0.416180,0.421318,0.411042,0.411684,0.273561,525494
1969-08-11,0.409757,0.409757,0.405904,0.405904,0.269720,272478
1969-08-12,0.409757,0.416180,0.409757,0.413611,0.274841,661733
1969-08-13,0.413611,0.418749,0.411042,0.416180,0.276548,797973
1969-08-14,0.416180,0.418749,0.412326,0.412326,0.273987,467106
1969-08-15,0.414895,0.425813,0.414895,0.425813,0.282949,914749
1969-08-18,0.431594,0.440585,0.431594,0.436090,0.289778,2043588
1969-08-19,0.436090,0.447008,0.435447,0.447008,0.297033,1557020
1969-08-20,0.447008,0.447008,0.436732,0.443797,0.294899,2841561
1969-08-21,0.443797,0.449577,0.441870,0.442512,0.294045,895286
1969-08-22,0.443154,0.446366,0.443154,0.443154,0.294472,233553
1969-08-25,0.443154,0.443154,0.432236,0.432236,0.287217,622808
1969-08-26,0.432236,0.432878,0.427740,0.430309,0.285937,1031526
1969-08-27,0.430309,0.431594,0.427740,0.431594,0.286790,155702
1969-08-28,0.434163,0.436732,0.434163,0.434163,0.288498,214090
1969-08-29,0.434163,0.438016,0.434163,0.434163,0.288498,467106
1969-09-02,0.434163,0.436732,0.434163,0.434163,0.288498,428180
1969-09-03,0.434163,0.434805,0.432878,0.434163,0.288498,583882
1969-09-04,0.434163,0.437374,0.434163,0.434163,0.288498,622808
1969-09-05,0.434163,0.439301,0.434163,0.436732,0.290205,525494
1969-09-08,0.434163,0.434163,0.431594,0.432236,0.287217,759047
1969-09-09,0.432236,0.443154,0.427740,0.441870,0.293881,875824
1969-09-10,0.441870,0.444439,0.438016,0.441870,0.293881,1187228
1969-09-11,0.441870,0.447008,0.438016,0.441870,0.293881,661733
1969-09-12,0.441870,0.443154,0.439301,0.441870,0.293881,778510
1969-09-15,0.441870,0.475267,0.441870,0.475267,0.316092,1498632
1969-09-16,0.475267,0.486827,0.468844,0.486827,0.323781,2724785
1969-09-17,0.489396,0.497104,0.489396,0.495819,0.329761,1304004
1969-09-18,0.494535,0.494535,0.482974,0.482974,0.321218,583882
1969-09-19,0.482974,0.483616,0.470129,0.477836,0.317801,1615408
1969-09-22,0.477836,0.479120,0.475267,0.477194,0.317374,506031
1969-09-23,0.479763,0.489396,0.479763,0.485543,0.322927,2257679
1969-09-24,0.490681,0.508664,0.490681,0.503526,0.334887,2491232
1969-09-25,0.503526,0.504168,0.498388,0.499030,0.331897,1615408
1969-09-26,0.494535,0.494535,0.479120,0.479120,0.318655,875824
1969-09-29,0.479120,0.484258,0.477836,0.481689,0.320364,895286
1969-09-30,0.485543,0.493250,0.485543,0.493250,0.328053,953675
1969-10-01,0.485543,0.485543,0.467560,0.467560,0.310967,1576483
1969-10-02,0.467560,0.486827,0.461137,0.485543,0.322927,3405981
1969-10-03,0.485543,0.494535,0.474625,0.474625,0.315665,2608008
1969-10-06,0.474625,0.483616,0.471413,0.483616,0.321645,914749
1969-10-07,0.483616,0.485543,0.477836,0.477836,0.317801,700659
1969-10-08,0.477836,0.480405,0.470129,0.476551,0.316946,1459706
1969-10-09,0.476551,0.482974,0.471413,0.482974,0.321218,1128839
1969-10-10,0.485543,0.497104,0.485543,0.494535,0.328907,1868424
1969-10-13,0.499673,0.534354,0.499673,0.534354,0.355390,2432843
1969-10-14,0.534354,0.544630,0.516371,0.522151,0.347274,3522757
1969-10-15,0.522151,0.534354,0.518940,0.529216,0.351973,2471769
1969-10-16,0.529216,0.539492,0.529216,0.530501,0.352828,3036189
1969-10-17,0.529216,0.529216,0.518940,0.524078,0.348556,720122
1969-10-20,0.525363,0.529216,0.525363,0.526647,0.350264,4826761
1969-10-21,0.527932,0.554906,0.527932,0.553622,0.368205,3055651
1969-10-22,0.553622,0.560044,0.551053,0.557475,0.370768,2491232
1969-10-23,0.557475,0.558760,0.547199,0.552337,0.367350,914749
1969-10-24,0.552337,0.554906,0.549768,0.551053,0.366496,973137
1969-10-27,0.551053,0.561329,0.551053,0.557475,0.370768,1965737
1969-10-28,0.558760,0.587019,0.558760,0.581239,0.386573,3055651
1969-10-29,0.581239,0.585734,0.565182,0.567109,0.377175,1381855
1969-10-30,0.567109,0.581239,0.557475,0.578027,0.384437,2374455
1969-10-31,0.578027,0.583165,0.571605,0.578027,0.384437,973137
1969-11-03,0.578027,0.583165,0.574174,0.574174,0.381874,720122
1969-11-04,0.574174,0.580596,0.562613,0.580596,0.386145,1479169
1969-11-05,0.583165,0.605002,0.583165,0.602433,0.400669,1595945
1969-11-06,0.602433,0.606286,0.592157,0.599864,0.398960,1576483
1969-11-07,0.599864,0.606286,0.588303,0.603717,0.401523,1148302
1969-11-10,0.605002,0.631977,0.605002,0.621701,0.413483,2179828
1969-11-11,0.621701,0.629408,0.606286,0.617847,0.410920,1868424
1969-11-12,0.615278,0.615278,0.597295,0.597295,0.397251,973137
1969-11-13,0.597295,0.599222,0.585734,0.593441,0.394688,1887886
1969-11-14,0.593441,0.598579,0.587019,0.597937,0.397678,856361
1969-11-17,0.594726,0.594726,0.585734,0.593441,0.394688,2530157
1969-11-18,0.594084,0.603717,0.594084,0.601148,0.399814,330867
1969-11-19,0.601148,0.612709,0.590872,0.608855,0.404940,1790573
1969-11-20,0.605002,0.605002,0.590230,0.597295,0.397251,3522757
1969-11-21,0.596010,0.596010,0.589588,0.593441,0.394688,1557020
1969-11-24,0.588946,0.588946,0.579312,0.588303,0.391525,1907349
1969-11-25,0.598579,0.647391,0.598579,0.616563,0.410332,2296604
1969-11-26,0.617847,0.638399,0.617847,0.638399,0.424864,3912012
1969-11-28,0.638399,0.644179,0.637115,0.637115,0.424010,2335530
1969-12-01,0.631977,0.631977,0.615278,0.616563,0.410332,1128839
1969-12-02,0.616563,0.617847,0.606286,0.613993,0.408622,1576483
1969-12-03,0.613993,0.631977,0.611424,0.620416,0.412897,3308667
1969-12-04,0.620416,0.644822,0.616563,0.640968,0.426574,5196553
1969-12-05,0.640968,0.646106,0.625554,0.631977,0.420591,2296604
1969-12-08,0.622985,0.622985,0.613993,0.620416,0.412897,1362392
1969-12-09,0.620416,0.626196,0.615278,0.615278,0.409477,1479169
1969-12-10,0.615278,0.634546,0.614636,0.634546,0.422300,1128839
1969-12-11,0.634546,0.639684,0.625554,0.625554,0.416316,992600
1969-12-12,0.626839,0.642253,0.626839,0.642253,0.427430,1673796
1969-12-15,0.642253,0.642253,0.631977,0.631977,0.420591,1089914
1969-12-16,0.631977,0.639684,0.631977,0.631977,0.420591,895286
1969-12-17,0.633261,0.641610,0.633261,0.635830,0.423155,914749
1969-12-18,0.637115,0.658951,0.637115,0.657667,0.437688,1810035
1969-12-19,0.669227,0.683357,0.669227,0.675650,0.449656,3542220
1969-12-22,0.667943,0.667943,0.664089,0.665374,0.442817,2238216
1969-12-23,0.665374,0.666016,0.640968,0.640968,0.426574,1440243
1969-12-24,0.634546,0.634546,0.625554,0.630692,0.419735,4826761
1969-12-26,0.631977,0.652529,0.631977,0.649960,0.432559,1401318
1969-12-29,0.655098,0.661520,0.655098,0.657667,0.437688,2238216
1969-12-30,0.657667,0.675650,0.657667,0.674365,0.448800,2958338
1969-12-31,0.678219,0.694275,0.678219,0.688495,0.458204,1965737
1970-01-02,0.688495,0.689779,0.683357,0.683357,0.454785,1109377
1970-01-05,0.683357,0.688495,0.662805,0.662805,0.441107,1440243
1970-01-06,0.655098,0.655098,0.646106,0.649960,0.432559,3503294
1970-01-07,0.652529,0.670512,0.652529,0.666658,0.443671,5741510
1970-01-08,0.673081,0.692348,0.673081,0.683357,0.454785,2316067
1970-01-09,0.688495,0.706478,0.688495,0.697486,0.464188,1868424
1970-01-12,0.700055,0.716754,0.700055,0.714185,0.475301,1323467
1970-01-13,0.720607,0.760427,0.720607,0.745013,0.495818,2744247
1970-01-14,0.749509,0.795109,0.749509,0.782264,0.520609,7687785
1970-01-15,0.775841,0.775841,0.747582,0.760427,0.506076,5235479
1970-01-16,0.757216,0.757216,0.714185,0.750151,0.499237,4807299
1970-01-19,0.741160,0.741160,0.714185,0.733452,0.488124,4456969
1970-01-20,0.738590,0.760427,0.738590,0.751436,0.500092,3775773
1970-01-21,0.751436,0.757858,0.746298,0.747582,0.497528,3444906
1970-01-22,0.746940,0.746940,0.732168,0.732168,0.487269,1654334
1970-01-23,0.733452,0.739875,0.733452,0.739875,0.492398,2608008
1970-01-26,0.742444,0.779695,0.742444,0.777768,0.517617,5624734
1970-01-27,0.777768,0.779695,0.755289,0.765565,0.509496,7551546
1970-01-28,0.765565,0.780979,0.760427,0.764281,0.508641,4242879
1970-01-29,0.762996,0.762996,0.734737,0.734737,0.488979,4398581
1970-01-30,0.734737,0.734737,0.719323,0.728314,0.484704,3950938
1970-02-02,0.732168,0.752720,0.732168,0.736021,0.489833,4963001
1970-02-03,0.736021,0.753362,0.721892,0.736021,0.489833,5546883
1970-02-04,0.736021,0.752720,0.732810,0.746298,0.496673,4671059
1970-02-05,0.739875,0.739875,0.725745,0.738590,0.491543,4748910
1970-02-06,0.738590,0.759143,0.732168,0.759143,0.505221,3055651
1970-02-09,0.768134,0.789971,0.768134,0.771345,0.513342,3386518
1970-02-10,0.771345,0.775841,0.760427,0.765565,0.509496,3367055
1970-02-11,0.766850,0.801531,0.766850,0.797678,0.530867,2802636
1970-02-12,0.797678,0.800247,0.775841,0.775841,0.516334,2179828
1970-02-13,0.775841,0.786117,0.768134,0.780979,0.519754,2238216
1970-02-16,0.780979,0.787402,0.771988,0.778410,0.518044,506031
1970-02-17,0.780979,0.789971,0.780979,0.789971,0.525738,408718
1970-02-18,0.796393,0.811807,0.796393,0.804100,0.535141,1615408
1970-02-19,0.804100,0.809238,0.793824,0.798320,0.531295,1420781
1970-02-20,0.788686,0.788686,0.778410,0.786759,0.523600,4126102
1970-02-24,0.786759,0.791255,0.773272,0.773272,0.514625,1284541
1970-02-25,0.773272,0.780979,0.764281,0.780979,0.519754,1342930
1970-02-26,0.771345,0.771345,0.759143,0.770703,0.512915,2043588
1970-02-27,0.770061,0.770061,0.757858,0.758500,0.504794,2218753
1970-03-02,0.754005,0.754005,0.732168,0.742444,0.494108,6130765
1970-03-03,0.742444,0.742444,0.728314,0.729599,0.485560,5313330
1970-03-04,0.720607,0.720607,0.696202,0.703909,0.468462,11736036
1970-03-05,0.704551,0.718681,0.704551,0.710331,0.472737,3717385
1970-03-06,0.710331,0.716112,0.701982,0.702624,0.467607,2160365
1970-03-09,0.702624,0.712258,0.662805,0.678219,0.451365,8154891
1970-03-10,0.677576,0.677576,0.664089,0.671796,0.447091,2724785
1970-03-11,0.673081,0.689137,0.673081,0.688495,0.458204,3775773
1970-03-12,0.694275,0.706478,0.694275,0.702624,0.467607,2899949
1970-03-13,0.702624,0.719323,0.694917,0.699413,0.465470,4593208
1970-03-16,0.694275,0.694275,0.684641,0.687210,0.457349,4456969
1970-03-17,0.689779,0.708405,0.689779,0.704551,0.468889,1751647
1970-03-18,0.709689,0.733452,0.709689,0.727672,0.484277,4126102
1970-03-19,0.727672,0.732168,0.719965,0.723176,0.481285,2763710
1970-03-20,0.723176,0.726388,0.714185,0.717396,0.477438,3367055
1970-03-23,0.717396,0.721250,0.706478,0.714827,0.475729,3055651
1970-03-24,0.714827,0.737306,0.714827,0.727030,0.483850,2452306
1970-03-25,0.734737,0.757216,0.734737,0.750151,0.499237,2627471
1970-03-26,0.750151,0.752720,0.740517,0.752720,0.500947,2082514
1970-03-30,0.754005,0.765565,0.754005,0.762996,0.507786,1109377
1970-03-31,0.762996,0.764923,0.750151,0.757858,0.504366,1868424
1970-04-01,0.757858,0.778410,0.747582,0.775841,0.516334,2627471
1970-04-02,0.775199,0.775199,0.766850,0.772630,0.514197,1576483
1970-04-03,0.772630,0.780979,0.768134,0.780979,0.519754,2452306
1970-04-06,0.778410,0.778410,0.755931,0.756574,0.503512,1342930
1970-04-07,0.750151,0.750151,0.732168,0.732168,0.487269,2082514
1970-04-08,0.725103,0.725103,0.709689,0.723819,0.481713,2958338
1970-04-09,0.723819,0.732168,0.712258,0.716754,0.477011,2121439
1970-04-10,0.716754,0.718681,0.702624,0.708405,0.471455,1265079
1970-04-13,0.708405,0.710331,0.692991,0.692991,0.461196,2160365
1970-04-14,0.692991,0.705836,0.688495,0.696844,0.463761,1810035
1970-04-15,0.698771,0.716112,0.698771,0.698771,0.465043,2277141
1970-04-16,0.698771,0.703267,0.691064,0.691064,0.459914,2530157
1970-04-17,0.691064,0.691064,0.676292,0.680146,0.452648,2861024
1970-04-20,0.680146,0.692348,0.678219,0.687210,0.457349,3016726
1970-04-21,0.687210,0.708405,0.675007,0.675007,0.449228,2374455
1970-04-22,0.675007,0.675650,0.661520,0.666016,0.443244,3503294
1970-04-23,0.663447,0.663447,0.647391,0.655098,0.435978,4184491
1970-04-24,0.653813,0.653813,0.634546,0.634546,0.422300,4671059
1970-04-27,0.630692,0.630692,0.601148,0.604360,0.402211,4515357
1970-04-28,0.604360,0.631977,0.601791,0.615920,0.409904,4865687
1970-04-29,0.615920,0.667943,0.606286,0.667943,0.444527,5546883
1970-04-30,0.662805,0.662805,0.642253,0.662805,0.441107,3094577
1970-05-01,0.662805,0.667943,0.647391,0.658309,0.438115,3347592
1970-05-04,0.644822,0.644822,0.611424,0.612067,0.407340,4904612
1970-05-05,0.612067,0.614636,0.565182,0.585734,0.389815,11113229
1970-05-06,0.585734,0.624912,0.585734,0.624912,0.415889,8719311
1970-05-07,0.628123,0.646106,0.628123,0.634546,0.422300,3386518
1970-05-08,0.625554,0.625554,0.598579,0.625554,0.416316,3211353
1970-05-11,0.625554,0.631977,0.612067,0.613351,0.408195,1868424
1970-05-12,0.613351,0.644822,0.599222,0.611424,0.406912,6403244
1970-05-13,0.611424,0.624270,0.596653,0.607571,0.404348,3795236
1970-05-14,0.607571,0.624270,0.598579,0.624270,0.415461,5488495
1970-05-15,0.624270,0.651244,0.608855,0.644822,0.429139,9575672
1970-05-18,0.644822,0.649960,0.630692,0.635830,0.423155,2627471
1970-05-19,0.631977,0.631977,0.611424,0.611424,0.406912,4943538
1970-05-20,0.611424,0.621701,0.596653,0.598579,0.398364,7162291
1970-05-21,0.598579,0.602433,0.575458,0.580596,0.386396,18762088
1970-05-22,0.580596,0.593441,0.555549,0.557475,0.371008,11249468
1970-05-25,0.554906,0.554906,0.524078,0.524720,0.349209,7901875
1970-05-26,0.524720,0.536923,0.495819,0.502242,0.334250,15570198
1970-05-27,0.507380,0.552337,0.507380,0.544630,0.362460,9205879
1970-05-28,0.554906,0.580596,0.554906,0.580596,0.386396,14363507
1970-05-29,0.580596,0.606286,0.554906,0.596010,0.396654,11658186
1970-06-01,0.596010,0.625554,0.587019,0.621701,0.413752,8018652
1970-06-02,0.621701,0.625554,0.599222,0.618489,0.411614,8427369
1970-06-03,0.618489,0.631977,0.606286,0.625554,0.416316,7415307
1970-06-04,0.621058,0.621058,0.593441,0.596653,0.397082,3639534
1970-06-05,0.596653,0.608855,0.582523,0.607571,0.404348,9711911
1970-06-08,0.607571,0.610782,0.590872,0.597937,0.397936,2101977
1970-06-09,0.597937,0.620416,0.592157,0.610782,0.406485,5001926
1970-06-10,0.610782,0.620416,0.606286,0.616563,0.410332,4009326
1970-06-11,0.613993,0.613993,0.592157,0.601791,0.400501,3814698
1970-06-12,0.601791,0.604360,0.587019,0.600506,0.399646,4359655
1970-06-15,0.600506,0.630050,0.596010,0.626839,0.417171,4087177
1970-06-16,0.631977,0.655098,0.631977,0.653171,0.434696,6558946
1970-06-17,0.653171,0.661520,0.633261,0.639684,0.425720,5274404
1970-06-18,0.639684,0.664089,0.629408,0.662162,0.440679,5799899
1970-06-19,0.662162,0.667300,0.649960,0.651886,0.433840,3444906
1970-06-22,0.651886,0.660236,0.643537,0.652529,0.434268,2802636
1970-06-23,0.652529,0.657024,0.630050,0.631977,0.420591,5138165
1970-06-24,0.631977,0.647391,0.621701,0.624912,0.415889,8291130
1970-06-25,0.628123,0.644179,0.628123,0.639684,0.425720,2763710
1970-06-26,0.637115,0.637115,0.612709,0.619132,0.412042,4748910
1970-06-29,0.619132,0.624270,0.596653,0.610140,0.406058,4612671
1970-06-30,0.610140,0.628765,0.603075,0.603075,0.401356,2452306
1970-07-01,0.603075,0.615920,0.596010,0.614636,0.409050,4281804
1970-07-02,0.614636,0.615920,0.593441,0.593441,0.394944,4087177
1970-07-06,0.591515,0.591515,0.551053,0.551695,0.367162,6481095
1970-07-07,0.551695,0.572889,0.550410,0.561971,0.374000,8349518
1970-07-08,0.570320,0.626839,0.570320,0.626839,0.417171,6734110
1970-07-09,0.626839,0.629408,0.598579,0.606286,0.403493,8038115
1970-07-10,0.606286,0.612709,0.601148,0.602433,0.400929,3600608
1970-07-13,0.602433,0.611424,0.598579,0.601148,0.400074,2393918
1970-07-14,0.601148,0.612709,0.598579,0.608213,0.404776,2627471
1970-07-15,0.620416,0.634546,0.620416,0.630692,0.419735,7571009
1970-07-16,0.630692,0.643537,0.621058,0.623627,0.415034,5118702
1970-07-17,0.626839,0.634546,0.626839,0.631334,0.420163,2724785
1970-07-20,0.631334,0.632619,0.606286,0.606286,0.403493,2802636
1970-07-21,0.606286,0.610140,0.599222,0.603075,0.401356,3211353
1970-07-22,0.603075,0.624270,0.598579,0.599222,0.398792,5488495
1970-07-23,0.599222,0.624270,0.598579,0.615278,0.409477,6344856
1970-07-24,0.610140,0.610140,0.587019,0.587019,0.390670,7512620
1970-07-27,0.587019,0.587019,0.560044,0.562613,0.374428,11249468
1970-07-28,0.562613,0.575458,0.560687,0.572247,0.380839,7220679
1970-07-29,0.572247,0.576743,0.561971,0.562613,0.374428,6442169
1970-07-30,0.562613,0.562613,0.539492,0.549768,0.365879,13040041
1970-07-31,0.549768,0.551695,0.527289,0.527932,0.351347,6228079
1970-08-03,0.527932,0.533070,0.522794,0.526647,0.350492,3347592
1970-08-04,0.526647,0.539492,0.518940,0.538850,0.358613,4184491
1970-08-05,0.538208,0.538208,0.527289,0.527289,0.350919,1771110
1970-08-06,0.524078,0.524078,0.513802,0.518298,0.344935,2997263
1970-08-07,0.518298,0.539492,0.504168,0.515729,0.343226,5001926
1970-08-10,0.511233,0.511233,0.503526,0.506095,0.336814,2997263
1970-08-11,0.506095,0.515087,0.504811,0.511233,0.340234,3678459
1970-08-12,0.511233,0.515087,0.481047,0.481689,0.320572,7824024
1970-08-13,0.481047,0.481047,0.461780,0.475267,0.316298,8154891
1970-08-14,0.475267,0.481689,0.470771,0.473982,0.315442,3269742
1970-08-17,0.473982,0.488754,0.471413,0.488112,0.324846,2413381
1970-08-18,0.488112,0.500957,0.488112,0.497746,0.331258,4807299
1970-08-19,0.497104,0.497104,0.470771,0.475267,0.316298,3581145
1970-08-20,0.475267,0.480405,0.463706,0.475267,0.316298,4126102
1970-08-21,0.476551,0.507380,0.476551,0.507380,0.337669,4495895
1970-08-24,0.507380,0.516371,0.490681,0.500315,0.332967,8291130
1970-08-25,0.500315,0.538208,0.493250,0.527289,0.350919,8018652
1970-08-26,0.527289,0.534354,0.506095,0.508664,0.338524,6597871
1970-08-27,0.508664,0.531143,0.504811,0.527289,0.350919,6403244
1970-08-28,0.531785,0.549768,0.531785,0.544630,0.362460,7648860
1970-08-31,0.544630,0.544630,0.535639,0.536923,0.357331,1634871
1970-09-01,0.536923,0.551053,0.533070,0.542061,0.360750,3736847
1970-09-02,0.542061,0.547199,0.536923,0.543988,0.362032,2140902
1970-09-03,0.543988,0.558760,0.542061,0.543346,0.361605,2082514
1970-09-04,0.539492,0.539492,0.530501,0.539492,0.359040,2627471
1970-09-08,0.539492,0.542061,0.518940,0.530501,0.353057,3191891
1970-09-09,0.530501,0.538850,0.518940,0.526647,0.350492,2160365
1970-09-10,0.523436,0.523436,0.516371,0.517656,0.344508,1732184
1970-09-11,0.517656,0.533712,0.517013,0.531143,0.353484,1946275
1970-09-14,0.531143,0.540777,0.522794,0.522794,0.347928,2938875
1970-09-15,0.522794,0.531785,0.517656,0.527932,0.351347,1148302
1970-09-16,0.531785,0.557475,0.531785,0.557475,0.371008,3639534
1970-09-17,0.570320,0.588303,0.570320,0.573532,0.381694,7356918
1970-09-18,0.573532,0.582523,0.571605,0.576101,0.383404,2277141
1970-09-21,0.576101,0.579312,0.560044,0.571605,0.380412,1926812
1970-09-22,0.571605,0.573532,0.562613,0.565825,0.376565,1965737
1970-09-23,0.567751,0.590230,0.567751,0.589588,0.392380,4671059
1970-09-24,0.605002,0.631334,0.605002,0.630050,0.419308,7220679
1970-09-25,0.630050,0.631977,0.620416,0.626196,0.416743,3386518
1970-09-28,0.625554,0.625554,0.606286,0.617205,0.410760,4437506
1970-09-29,0.617205,0.639684,0.607571,0.626839,0.417171,4009326
1970-09-30,0.625554,0.625554,0.605002,0.605644,0.403066,1634871
1970-10-01,0.605002,0.605002,0.589588,0.601791,0.400501,2958338
1970-10-02,0.602433,0.618489,0.602433,0.607571,0.404348,1907349
1970-10-05,0.608855,0.618489,0.608855,0.615920,0.409904,1771110
1970-10-06,0.614636,0.614636,0.601791,0.603717,0.401783,1381855
1970-10-07,0.603717,0.610140,0.600506,0.610140,0.406058,2491232
1970-10-08,0.605002,0.605002,0.594084,0.594726,0.395799,3405981
1970-10-09,0.594726,0.603717,0.590872,0.591515,0.393662,1537557
1970-10-12,0.591515,0.592157,0.585734,0.592157,0.394090,1985200
1970-10-13,0.592157,0.593441,0.585734,0.593441,0.394944,1498632
1970-10-14,0.593441,0.598579,0.592157,0.594084,0.395372,1284541
1970-10-15,0.596010,0.603717,0.596010,0.596010,0.396654,700659
1970-10-16,0.597295,0.605002,0.597295,0.598579,0.398364,1381855
1970-10-19,0.598579,0.601148,0.594084,0.597295,0.397509,1537557
1970-10-20,0.597295,0.607571,0.594726,0.607571,0.404348,622808
1970-10-21,0.607571,0.611424,0.593441,0.593441,0.394944,3269742
1970-10-22,0.593441,0.597295,0.590872,0.596653,0.397082,1693259
1970-10-23,0.605002,0.611424,0.605002,0.606286,0.403493,759047
1970-10-26,0.606286,0.606286,0.602433,0.602433,0.400929,622808
1970-10-27,0.602433,0.610782,0.601791,0.606286,0.403493,1265079
1970-10-28,0.606929,0.629408,0.606929,0.629408,0.418881,1829498
1970-10-29,0.628765,0.628765,0.616563,0.616563,0.410332,2024126
1970-10-30,0.616563,0.619132,0.606286,0.619132,0.412042,1304004
1970-11-02,0.619132,0.641610,0.611424,0.641610,0.427001,2238216
1970-11-03,0.641610,0.651244,0.639041,0.648033,0.431276,4145565
1970-11-04,0.648033,0.656382,0.638399,0.640326,0.426147,2374455
1970-11-05,0.640326,0.652529,0.639041,0.647391,0.430849,2393918
1970-11-06,0.651244,0.656382,0.651244,0.655740,0.436405,2413381
1970-11-09,0.657667,0.692991,0.657667,0.685926,0.456495,8875013
1970-11-10,0.685926,0.693633,0.683357,0.684641,0.455639,2393918
1970-11-11,0.684641,0.701340,0.684641,0.688495,0.458204,4632134
1970-11-12,0.688495,0.689137,0.651886,0.652529,0.434268,2977800
1970-11-13,0.652529,0.660878,0.649960,0.658309,0.438115,4476432
1970-11-16,0.658309,0.679503,0.655740,0.679503,0.452220,2861024
1970-11-17,0.679503,0.682072,0.670512,0.673081,0.447946,2316067
1970-11-18,0.671154,0.671154,0.662805,0.670512,0.446236,1751647
1970-11-19,0.672438,0.683999,0.672438,0.680788,0.453075,2510694
1970-11-20,0.681430,0.719323,0.681430,0.714827,0.475729,5644197
1970-11-23,0.714827,0.729599,0.712900,0.718681,0.478294,3873087
1970-11-24,0.718681,0.720607,0.701982,0.719965,0.479148,2354992
1970-11-25,0.720607,0.734095,0.720607,0.730883,0.486414,2549620
1970-11-27,0.730883,0.754647,0.729599,0.754005,0.501802,2160365
1970-11-30,0.762996,0.780979,0.762996,0.770703,0.512915,3483832
1970-12-01,0.770703,0.775841,0.755289,0.757858,0.504366,4924075
1970-12-02,0.757858,0.770703,0.739875,0.770703,0.512915,4126102
1970-12-03,0.770703,0.770703,0.756574,0.764281,0.508641,2140902
1970-12-04,0.765565,0.782906,0.765565,0.770703,0.512915,3289204
1970-12-07,0.770703,0.775841,0.764281,0.770061,0.512487,1985200
1970-12-08,0.768776,0.768776,0.750151,0.755289,0.502657,2238216
1970-12-09,0.754005,0.754005,0.743729,0.750151,0.499237,4340193
1970-12-10,0.750151,0.751436,0.745013,0.745655,0.496245,1226153
1970-12-11,0.748224,0.762996,0.748224,0.757216,0.503939,2335530
1970-12-14,0.754647,0.754647,0.732168,0.737306,0.490688,1848961
1970-12-15,0.737306,0.737306,0.717396,0.721892,0.480431,4456969
1970-12-16,0.721892,0.729599,0.718681,0.724461,0.482140,1070451
1970-12-17,0.725745,0.729599,0.725745,0.727030,0.483850,2024126
1970-12-18,0.721892,0.721892,0.710974,0.713543,0.474874,1790573
1970-12-21,0.713543,0.714827,0.709047,0.714185,0.475301,1712722
1970-12-22,0.714185,0.714827,0.709689,0.712900,0.474446,1265079
1970-12-23,0.712900,0.714185,0.693633,0.709047,0.471882,16465484
1970-12-24,0.709047,0.711616,0.701340,0.707762,0.471027,1887886
1970-12-28,0.709047,0.723176,0.709047,0.719323,0.478721,1245616
1970-12-29,0.719323,0.748867,0.719323,0.745013,0.495818,2004663
1970-12-30,0.745013,0.746298,0.730883,0.736021,0.489833,3347592
1970-12-31,0.732168,0.732168,0.721892,0.726388,0.483423,1187228
1971-01-04,0.726388,0.727030,0.710331,0.710331,0.472737,408718
1971-01-05,0.710331,0.727030,0.710331,0.725103,0.482567,2452306
1971-01-06,0.739875,0.770703,0.739875,0.760427,0.506076,5760973
1971-01-07,0.763638,0.786117,0.763638,0.777126,0.517189,8485758
1971-01-08,0.771988,0.771988,0.761712,0.764923,0.509068,4301267
1971-01-11,0.764923,0.780979,0.760427,0.780979,0.519754,3386518
1971-01-12,0.780979,0.800247,0.774557,0.796393,0.530012,4437506
1971-01-13,0.797035,0.813734,0.797035,0.798962,0.531722,6675722
1971-01-14,0.798962,0.810523,0.794466,0.808596,0.538133,4301267
1971-01-15,0.810523,0.829790,0.810523,0.815661,0.542835,7123365
1971-01-18,0.815661,0.822083,0.804100,0.804100,0.535141,6831424
1971-01-19,0.804100,0.806027,0.788686,0.791255,0.526593,3250279
1971-01-20,0.791255,0.797035,0.778410,0.778410,0.518044,1634871
1971-01-21,0.779052,0.798962,0.779052,0.793824,0.528302,4028789
1971-01-22,0.793824,0.795109,0.779052,0.786117,0.523173,2199290
1971-01-25,0.786117,0.816945,0.785475,0.816945,0.543690,4515357
1971-01-26,0.816945,0.816945,0.804100,0.813092,0.541125,3756310
1971-01-27,0.811165,0.811165,0.788686,0.807312,0.537279,6130765
1971-01-28,0.807312,0.809881,0.806669,0.809881,0.538989,836898
1971-01-29,0.809881,0.816303,0.809238,0.816303,0.543262,4865687
1971-02-01,0.816303,0.825937,0.816303,0.823368,0.547964,2179828
1971-02-02,0.825937,0.842635,0.825937,0.840066,0.559077,3016726
1971-02-03,0.840066,0.854838,0.828506,0.852911,0.567626,3853624
1971-02-04,0.852911,0.882455,0.852269,0.878602,0.584724,4612671
1971-02-05,0.878602,0.899154,0.878602,0.894016,0.594982,3133502
1971-02-08,0.894016,0.896585,0.883740,0.888878,0.591562,3736847
1971-02-09,0.887593,0.887593,0.860618,0.863188,0.574465,3464369
1971-02-10,0.863188,0.865757,0.845204,0.847773,0.564206,4495895
1971-02-11,0.850985,0.858049,0.850985,0.854196,0.568480,1848961
1971-02-12,0.855480,0.888235,0.855480,0.888235,0.591134,5313330
1971-02-16,0.888235,0.888235,0.877959,0.885666,0.589425,1634871
1971-02-17,0.885666,0.890804,0.880528,0.888235,0.591134,3892549
1971-02-18,0.888235,0.890162,0.885024,0.890162,0.592417,1342930
1971-02-19,0.890162,0.892731,0.883740,0.891447,0.593272,1537557
1971-02-22,0.890804,0.890804,0.885024,0.885666,0.589425,1615408
1971-02-23,0.885666,0.887593,0.863188,0.872821,0.580876,7026052
1971-02-24,0.874748,0.904292,0.874748,0.904292,0.601820,2880487
1971-02-25,0.907503,0.921632,0.907503,0.912641,0.607377,2588545
1971-02-26,0.912641,0.917137,0.909430,0.913283,0.607804,1615408
1971-03-01,0.963379,0.963379,0.915852,0.956956,0.636869,2899949
1971-03-02,0.964663,1.008337,0.964663,1.001914,0.666790,6198885
1971-03-03,0.996776,0.996776,0.971086,0.972370,0.647127,4486163
1971-03-04,0.973655,1.001914,0.973655,1.001914,0.666790,5488495
1971-03-05,1.001914,1.043018,0.992923,1.013475,0.674484,3756310
1971-03-08,1.018613,1.052010,1.018613,1.040449,0.692435,3045920
1971-03-09,1.040449,1.095683,1.028889,1.084122,0.721500,4418044
1971-03-10,1.084122,1.126511,1.084122,1.111097,0.739452,5984795
1971-03-11,1.098252,1.098252,1.050725,1.054579,0.701839,5293867
1971-03-12,1.054579,1.061001,1.021182,1.037880,0.690725,5381450
1971-03-15,1.037880,1.061001,1.022466,1.044303,0.695000,3795236
1971-03-16,1.044303,1.068708,1.035311,1.040449,0.692435,3493563
1971-03-17,1.040449,1.050725,1.026320,1.027604,0.683887,2277141
1971-03-18,1.030173,1.048156,1.030173,1.039165,0.691580,1693259
1971-03-19,1.039165,1.044303,1.032742,1.032742,0.687306,1372124
1971-03-22,1.032742,1.040449,0.991638,1.001914,0.666790,1878155
1971-03-23,1.001914,1.022466,0.996776,1.019897,0.678757,3542220
1971-03-24,1.022466,1.048156,1.022466,1.027604,0.683887,2783173
1971-03-25,1.027604,1.040449,1.019897,1.035311,0.689016,1732184
1971-03-26,1.048156,1.064855,1.048156,1.061001,0.706113,2948606
1971-03-29,1.068708,1.078984,1.068708,1.078984,0.718081,2131171
1971-03-30,1.078984,1.093114,1.069993,1.075131,0.715517,2861024
1971-03-31,1.075131,1.077700,1.037880,1.037880,0.690725,1323467
1971-04-01,1.045587,1.055863,1.045587,1.050725,0.699274,1304004
1971-04-02,1.050725,1.059717,1.027604,1.035311,0.689016,1080182
1971-04-05,1.039165,1.058432,1.039165,1.050725,0.699274,1050988
1971-04-06,1.050725,1.059717,1.039165,1.039165,0.691580,768779
1971-04-07,1.040449,1.057148,1.040449,1.053294,0.700984,2364724
1971-04-08,1.053294,1.057148,1.039165,1.040449,0.692435,827167
1971-04-12,1.053294,1.076415,1.053294,1.068708,0.711242,1274810
1971-04-13,1.068708,1.087976,1.055863,1.055863,0.702694,1751647
1971-04-14,1.055863,1.069993,1.039165,1.045587,0.695855,1226153
1971-04-15,1.048156,1.068708,1.048156,1.058432,0.704403,1790573
1971-04-16,1.058432,1.078984,1.058432,1.078984,0.718081,1965737
1971-04-19,1.082838,1.127796,1.082838,1.114951,0.742018,3396249
1971-04-20,1.114951,1.138072,1.095683,1.108528,0.737743,1810035
1971-04-21,1.108528,1.129080,1.089260,1.127796,0.750566,1420781
1971-04-22,1.127796,1.157339,1.123942,1.147063,0.763388,2812367
1971-04-23,1.147063,1.157339,1.136787,1.157339,0.770227,3542220
1971-04-26,1.172753,1.226702,1.172753,1.226702,0.816389,3483832
1971-04-27,1.226702,1.252393,1.099536,1.099536,0.731759,12144754
1971-04-28,1.181745,1.218995,1.181745,1.181745,0.786470,4564014
1971-04-29,1.181745,1.190736,1.140641,1.161193,0.772793,4768373
1971-04-30,1.161193,1.171469,1.152201,1.161193,0.772793,1255347
1971-05-03,1.161193,1.181745,1.143210,1.181745,0.786470,2792904
1971-05-04,1.186883,1.208719,1.186883,1.198443,0.797583,1226153
1971-05-05,1.198443,1.243401,1.197159,1.239548,0.824939,1722453
1971-05-06,1.239548,1.252393,1.203581,1.203581,0.801002,1469437
1971-05-07,1.203581,1.224133,1.184314,1.208719,0.804421,2637202
1971-05-10,1.208719,1.236979,1.203581,1.234410,0.821519,1294273
1971-05-11,1.234410,1.281936,1.234410,1.270376,0.845455,2549620
1971-05-12,1.278083,1.301204,1.278083,1.299919,0.865116,4612671
1971-05-13,1.299919,1.324325,1.297350,1.311480,0.872810,2150634
1971-05-14,1.311480,1.323040,1.245970,1.279367,0.851439,2024126
1971-05-17,1.275514,1.275514,1.244686,1.244686,0.828358,1576483
1971-05-18,1.253677,1.278083,1.253677,1.263953,0.841181,1518094
1971-05-19,1.263953,1.279367,1.253677,1.266522,0.842890,1138571
1971-05-20,1.266522,1.294781,1.265238,1.279367,0.851439,1021794
1971-05-21,1.281936,1.297350,1.281936,1.281936,0.853148,554688
1971-05-24,1.281936,1.283221,1.251108,1.252393,0.833487,1761379
1971-05-25,1.252393,1.253677,1.217711,1.225418,0.815535,3678459
1971-05-26,1.225418,1.258815,1.216426,1.222849,0.813825,1119108
1971-05-27,1.222849,1.227987,1.216426,1.220280,0.812115,583882
1971-05-28,1.220280,1.247255,1.216426,1.247255,0.830068,759047
1971-06-01,1.253677,1.274229,1.253677,1.274229,0.848020,768779
1971-06-02,1.274229,1.296066,1.266522,1.266522,0.842890,2131171
1971-06-03,1.265238,1.265238,1.243401,1.244686,0.828358,622808
1971-06-04,1.215142,1.215142,1.192021,1.202297,0.800148,2014394
1971-06-07,1.190736,1.190736,1.171469,1.175322,0.782195,1848961
1971-06-08,1.176607,1.195874,1.176607,1.176607,0.783050,905018
1971-06-09,1.176607,1.186883,1.171469,1.176607,0.783050,1089914
1971-06-10,1.176607,1.177891,1.162477,1.165046,0.775357,1615408
1971-06-11,1.165046,1.166331,1.158624,1.166331,0.776212,1936543
1971-06-14,1.166331,1.170184,1.154770,1.163762,0.774502,1206690
1971-06-15,1.161193,1.161193,1.136787,1.145779,0.762534,1595945
1971-06-16,1.145779,1.176607,1.136787,1.163762,0.774502,4038520
1971-06-17,1.163762,1.172753,1.148348,1.170184,0.778776,5537152
1971-06-18,1.168900,1.168900,1.132934,1.145779,0.762534,1216422
1971-06-21,1.145779,1.156055,1.130365,1.131649,0.753130,2063051
1971-06-22,1.131649,1.163762,1.131649,1.135503,0.755695,2160365
1971-06-23,1.139356,1.154770,1.139356,1.152201,0.766808,2082514
1971-06-24,1.154770,1.171469,1.154770,1.161193,0.772793,2773441
1971-06-25,1.161193,1.163762,1.140641,1.140641,0.759114,1002331
1971-06-28,1.140641,1.145779,1.131649,1.140641,0.759114,1099645
1971-06-29,1.140641,1.165046,1.140641,1.161193,0.772793,2286873
1971-06-30,1.162477,1.176607,1.162477,1.171469,0.779631,1576483
1971-07-01,1.171469,1.179176,1.150917,1.153486,0.767663,778510
1971-07-02,1.153486,1.166331,1.150917,1.159908,0.771937,1119108
1971-07-06,1.159908,1.170184,1.150917,1.168900,0.777921,690928
1971-07-07,1.171469,1.192021,1.171469,1.192021,0.793308,1644602
1971-07-08,1.192021,1.217711,1.192021,1.192021,0.793308,2004663
1971-07-09,1.188167,1.188167,1.174038,1.184314,0.788180,525494
1971-07-12,1.184314,1.190736,1.177891,1.179176,0.784760,632539
1971-07-13,1.156055,1.156055,1.103390,1.104674,0.735178,3094577
1971-07-14,1.104674,1.153486,1.095683,1.153486,0.767663,3600608
1971-07-15,1.153486,1.165046,1.129080,1.130365,0.752276,2189559
1971-07-16,1.130365,1.149632,1.120089,1.123942,0.748001,1508363
1971-07-19,1.123942,1.125227,1.099536,1.125227,0.748856,2033857
1971-07-20,1.131649,1.153486,1.131649,1.132934,0.753985,2150634
1971-07-21,1.130365,1.130365,1.091829,1.091829,0.726629,1196959
1971-07-22,1.091829,1.108528,1.067424,1.099536,0.731759,2286873
1971-07-23,1.099536,1.111097,1.094398,1.107243,0.736888,1790573
1971-07-26,1.107243,1.109813,1.091829,1.099536,0.731759,496300
1971-07-27,1.099536,1.099536,1.066139,1.067424,0.710387,1070451
1971-07-28,1.067424,1.073846,1.049441,1.061001,0.706113,3308667
1971-07-29,1.055863,1.055863,1.019897,1.039165,0.691580,3133502
1971-07-30,1.039165,1.068708,1.034027,1.046872,0.696710,1683528
1971-08-02,1.046872,1.073846,1.040449,1.044303,0.695000,1800304
1971-08-03,1.044303,1.044303,1.012190,1.017328,0.677048,4135834
1971-08-04,1.017328,1.041734,1.013475,1.026320,0.683032,3094577
1971-08-05,1.027604,1.054579,1.027604,1.048156,0.697564,1323467
1971-08-06,1.048156,1.063570,1.048156,1.055863,0.702694,1926812
1971-08-09,1.055863,1.058432,1.039165,1.052010,0.700129,924480
1971-08-10,1.052010,1.055863,1.032742,1.037880,0.690725,1342930
1971-08-11,1.041734,1.066139,1.041734,1.066139,0.709532,1021794
1971-08-12,1.066139,1.096967,1.066139,1.078984,0.718081,4048251
1971-08-13,1.078984,1.078984,1.048156,1.054579,0.701839,1216422
1971-08-16,1.109813,1.153486,1.109813,1.113666,0.741162,4009326
1971-08-17,1.113666,1.129080,1.102105,1.109813,0.738598,3094577
1971-08-18,1.109813,1.120089,1.094398,1.098252,0.730904,1829498
1971-08-19,1.098252,1.098252,1.084122,1.093114,0.727484,2316067
1971-08-20,1.093114,1.104674,1.089260,1.104674,0.735178,1586214
1971-08-23,1.108528,1.140641,1.108528,1.135503,0.755695,3084845
1971-08-24,1.138072,1.179176,1.138072,1.174038,0.781341,2822098
1971-08-25,1.176607,1.217711,1.176607,1.208719,0.804421,3075114
1971-08-26,1.208719,1.208719,1.176607,1.192021,0.793308,2131171
1971-08-27,1.192021,1.210004,1.179176,1.210004,0.805277,632539
1971-08-30,1.210004,1.217711,1.180460,1.180460,0.785615,768779
1971-08-31,1.176607,1.176607,1.163762,1.176607,0.783050,1012063
1971-09-01,1.176607,1.189452,1.171469,1.171469,0.779631,768779
1971-09-02,1.171469,1.184314,1.167615,1.184314,0.788180,467106
1971-09-03,1.190736,1.204866,1.190736,1.197159,0.796728,1634871
1971-09-07,1.197159,1.199728,1.171469,1.172753,0.780486,788241
1971-09-08,1.172753,1.186883,1.168900,1.179176,0.784760,729853
1971-09-09,1.179176,1.185598,1.162477,1.166331,0.776212,778510
1971-09-10,1.166331,1.166331,1.156055,1.158624,0.771083,739584
1971-09-13,1.158624,1.170184,1.153486,1.165046,0.775357,1060720
1971-09-14,1.165046,1.171469,1.150917,1.152201,0.766808,1741916
1971-09-15,1.152201,1.159908,1.140641,1.158624,0.771083,846629
1971-09-16,1.163762,1.175322,1.163762,1.168900,0.777921,1245616
1971-09-17,1.168900,1.179176,1.166331,1.179176,0.784760,535226
1971-09-20,1.179176,1.185598,1.176607,1.176607,0.783050,1012063
1971-09-21,1.176607,1.176607,1.163762,1.163762,0.774502,661733
1971-09-22,1.158624,1.158624,1.140641,1.150917,0.765953,1196959
1971-09-23,1.150917,1.156055,1.143210,1.148348,0.764244,924480
1971-09-24,1.148348,1.156055,1.143210,1.145779,0.762534,574151
1971-09-27,1.145779,1.153486,1.130365,1.135503,0.755695,875824
1971-09-28,1.135503,1.148348,1.131649,1.131649,0.753130,476837
1971-09-29,1.130365,1.130365,1.114951,1.120089,0.745437,1829498
1971-09-30,1.120089,1.123942,1.099536,1.113666,0.741162,1488900
1971-10-01,1.113666,1.125227,1.112382,1.118804,0.744582,895286
1971-10-04,1.118804,1.118804,1.018613,1.022466,0.680467,9585403
1971-10-05,1.023751,1.061001,1.023751,1.055863,0.702694,6549214
1971-10-06,1.059717,1.098252,1.059717,1.085407,0.722355,2929143
1971-10-07,1.085407,1.089260,1.059717,1.063570,0.707822,2345261
1971-10-08,1.063570,1.068708,1.043018,1.055863,0.702694,1479169
1971-10-11,1.055863,1.058432,1.030173,1.057148,0.703549,1031526
1971-10-12,1.057148,1.062286,1.032742,1.032742,0.687306,1080182
1971-10-13,1.032742,1.046872,0.991638,1.005768,0.669354,7152560
1971-10-14,1.005768,1.019897,0.983931,0.983931,0.654822,6159959
1971-10-15,0.983931,1.007052,0.977508,1.005768,0.669354,3152965
1971-10-18,1.008337,1.036596,1.008337,1.013475,0.674484,2131171
1971-10-19,1.016044,1.027604,1.016044,1.027604,0.683887,2335530
1971-10-20,1.027604,1.044303,1.014759,1.036596,0.689871,5332793
1971-10-21,1.036596,1.068708,1.028889,1.066139,0.709532,2043588
1971-10-22,1.066139,1.078984,1.053294,1.057148,0.703549,1625139
1971-10-25,1.057148,1.078984,1.052010,1.078984,0.718081,1342930
1971-10-26,1.081553,1.114951,1.081553,1.091829,0.726629,2024126
1971-10-27,1.091829,1.114951,1.090545,1.099536,0.731759,2676128
1971-10-28,1.100821,1.114951,1.100821,1.103390,0.734323,4116371
1971-10-29,1.104674,1.112382,1.104674,1.111097,0.739452,1537557
1971-11-01,1.111097,1.120089,1.055863,1.066139,0.709532,2481500
1971-11-02,1.066139,1.073846,1.053294,1.069993,0.712097,3123771
1971-11-03,1.078984,1.094398,1.078984,1.090545,0.725775,2822098
1971-11-04,1.090545,1.107243,1.062286,1.073846,0.714661,3551951
1971-11-05,1.069993,1.069993,1.053294,1.067424,0.710387,1099645
1971-11-08,1.067424,1.073846,1.058432,1.058432,0.704403,885555
1971-11-09,1.058432,1.077700,1.041734,1.050725,0.699274,1946275
1971-11-10,1.050725,1.058432,1.048156,1.049441,0.698420,2218753
1971-11-11,1.049441,1.052010,1.040449,1.052010,0.700129,2471769
1971-11-12,1.052010,1.067424,1.027604,1.059717,0.705258,3298936
1971-11-15,1.059717,1.067424,1.044303,1.054579,0.701839,739584
1971-11-16,1.054579,1.087976,1.050725,1.081553,0.719790,3357324
1971-11-17,1.081553,1.094398,1.063570,1.094398,0.728339,1819767
1971-11-18,1.094398,1.120089,1.064855,1.066139,0.709532,2452306
1971-11-19,1.059717,1.059717,1.037880,1.039165,0.691580,1907349
1971-11-22,1.039165,1.049441,1.025035,1.026320,0.683032,3152965
1971-11-23,1.026320,1.048156,1.025035,1.043018,0.694145,2734516
1971-11-24,1.043018,1.048156,1.028889,1.046872,0.696710,1702990
1971-11-26,1.053294,1.109813,1.053294,1.107243,0.736888,3240547
1971-11-29,1.131649,1.159908,1.131649,1.159908,0.771937,6315661
1971-11-30,1.159908,1.199728,1.109813,1.199728,0.798438,4437506
1971-12-01,1.199728,1.217711,1.192021,1.194590,0.795019,3980132
1971-12-02,1.194590,1.220280,1.176607,1.210004,0.805277,1956006
1971-12-03,1.210004,1.252393,1.208719,1.252393,0.833487,2890218
1971-12-06,1.252393,1.269091,1.212573,1.225418,0.815535,5274404
1971-12-07,1.225418,1.267807,1.222849,1.267807,0.843745,2831830
1971-12-08,1.279367,1.315333,1.279367,1.305057,0.868536,4992195
1971-12-09,1.303773,1.303773,1.275514,1.284505,0.854859,2189559
1971-12-10,1.284505,1.307626,1.284505,1.292212,0.859987,1771110
1971-12-13,1.292212,1.303773,1.276798,1.281936,0.853148,2072783
1971-12-14,1.281936,1.292212,1.261384,1.261384,0.839471,729853
1971-12-15,1.261384,1.279367,1.251108,1.265238,0.842036,2247947
1971-12-16,1.276798,1.299919,1.276798,1.289643,0.858277,2277141
1971-12-17,1.294781,1.305057,1.294781,1.305057,0.868536,1586214
1971-12-20,1.306342,1.348730,1.306342,1.348730,0.897601,2705322
1971-12-21,1.348730,1.373136,1.312764,1.364145,0.907860,2792904
1971-12-22,1.364145,1.371852,1.347446,1.353868,0.901020,1848961
1971-12-23,1.353868,1.389835,1.346161,1.387266,0.923247,1391586
1971-12-27,1.387266,1.469474,1.384697,1.459198,0.971120,3191891
1971-12-28,1.459198,1.459198,1.420663,1.438646,0.957441,2948606
1971-12-29,1.438646,1.438646,1.387266,1.394973,0.928376,4203953
1971-12-30,1.394973,1.396257,1.364145,1.392404,0.926667,4019057
1971-12-31,1.392404,1.430939,1.392404,1.412956,0.940344,1751647
1972-01-03,1.412956,1.427085,1.387266,1.394973,0.928376,1216422
1972-01-04,1.394973,1.412956,1.384697,1.406533,0.936070,924480
1972-01-05,1.406533,1.425801,1.382128,1.387266,0.923247,2082514
1972-01-06,1.387266,1.392404,1.364145,1.366714,0.909570,3016726
1972-01-07,1.366714,1.384697,1.366714,1.380843,0.918973,1362392
1972-01-10,1.384697,1.406533,1.384697,1.392404,0.926667,2228485
1972-01-11,1.392404,1.394973,1.387266,1.387266,0.923247,1673796
1972-01-12,1.387266,1.397542,1.383412,1.396257,0.929231,1440243
1972-01-13,1.396257,1.410387,1.392404,1.407818,0.936924,1683528
1972-01-14,1.409102,1.459198,1.409102,1.456629,0.969409,1858692
1972-01-17,1.469474,1.500302,1.469474,1.473327,0.980522,3756310
1972-01-18,1.482319,1.508009,1.482319,1.502871,1.000184,2092245
1972-01-19,1.502871,1.550398,1.484888,1.550398,1.031814,2773441
1972-01-20,1.541406,1.541406,1.501587,1.501587,0.999330,3376787
1972-01-21,1.501587,1.519570,1.490026,1.514432,1.007878,1897618
1972-01-24,1.514432,1.514432,1.490026,1.497733,0.996764,1158033
1972-01-25,1.497733,1.513147,1.490026,1.497733,0.996764,1537557
1972-01-26,1.497733,1.514432,1.497733,1.510578,1.005314,846629
1972-01-27,1.517001,1.605632,1.517001,1.595355,1.061734,2841561
1972-01-28,1.608201,1.674995,1.608201,1.659581,1.104477,3493563
1972-01-31,1.659581,1.674995,1.628753,1.628753,1.083961,3785504
1972-02-01,1.628753,1.639029,1.572234,1.633891,1.087380,6286467
1972-02-02,1.623615,1.623615,1.585079,1.603063,1.066863,3746579
1972-02-03,1.603063,1.639029,1.592786,1.612054,1.072847,1868424
1972-02-04,1.612054,1.623615,1.599209,1.605632,1.068574,2131171
1972-02-07,1.605632,1.615908,1.583795,1.585079,1.054895,749316
1972-02-08,1.585079,1.603063,1.582510,1.603063,1.066863,2374455
1972-02-09,1.603063,1.615908,1.587648,1.597924,1.063443,1965737
1972-02-10,1.605632,1.622330,1.605632,1.610770,1.071993,973137
1972-02-11,1.610770,1.610770,1.587648,1.595355,1.061734,943943
1972-02-14,1.597924,1.623615,1.597924,1.623615,1.080541,963406
1972-02-15,1.631322,1.669857,1.631322,1.668572,1.110461,1595945
1972-02-16,1.685271,1.708392,1.685271,1.695547,1.128413,2316067
1972-02-17,1.695547,1.704538,1.674995,1.682702,1.119864,1741916
1972-02-18,1.682702,1.685271,1.649305,1.685271,1.121574,1420781
1972-02-22,1.685271,1.695547,1.680133,1.694262,1.127558,1060720
1972-02-23,1.694262,1.726375,1.682702,1.718668,1.143801,2063051
1972-02-24,1.718668,1.718668,1.700685,1.705823,1.135251,642271
1972-02-25,1.705823,1.705823,1.698116,1.704538,1.134397,622808
1972-02-28,1.704538,1.708392,1.698116,1.700685,1.131833,846629
1972-02-29,1.700685,1.713530,1.696831,1.713530,1.140381,1148302
1972-03-01,1.716099,1.762341,1.716099,1.757203,1.169447,3551951
1972-03-02,1.757203,1.757203,1.736651,1.741789,1.159188,924480
1972-03-03,1.726375,1.726375,1.657012,1.676279,1.115590,8719311
1972-03-06,1.676279,1.686555,1.657012,1.662150,1.106187,2296604
1972-03-07,1.662150,1.664719,1.635175,1.644167,1.094219,2588545
1972-03-08,1.644167,1.644167,1.615908,1.615908,1.075412,1868424
1972-03-09,1.610770,1.610770,1.583795,1.583795,1.054040,2131171
1972-03-10,1.560674,1.560674,1.528561,1.531130,1.018991,5722048
1972-03-13,1.531130,1.567096,1.513147,1.567096,1.042927,3221085
1972-03-14,1.567096,1.577372,1.561958,1.572234,1.046346,2189559
1972-03-15,1.574803,1.600493,1.574803,1.581226,1.052331,2423112
1972-03-16,1.579941,1.579941,1.551682,1.578657,1.050621,1342930
1972-03-17,1.578657,1.597924,1.574803,1.574803,1.048057,963406
1972-03-20,1.574803,1.581226,1.542691,1.542691,1.026685,1625139
1972-03-21,1.538837,1.538837,1.500302,1.533699,1.020701,2530157
1972-03-22,1.533699,1.554251,1.531130,1.551682,1.032669,1245616
1972-03-23,1.556820,1.578657,1.556820,1.578657,1.050621,1566751
1972-03-24,1.578657,1.590217,1.568381,1.577372,1.049766,1235884
1972-03-27,1.577372,1.639029,1.568381,1.639029,1.090799,1605677
1972-03-28,1.648020,1.667288,1.648020,1.649305,1.097638,2150634
1972-03-29,1.649305,1.658296,1.639029,1.649305,1.097638,593614
1972-03-30,1.649305,1.651874,1.633891,1.633891,1.087380,953675
1972-04-03,1.637744,1.662150,1.637744,1.654443,1.101058,1459706
1972-04-04,1.654443,1.659581,1.633891,1.649305,1.097638,1634871
1972-04-05,1.649305,1.698116,1.646736,1.698116,1.130123,1722453
1972-04-06,1.698116,1.698116,1.657012,1.657012,1.102767,1527826
1972-04-07,1.654443,1.654443,1.640313,1.644167,1.094219,2111708
1972-04-10,1.644167,1.653158,1.633891,1.633891,1.087380,1119108
1972-04-11,1.633891,1.633891,1.623615,1.623615,1.080541,992600
1972-04-12,1.618477,1.618477,1.600493,1.603063,1.066863,1810035
1972-04-13,1.639029,1.668572,1.639029,1.659581,1.104477,3892549
1972-04-14,1.659581,1.710961,1.657012,1.709676,1.137816,4729448
1972-04-17,1.721237,1.752065,1.721237,1.752065,1.166027,3230816
1972-04-18,1.757203,1.797023,1.757203,1.757203,1.169447,2549620
1972-04-19,1.757203,1.757203,1.736651,1.736651,1.155769,1381855
1972-04-20,1.736651,1.752065,1.705823,1.736651,1.155769,1897618
1972-04-21,1.736651,1.746927,1.723806,1.723806,1.147220,379524
1972-04-24,1.723806,1.736651,1.713530,1.713530,1.140381,817435
1972-04-25,1.705823,1.705823,1.687840,1.687840,1.123284,807704
1972-04-26,1.687840,1.699400,1.677564,1.677564,1.116445,1897618
1972-04-27,1.680133,1.698116,1.680133,1.685271,1.121574,914749
1972-04-28,1.690409,1.718668,1.690409,1.716099,1.142090,982869
1972-05-01,1.716099,1.722521,1.690409,1.704538,1.134397,2802636
1972-05-02,1.704538,1.716099,1.689124,1.692978,1.126703,1235884
1972-05-03,1.698116,1.719952,1.698116,1.705823,1.135251,992600
1972-05-04,1.705823,1.749496,1.701969,1.748212,1.163462,1255347
1972-05-05,1.748212,1.761057,1.726375,1.750781,1.165172,1196959
1972-05-08,1.750781,1.752065,1.731513,1.741789,1.159188,1109377
1972-05-09,1.731513,1.731513,1.710961,1.723806,1.147220,2666396
1972-05-10,1.726375,1.755919,1.726375,1.744358,1.160897,797973
1972-05-11,1.744358,1.755919,1.734082,1.739220,1.157478,982869
1972-05-12,1.745643,1.786747,1.745643,1.786747,1.189108,1449975
1972-05-15,1.794454,1.836842,1.794454,1.835558,1.221593,1897618
1972-05-16,1.835558,1.849688,1.829135,1.836842,1.222447,1508363
1972-05-17,1.836842,1.848403,1.818859,1.838127,1.223302,1294273
1972-05-18,1.841980,1.867671,1.841980,1.867671,1.242965,1148302
1972-05-19,1.898499,1.944741,1.898499,1.940887,1.291691,1946275
1972-05-22,1.958870,2.014104,1.958870,2.011535,1.338708,2267410
1972-05-23,2.006397,2.006397,1.975569,1.983276,1.319901,1848961
1972-05-24,1.983276,1.985845,1.931896,1.931896,1.285707,1634871
1972-05-25,1.924189,1.924189,1.893361,1.922904,1.279723,2423112
1972-05-26,1.926758,1.952448,1.926758,1.949879,1.297675,720122
1972-05-30,1.949879,1.952448,1.924189,1.925473,1.281432,817435
1972-05-31,1.919051,1.919051,1.901068,1.903637,1.266900,1099645
1972-06-01,1.903637,1.907490,1.890792,1.893361,1.260061,1138571
1972-06-02,1.897214,1.939603,1.897214,1.901068,1.265191,2082514
1972-06-05,1.901068,1.921620,1.897214,1.897214,1.262626,681196
1972-06-06,1.897214,1.911344,1.888223,1.893361,1.260061,739584
1972-06-07,1.893361,1.906206,1.892076,1.903637,1.266900,506031
1972-06-08,1.903637,1.911344,1.888223,1.888223,1.256642,603345
1972-06-09,1.886938,1.886938,1.829135,1.834273,1.220737,2890218
1972-06-12,1.834273,1.849688,1.829135,1.834273,1.220737,1313735
1972-06-13,1.834273,1.859964,1.830420,1.849688,1.230996,1226153
1972-06-14,1.859964,1.904921,1.859964,1.898499,1.263480,1683528
1972-06-15,1.901068,1.913913,1.901068,1.911344,1.272030,797973
1972-06-16,1.911344,1.913913,1.901068,1.911344,1.272030,447643
1972-06-19,1.911344,1.925473,1.907490,1.911344,1.272030,895286
1972-06-20,1.916482,1.926758,1.916482,1.926758,1.282287,554688
1972-06-21,1.931896,1.949879,1.931896,1.942172,1.292545,1128839
1972-06-22,1.934465,1.934465,1.913913,1.931896,1.285707,1362392
1972-06-23,1.931896,1.939603,1.906206,1.913913,1.273739,729853
1972-06-26,1.913913,1.919051,1.885654,1.919051,1.277159,690928
1972-06-27,1.919051,1.924189,1.903637,1.911344,1.272030,1576483
1972-06-28,1.911344,1.924189,1.906206,1.906206,1.268610,486569
1972-06-29,1.906206,1.906206,1.890792,1.903637,1.266900,885555
1972-06-30,1.906206,1.919051,1.906206,1.916482,1.275449,486569
1972-07-03,1.916482,1.926758,1.913913,1.926758,1.282287,340598
1972-07-05,1.926758,1.955017,1.926758,1.952448,1.299385,1615408
1972-07-06,1.978138,2.012820,1.978138,2.003828,1.333579,2393918
1972-07-07,2.003828,2.003828,1.983276,1.988414,1.323321,593614
1972-07-10,1.988414,1.993552,1.967862,1.967862,1.309643,408718
1972-07-11,1.962724,1.962724,1.939603,1.942172,1.292545,1167765
1972-07-12,1.942172,1.956301,1.908775,1.910059,1.271174,1800304
1972-07-13,1.910059,1.911344,1.870240,1.893361,1.260061,2101977
1972-07-14,1.901068,1.934465,1.901068,1.921620,1.278868,1080182
1972-07-17,1.921620,1.931896,1.883085,1.883085,1.253223,836898
1972-07-18,1.883085,1.903637,1.862533,1.903637,1.266900,1342930
1972-07-19,1.906206,1.926758,1.906206,1.919051,1.277159,720122
1972-07-20,1.919051,1.924189,1.906206,1.908775,1.270319,321135
1972-07-21,1.908775,1.921620,1.890792,1.921620,1.278868,875824
1972-07-24,1.937034,1.988414,1.937034,1.988414,1.323321,1586214
1972-07-25,1.988414,2.002544,1.962724,1.962724,1.306224,1148302
1972-07-26,1.962724,1.988414,1.960155,1.983276,1.319901,973137
1972-07-27,1.983276,1.985845,1.944741,1.957586,1.302804,807704
1972-07-28,1.957586,1.967862,1.952448,1.961439,1.305368,613077
1972-07-31,1.961439,1.967862,1.952448,1.956301,1.301949,340598
1972-08-01,1.960155,1.981992,1.960155,1.981992,1.319047,895286
1972-08-02,1.981992,2.042363,1.973000,2.042363,1.359225,1965737
1972-08-03,2.042363,2.042363,2.014104,2.029518,1.350676,2024126
1972-08-04,2.029518,2.055208,2.021811,2.055208,1.367773,1002331
1972-08-07,2.055208,2.073191,2.034656,2.055208,1.367773,2861024
1972-08-08,2.055208,2.059062,2.034656,2.034656,1.354096,1119108
1972-08-09,2.034656,2.042363,2.024380,2.039794,1.357515,428180
1972-08-10,2.044932,2.062915,2.044932,2.052639,1.366064,671465
1972-08-11,2.052639,2.064200,2.044932,2.057777,1.369483,1031526
1972-08-14,2.057777,2.064200,2.034656,2.039794,1.357515,1420781
1972-08-15,2.034656,2.034656,1.976854,1.976854,1.315627,1644602
1972-08-16,1.976854,1.993552,1.973000,1.983276,1.319901,525494
1972-08-17,1.988414,2.021811,1.988414,2.019242,1.343837,759047
1972-08-18,2.029518,2.052639,2.029518,2.039794,1.357515,875824
1972-08-21,2.029518,2.029518,2.014104,2.021811,1.345547,253016
1972-08-22,2.021811,2.026949,2.008966,2.008966,1.336999,243284
1972-08-23,2.005113,2.005113,1.942172,1.942172,1.292545,1050988
1972-08-24,1.942172,1.962724,1.885654,1.888223,1.256642,1907349
1972-08-25,1.888223,1.915197,1.881800,1.895930,1.261771,1391586
1972-08-28,1.903637,1.926758,1.903637,1.907490,1.269464,1187228
1972-08-29,1.907490,1.919051,1.890792,1.917766,1.276303,1138571
1972-08-30,1.917766,1.931896,1.908775,1.908775,1.270319,369792
1972-08-31,1.913913,1.929327,1.913913,1.929327,1.283998,593614
1972-09-01,1.929327,1.953732,1.926758,1.926758,1.282287,710390
1972-09-05,1.926758,1.937034,1.924189,1.924189,1.280578,671465
1972-09-06,1.906206,1.906206,1.890792,1.892076,1.259207,535226
1972-09-07,1.885654,1.885654,1.834273,1.844549,1.227576,1021794
1972-09-08,1.844549,1.859964,1.844549,1.849688,1.230996,632539
1972-09-11,1.849688,1.857395,1.784178,1.802161,1.199366,2695590
1972-09-12,1.802161,1.807299,1.781609,1.797023,1.195947,2179828
1972-09-13,1.798307,1.818859,1.798307,1.816290,1.208769,1605677
1972-09-14,1.816290,1.847118,1.808583,1.843265,1.226722,1119108
1972-09-15,1.843265,1.847118,1.820144,1.823997,1.213899,982869
1972-09-18,1.823997,1.838127,1.820144,1.836842,1.222447,389255
1972-09-19,1.836842,1.849688,1.818859,1.823997,1.213899,2598277
1972-09-20,1.823997,1.849688,1.818859,1.849688,1.230996,856361
1972-09-21,1.849688,1.849688,1.830420,1.834273,1.220737,652002
1972-09-22,1.834273,1.847118,1.821428,1.831704,1.219028,1294273
1972-09-25,1.827851,1.827851,1.813721,1.815006,1.207915,729853
1972-09-26,1.815006,1.821428,1.780324,1.782893,1.186543,1868424
1972-09-27,1.782893,1.817575,1.780324,1.817575,1.209625,1167765
1972-09-28,1.817575,1.854826,1.806014,1.854826,1.234416,1537557
1972-09-29,1.854826,1.885654,1.818859,1.831704,1.219028,3114040
1972-10-02,1.831704,1.849688,1.831704,1.849688,1.230996,515763
1972-10-03,1.849688,1.859964,1.841980,1.852257,1.232706,661733
1972-10-04,1.852257,1.870240,1.821428,1.821428,1.212189,1839230
1972-10-05,1.820144,1.820144,1.773902,1.776471,1.182269,2559351
1972-10-06,1.776471,1.813721,1.754634,1.779040,1.183979,3532489
1972-10-09,1.779040,1.794454,1.770048,1.780324,1.184834,1060720
1972-10-10,1.780324,1.802161,1.757203,1.758488,1.170301,1372124
1972-10-11,1.754634,1.754634,1.707107,1.718668,1.143801,3298936
1972-10-12,1.718668,1.730229,1.705823,1.718668,1.143801,3260010
1972-10-13,1.718668,1.744358,1.718668,1.736651,1.155769,788241
1972-10-16,1.736651,1.757203,1.736651,1.739220,1.157478,1625139
1972-10-17,1.739220,1.808583,1.739220,1.799592,1.197657,1586214
1972-10-18,1.808583,1.844549,1.808583,1.808583,1.203640,1994932
1972-10-19,1.823997,1.844549,1.823997,1.835558,1.221593,992600
1972-10-20,1.835558,1.901068,1.823997,1.901068,1.265191,3522757
1972-10-23,1.916482,1.952448,1.916482,1.934465,1.287417,2199290
1972-10-24,1.934465,1.944741,1.893361,1.934465,1.287417,2218753
1972-10-25,1.931896,1.931896,1.916482,1.919051,1.277159,807704
1972-10-26,1.919051,1.942172,1.908775,1.908775,1.270319,1235884
1972-10-27,1.911344,1.937034,1.911344,1.934465,1.287417,749316
1972-10-30,1.934465,1.937034,1.919051,1.937034,1.289127,272478
1972-10-31,1.952448,1.997406,1.952448,1.996121,1.328450,1498632
1972-11-01,2.008966,2.034656,2.008966,2.026949,1.348966,1381855
1972-11-02,2.026949,2.026949,1.983276,1.998690,1.330160,1362392
1972-11-03,1.998690,2.024380,1.988414,1.996121,1.328450,1917081
1972-11-06,1.993552,1.993552,1.952448,1.958870,1.303659,1449975
1972-11-08,1.958870,1.964008,1.926758,1.926758,1.282287,1265079
1972-11-09,1.921620,1.921620,1.890792,1.901068,1.265191,1537557
1972-11-10,1.901068,1.916482,1.890792,1.898499,1.263480,1664065
1972-11-13,1.898499,1.907490,1.881800,1.907490,1.269464,1362392
1972-11-14,1.907490,1.947310,1.906206,1.942172,1.292545,1167765
1972-11-15,1.942172,1.967862,1.928042,1.928042,1.283143,1255347
1972-11-16,1.931896,1.996121,1.931896,1.994837,1.327595,943943
1972-11-17,1.994837,2.003828,1.964008,1.973000,1.313062,2393918
1972-11-20,1.973000,1.978138,1.962724,1.970431,1.311352,418449
1972-11-21,1.975569,2.001259,1.975569,1.985845,1.321611,1041257
1972-11-22,1.987130,2.008966,1.987130,1.989699,1.324176,817435
1972-11-24,1.983276,1.983276,1.965293,1.965293,1.307933,544957
1972-11-27,1.962724,1.962724,1.939603,1.962724,1.306224,1342930
1972-11-28,1.962724,2.011535,1.957586,2.011535,1.338708,2500963
1972-11-29,2.011535,2.023096,1.996121,2.016673,1.342128,3026457
1972-11-30,2.016673,2.046217,2.014104,2.044932,1.360934,1557020
1972-12-01,2.047501,2.064200,2.047501,2.060346,1.371192,2170096
1972-12-04,2.065484,2.096313,2.065484,2.096313,1.395130,1936543
1972-12-05,2.096313,2.127141,2.091174,2.104020,1.400258,1352661
1972-12-06,2.104020,2.106589,2.075760,2.106589,1.401968,1469437
1972-12-07,2.106589,2.106589,2.091174,2.106589,1.401968,2082514
1972-12-08,2.106589,2.125856,2.106589,2.124572,1.413936,1644602
1972-12-11,2.132279,2.235039,2.132279,2.229901,1.484035,1702990
1972-12-12,2.229901,2.281281,2.209349,2.227332,1.482324,3075114
1972-12-13,2.229901,2.283850,2.229901,2.279997,1.517374,943943
1972-12-14,2.314678,2.363490,2.314678,2.333946,1.553277,3989863
1972-12-15,2.333946,2.346791,2.301833,2.337799,1.555842,2812367
1972-12-18,2.312109,2.312109,2.263298,2.271005,1.511390,2101977
1972-12-19,2.271005,2.278712,2.250453,2.265867,1.507969,1498632
1972-12-20,2.265867,2.305687,2.260729,2.305687,1.534471,1002331
1972-12-21,2.305687,2.330092,2.296695,2.327523,1.549003,1089914
1972-12-22,2.327523,2.358352,2.322385,2.358352,1.569520,895286
1972-12-26,2.358352,2.389180,2.355783,2.360921,1.571230,593614
1972-12-27,2.363490,2.389180,2.363490,2.389180,1.590037,1158033
1972-12-29,2.399456,2.432853,2.399456,2.432853,1.619103,1352661
1973-01-02,2.440560,2.507354,2.440560,2.507354,1.668683,2452306
1973-01-03,2.507354,2.538182,2.502216,2.503501,1.666119,1654334
1973-01-04,2.497078,2.497078,2.409732,2.432853,1.619103,4427775
1973-01-05,2.432853,2.453405,2.432853,2.440560,1.624231,788241
1973-01-08,2.440560,2.448267,2.353214,2.353214,1.566100,2977800
1973-01-09,2.322385,2.322385,2.281281,2.319816,1.543874,6919007
1973-01-10,2.308256,2.308256,2.276143,2.287704,1.522502,2715053
1973-01-11,2.287704,2.300549,2.268436,2.291557,1.525067,2783173
1973-01-12,2.291557,2.291557,2.196504,2.199073,1.463518,4126102
1973-01-15,2.199073,2.240177,2.199073,2.204211,1.466937,4223416
1973-01-16,2.260729,2.260729,2.147693,2.219625,1.477195,3712519
1973-01-17,2.224763,2.327523,2.224763,2.317247,1.542164,2345261
1973-01-18,2.342938,2.443129,2.342938,2.396887,1.595167,3478966
1973-01-19,2.402025,2.507354,2.402025,2.507354,1.668683,3060517
1973-01-22,2.507354,2.512492,2.425146,2.437991,1.622521,3498429
1973-01-23,2.414870,2.414870,2.332661,2.355783,1.567811,4744045
1973-01-24,2.214487,2.214487,2.127141,2.163107,1.439581,11371110
1973-01-26,2.163107,2.245315,2.152831,2.219625,1.477195,7317993
1973-01-29,2.219625,2.250453,2.209349,2.217056,1.475486,2272276
1973-01-30,2.217056,2.242746,2.201642,2.204211,1.466937,1824633
1973-01-31,2.204211,2.240177,2.160538,2.191366,1.458389,1591080
1973-02-01,2.191366,2.206780,2.055208,2.068053,1.376322,6748708
1973-02-02,2.034656,2.034656,1.952448,1.996121,1.328450,8544146
1973-02-05,1.996121,2.044932,1.993552,2.024380,1.347257,3031323
1973-02-06,2.029518,2.111727,2.029518,2.088605,1.389999,3707653
1973-02-07,2.088605,2.168245,2.088605,2.091174,1.391709,3440041
1973-02-08,2.091174,2.137417,2.055208,2.134848,1.420774,4354790
1973-02-09,2.134848,2.145124,2.116865,2.137417,1.422484,2058186
1973-02-12,2.137417,2.142555,2.104020,2.106589,1.401968,1975469
1973-02-13,2.106589,2.134848,2.034656,2.034656,1.354096,4909478
1973-02-14,2.024380,2.024380,1.962724,1.980707,1.318192,3722250
1973-02-15,1.980707,1.996121,1.960155,1.960155,1.304514,2457172
1973-02-16,1.978138,2.006397,1.978138,2.006397,1.335288,1707856
1973-02-20,2.006397,2.042363,1.985845,2.021811,1.345547,1897618
1973-02-21,2.014104,2.014104,1.980707,1.993552,1.326740,1255347
1973-02-22,1.983276,1.983276,1.967862,1.975569,1.314772,817435
1973-02-23,1.975569,1.978138,1.957586,1.960155,1.304514,1990066
1973-02-26,1.960155,1.983276,1.952448,1.970431,1.311352,2768576
1973-02-27,1.970431,1.990983,1.944741,1.947310,1.295965,4247745
1973-02-28,1.947310,1.973000,1.921620,1.973000,1.313062,4228282
1973-03-01,1.973000,1.983276,1.937034,1.939603,1.290836,1858692
1973-03-02,1.939603,1.978138,1.908775,1.975569,1.314772,2554486
1973-03-05,1.975569,2.055208,1.965293,2.055208,1.367773,1586214
1973-03-06,2.065484,2.157969,2.065484,2.147693,1.429323,3323264
1973-03-07,2.147693,2.155400,2.070622,2.155400,1.434452,3328130
1973-03-08,2.155400,2.157969,2.101451,2.116865,1.408807,1352661
1973-03-09,2.111727,2.111727,2.060346,2.083467,1.386580,1089914
1973-03-12,2.083467,2.106589,2.060346,2.060346,1.371192,754181
1973-03-13,2.060346,2.083467,2.044932,2.075760,1.381451,1581348
1973-03-14,2.075760,2.101451,2.044932,2.050070,1.364354,1279676
1973-03-15,2.047501,2.047501,1.978138,1.978138,1.316482,1805170
1973-03-16,1.978138,2.021811,1.973000,1.980707,1.318192,1547288
1973-03-19,1.980707,1.993552,1.937034,1.965293,1.307933,2393918
1973-03-20,1.965293,1.985845,1.949879,1.983276,1.319901,1012063
1973-03-21,1.983276,1.985845,1.903637,1.903637,1.266900,1810035
1973-03-22,1.903637,1.903637,1.818859,1.844549,1.227576,5381450
1973-03-23,1.844549,1.890792,1.821428,1.854826,1.234416,3595743
1973-03-26,1.854826,1.880516,1.829135,1.880516,1.251513,2267410
1973-03-27,1.880516,1.929327,1.854826,1.921620,1.278868,1557020
1973-03-28,1.921620,1.939603,1.898499,1.898499,1.263480,1863558
1973-03-29,1.898499,2.014104,1.893361,1.993552,1.326740,2267410
1973-03-30,1.983276,1.983276,1.916482,1.921620,1.278868,1902484
1973-04-02,1.921620,1.967862,1.916482,1.931896,1.285707,1226153
1973-04-03,1.931896,1.955017,1.916482,1.934465,1.287417,2359858
1973-04-04,1.934465,1.942172,1.890792,1.890792,1.258352,1693259
1973-04-05,1.890792,1.942172,1.870240,1.937034,1.289127,1586214
1973-04-06,1.937034,1.978138,1.826566,1.826566,1.215608,5376584
1973-04-09,1.913913,1.983276,1.913913,1.970431,1.311352,4559149
1973-04-10,1.970431,2.001259,1.960155,1.980707,1.318192,2802636
1973-04-11,1.962724,1.962724,1.901068,1.924189,1.280578,2559351
1973-04-12,1.924189,1.926758,1.865102,1.870240,1.244674,2544754
1973-04-13,1.870240,1.877947,1.839411,1.872809,1.246384,2491232
1973-04-16,1.872809,1.895930,1.849688,1.895930,1.261771,695793
1973-04-17,1.885654,1.885654,1.854826,1.880516,1.251513,1279676
1973-04-18,1.880516,1.895930,1.852257,1.890792,1.258352,1566751
1973-04-19,1.890792,1.906206,1.854826,1.880516,1.251513,4578611
1973-04-23,1.880516,1.942172,1.875378,1.906206,1.268610,1503497
1973-04-24,1.906206,1.937034,1.890792,1.895930,1.261771,1279676
1973-04-25,1.890792,1.890792,1.849688,1.849688,1.230996,2384187
1973-04-26,1.849688,1.880516,1.823997,1.854826,1.234416,3362190
1973-04-27,1.854826,1.854826,1.808583,1.811152,1.205350,1994932
1973-04-30,1.811152,1.844549,1.788031,1.823997,1.213899,2919412
1973-05-01,1.823997,1.862533,1.808583,1.862533,1.239545,2929143
1973-05-02,1.862533,1.890792,1.841980,1.854826,1.234416,2004663
1973-05-03,1.854826,1.949879,1.811152,1.937034,1.289127,2617739
1973-05-04,1.937034,1.962724,1.901068,1.911344,1.272030,2043588
1973-05-07,1.911344,1.926758,1.895930,1.913913,1.273739,700659
1973-05-08,1.913913,2.003828,1.901068,1.975569,1.314772,1892752
1973-05-09,1.975569,2.014104,1.962724,1.965293,1.307933,2174962
1973-05-10,1.965293,2.006397,1.952448,1.967862,1.309643,895286
1973-05-11,1.967862,1.983276,1.934465,1.942172,1.292545,1532691
1973-05-14,1.942172,1.949879,1.911344,1.916482,1.275449,2213887
1973-05-15,1.916482,1.931896,1.870240,1.931896,1.285707,3196756
1973-05-16,1.931896,1.931896,1.880516,1.911344,1.272030,1829498
1973-05-17,1.903637,1.903637,1.870240,1.875378,1.248094,1167765
1973-05-18,1.854826,1.854826,1.808583,1.811152,1.205350,2369589
1973-05-21,1.782893,1.782893,1.744358,1.777755,1.183124,5021389
1973-05-22,1.790600,1.859964,1.790600,1.818859,1.210480,2257679
1973-05-23,1.818859,1.870240,1.803445,1.831704,1.219028,1021794
1973-05-24,1.831704,1.931896,1.831704,1.931896,1.285707,2131171
1973-05-25,1.931896,1.960155,1.901068,1.944741,1.294255,2009529
1973-05-29,1.944741,1.944741,1.906206,1.906206,1.268610,943943
1973-05-30,1.906206,1.911344,1.890792,1.893361,1.260061,1542423
1973-05-31,1.893361,1.901068,1.821428,1.821428,1.212189,1664065
1973-06-01,1.798307,1.798307,1.757203,1.762341,1.172865,2846427
1973-06-04,1.764910,1.803445,1.764910,1.785462,1.188253,1965737
1973-06-05,1.785462,1.849688,1.782893,1.841980,1.225867,2316067
1973-06-06,1.841980,1.870240,1.800876,1.808583,1.203640,1659199
1973-06-07,1.813721,1.865102,1.813721,1.849688,1.230996,1756513
1973-06-08,1.849688,1.885654,1.829135,1.849688,1.230996,1688393
1973-06-11,1.849688,1.870240,1.834273,1.834273,1.220737,856361
1973-06-12,1.844549,1.895930,1.844549,1.880516,1.251513,1630005
1973-06-13,1.880516,1.890792,1.808583,1.854826,1.234416,1659199
1973-06-14,1.849688,1.849688,1.793169,1.793169,1.193382,1279676
1973-06-15,1.777755,1.777755,1.728944,1.752065,1.166027,2486366
1973-06-18,1.744358,1.744358,1.726375,1.731513,1.152350,1649468
1973-06-19,1.731513,1.762341,1.718668,1.739220,1.157478,2564217
1973-06-20,1.739220,1.754634,1.718668,1.723806,1.147220,1464572
1973-06-21,1.718668,1.718668,1.657012,1.657012,1.102767,3162696
1973-06-22,1.657012,1.687840,1.556820,1.574803,1.048057,6665991
1973-06-25,1.541406,1.541406,1.441215,1.469474,0.977958,6150228
1973-06-26,1.469474,1.559389,1.466905,1.541406,1.025830,3839027
1973-06-27,1.541406,1.541406,1.487457,1.541406,1.025830,2909681
1973-06-28,1.541406,1.595355,1.538837,1.592786,1.060023,2218753
1973-06-29,1.592786,1.597924,1.574803,1.577372,1.049766,1406183
1973-07-02,1.572234,1.572234,1.520854,1.525992,1.015571,1936543
1973-07-03,1.525992,1.538837,1.500302,1.533699,1.020701,2934009
1973-07-05,1.533699,1.561958,1.505440,1.554251,1.034378,1445109
1973-07-06,1.551682,1.551682,1.531130,1.543975,1.027539,2267410
1973-07-09,1.543975,1.692978,1.525992,1.685271,1.121574,2724785
1973-07-10,1.685271,1.690409,1.636460,1.659581,1.104477,2632337
1973-07-11,1.659581,1.736651,1.644167,1.734082,1.154059,3308667
1973-07-12,1.734082,1.803445,1.708392,1.770048,1.177995,3654131
1973-07-13,1.759772,1.759772,1.728944,1.731513,1.152350,2666396
1973-07-16,1.731513,1.854826,1.728944,1.839411,1.224157,2530157
1973-07-17,1.839411,1.849688,1.790600,1.793169,1.193382,2773441
1973-07-18,1.793169,1.841980,1.782893,1.829135,1.217318,2063051
1973-07-19,1.829135,1.926758,1.800876,1.859964,1.237835,3225950
1973-07-20,1.859964,1.859964,1.800876,1.806014,1.201930,2544754
1973-07-23,1.806014,1.849688,1.803445,1.823997,1.213899,1527826
1973-07-24,1.823997,1.862533,1.803445,1.849688,1.230996,1250482
1973-07-25,1.852257,1.926758,1.852257,1.901068,1.265191,2890218
1973-07-26,1.901068,1.929327,1.870240,1.893361,1.260061,1055854
1973-07-27,1.893361,1.911344,1.880516,1.890792,1.258352,1265079
1973-07-30,1.890792,1.911344,1.880516,1.911344,1.272030,773644
1973-07-31,1.911344,1.911344,1.818859,1.818859,1.210480,2646934
1973-08-01,1.816290,1.816290,1.782893,1.788031,1.189963,1892752
1973-08-02,1.788031,1.839411,1.785462,1.834273,1.220737,1123974
1973-08-03,1.831704,1.831704,1.798307,1.826566,1.215608,715256
1973-08-06,1.826566,1.847118,1.803445,1.834273,1.220737,1917081
1973-08-07,1.834273,1.834273,1.788031,1.813721,1.207060,1819767
1973-08-08,1.813721,1.813721,1.764910,1.772617,1.179705,880689
1973-08-09,1.772617,1.806014,1.762341,1.767479,1.176285,1308870
1973-08-10,1.764910,1.764910,1.736651,1.746927,1.162608,617942
1973-08-13,1.746927,1.764910,1.708392,1.710961,1.138672,1386721
1973-08-14,1.710961,1.754634,1.708392,1.734082,1.154059,1187228
1973-08-15,1.734082,1.762341,1.726375,1.749496,1.164317,2072783
1973-08-16,1.749496,1.764910,1.716099,1.721237,1.145510,1080182
1973-08-17,1.721237,1.746927,1.718668,1.731513,1.152350,632539
1973-08-20,1.731513,1.734082,1.659581,1.662150,1.106187,1206690
1973-08-21,1.662150,1.674995,1.626184,1.644167,1.094219,1761379
1973-08-22,1.644167,1.672426,1.623615,1.644167,1.094219,1800304
1973-08-23,1.657012,1.695547,1.657012,1.687840,1.123284,992600
1973-08-24,1.687840,1.705823,1.667288,1.705823,1.135251,1240750
1973-08-27,1.705823,1.739220,1.685271,1.726375,1.148930,632539
1973-08-28,1.728944,1.767479,1.728944,1.762341,1.172865,1153168
1973-08-29,1.762341,1.798307,1.752065,1.795738,1.195092,1328332
1973-08-30,1.795738,1.798307,1.752065,1.752065,1.166027,418449
1973-08-31,1.752065,1.767479,1.736651,1.762341,1.172865,739584
1973-09-04,1.762341,1.767479,1.726375,1.734082,1.154059,593614
1973-09-05,1.734082,1.734082,1.713530,1.716099,1.142090,900152
1973-09-06,1.716099,1.718668,1.669857,1.669857,1.111316,890421
1973-09-07,1.654443,1.654443,1.561958,1.623615,1.080541,7147694
1973-09-10,1.621046,1.621046,1.569665,1.572234,1.046346,2063051
1973-09-11,1.572234,1.587648,1.564527,1.577372,1.049766,1683528
1973-09-12,1.587648,1.636460,1.587648,1.628753,1.083961,1347795
1973-09-13,1.628753,1.669857,1.615908,1.664719,1.107897,1469437
1973-09-14,1.664719,1.705823,1.639029,1.705823,1.135251,1211556
1973-09-17,1.705823,1.726375,1.664719,1.664719,1.107897,1216422
1973-09-18,1.664719,1.672426,1.613339,1.615908,1.075412,1819767
1973-09-19,1.615908,1.623615,1.567096,1.610770,1.071993,2749113
1973-09-20,1.636460,1.700685,1.636460,1.687840,1.123284,2218753
1973-09-21,1.685271,1.685271,1.644167,1.677564,1.116445,1591080
1973-09-24,1.677564,1.705823,1.674995,1.700685,1.131833,1211556
1973-09-25,1.700685,1.710961,1.674995,1.677564,1.116445,1887886
1973-09-26,1.677564,1.682702,1.646736,1.659581,1.104477,1240750
1973-09-27,1.659581,1.669857,1.633891,1.636460,1.089090,1041257
1973-09-28,1.636460,1.644167,1.615908,1.626184,1.082250,1002331
1973-10-01,1.626184,1.628753,1.608201,1.615908,1.075412,734719
1973-10-02,1.615908,1.705823,1.603063,1.659581,1.104477,3391384
1973-10-03,1.651874,1.651874,1.613339,1.613339,1.073702,1766244
1973-10-04,1.608201,1.608201,1.587648,1.595355,1.061734,1848961
1973-10-05,1.595355,1.628753,1.582510,1.608201,1.070283,1342930
1973-10-08,1.608201,1.644167,1.600493,1.644167,1.094219,1226153
1973-10-09,1.644167,1.669857,1.613339,1.633891,1.087380,3478966
1973-10-10,1.633891,1.644167,1.608201,1.610770,1.071993,1123974
1973-10-11,1.610770,1.644167,1.605632,1.641598,1.092509,1182362
1973-10-12,1.641598,1.649305,1.551682,1.551682,1.032669,1698125
1973-10-15,1.551682,1.556820,1.513147,1.515716,1.008732,2296604
1973-10-16,1.515716,1.536268,1.479750,1.500302,0.998475,2788039
1973-10-17,1.500302,1.531130,1.464336,1.474612,0.981377,1941409
1973-10-18,1.474612,1.490026,1.448922,1.448922,0.964281,2403649
1973-10-19,1.448922,1.479750,1.448922,1.451491,0.965990,2063051
1973-10-22,1.451491,1.479750,1.446353,1.448922,0.964281,1737050
1973-10-23,1.448922,1.497733,1.443784,1.469474,0.977958,1522960
1973-10-24,1.469474,1.484888,1.461767,1.472043,0.979667,1299138
1973-10-25,1.472043,1.492595,1.454060,1.479750,0.984797,1016929
1973-10-26,1.479750,1.500302,1.474612,1.479750,0.984797,1469437
1973-10-29,1.479750,1.510578,1.472043,1.477181,0.983087,2354992
1973-10-30,1.477181,1.487457,1.461767,1.466905,0.976248,1853827
1973-10-31,1.466905,1.479750,1.448922,1.456629,0.969409,1707856
1973-11-01,1.451491,1.451491,1.394973,1.394973,0.928376,4636999
1973-11-02,1.389835,1.389835,1.315333,1.335885,0.889052,4023923
1973-11-05,1.315333,1.315333,1.269091,1.287074,0.856568,3809833
1973-11-06,1.287074,1.307626,1.279367,1.284505,0.854859,1712722
1973-11-07,1.289643,1.343592,1.289643,1.289643,0.858277,2899949
1973-11-08,1.289643,1.335885,1.284505,1.299919,0.865116,1775976
1973-11-09,1.299919,1.299919,1.222849,1.233125,0.820664,3804967
1973-11-12,1.171469,1.171469,1.091829,1.109813,0.738598,7785099
1973-11-13,1.109813,1.125227,1.094398,1.114951,0.742018,6305930
1973-11-14,1.114951,1.135503,1.078984,1.081553,0.719790,4023923
1973-11-15,1.081553,1.132934,1.076415,1.089260,0.724920,4301267
1973-11-16,1.089260,1.186883,1.081553,1.107243,0.736888,4885150
1973-11-19,1.089260,1.089260,1.017328,1.022466,0.680467,5167359
1973-11-20,0.983931,0.983931,0.929982,0.955672,0.636015,6485960
1973-11-21,0.955672,0.994207,0.927413,0.940258,0.625757,6159959
1973-11-23,0.940258,0.963379,0.894016,0.901723,0.600111,2389052
1973-11-26,0.881171,0.881171,0.832359,0.865757,0.576175,5556614
1973-11-27,0.865757,0.899154,0.837497,0.852911,0.567626,4242879
1973-11-28,0.855480,0.971086,0.855480,0.953103,0.634305,4680791
1973-11-29,0.953103,0.953103,0.904292,0.919706,0.612079,7682919
1973-11-30,0.919706,0.942827,0.894016,0.904292,0.601820,2992397
1973-12-03,0.904292,0.909430,0.858049,0.886309,0.589853,2408515
1973-12-04,0.886309,0.940258,0.881171,0.911999,0.606950,3211353
1973-12-05,0.911999,0.924844,0.845204,0.860618,0.572755,3260010
1973-12-06,0.868326,0.929982,0.868326,0.904292,0.601820,6305930
1973-12-07,0.904292,0.945396,0.891447,0.901723,0.600111,4549417
1973-12-10,0.901723,0.973655,0.894016,0.935120,0.622337,3133502
1973-12-11,0.935120,0.945396,0.888878,0.888878,0.591562,1848961
1973-12-12,0.888878,0.888878,0.868326,0.881171,0.586433,1946275
1973-12-13,0.881171,0.909430,0.858049,0.865757,0.576175,2544754
1973-12-14,0.868326,0.932551,0.868326,0.919706,0.612079,3284339
1973-12-17,0.919706,0.932551,0.904292,0.927413,0.617208,1367258
1973-12-18,0.927413,0.965948,0.917137,0.932551,0.620627,5070046
1973-12-19,0.932551,0.953103,0.883740,0.899154,0.598401,2651799
1973-12-20,0.899154,0.909430,0.881171,0.901723,0.600111,1683528
1973-12-21,0.901723,0.914568,0.850342,0.873464,0.581304,3488697
1973-12-24,0.873464,0.876033,0.847773,0.865757,0.576175,905018
1973-12-26,0.883740,0.935120,0.883740,0.906861,0.603530,2603142
1973-12-27,0.924844,0.991638,0.924844,0.963379,0.641144,4598074
1973-12-28,0.963379,0.983931,0.950534,0.973655,0.647983,2320933
1973-12-31,0.973655,0.983931,0.955672,0.971086,0.646273,1702990
1974-01-02,0.971086,0.973655,0.924844,0.937689,0.624047,1576483
1974-01-03,0.937689,0.955672,0.911999,0.914568,0.608659,3143234
1974-01-04,0.904292,0.904292,0.840066,0.845204,0.562496,7950532
1974-01-07,0.845204,0.855480,0.832359,0.840066,0.559077,2695590
1974-01-08,0.791255,0.791255,0.770703,0.773272,0.514625,6724379
1974-01-09,0.773272,0.773272,0.732168,0.757858,0.504366,3362190
1974-01-10,0.757858,0.793824,0.721892,0.745013,0.495818,5021389
1974-01-11,0.745013,0.780979,0.742444,0.778410,0.518044,3629802
1974-01-14,0.778410,0.809238,0.762996,0.793824,0.528302,2121439
1974-01-15,0.793824,0.806669,0.780979,0.801531,0.533431,3347592
1974-01-16,0.801531,0.840066,0.791255,0.840066,0.559077,2418246
1974-01-17,0.847773,0.870895,0.847773,0.852911,0.567626,3508160
1974-01-18,0.852911,0.860618,0.834928,0.834928,0.555658,2963203
1974-01-21,0.834928,0.914568,0.796393,0.904292,0.601820,2997263
1974-01-22,0.904292,0.922275,0.868326,0.888878,0.591562,3658996
1974-01-23,0.894016,0.953103,0.894016,0.940258,0.625757,3717385
1974-01-24,0.940258,0.942827,0.896585,0.919706,0.612079,2642068
1974-01-25,0.919706,0.935120,0.909430,0.917137,0.610369,1522960
1974-01-28,0.917137,0.927413,0.878602,0.906861,0.603530,1664065
1974-01-29,0.906861,0.919706,0.899154,0.914568,0.608659,1537557
1974-01-30,0.924844,0.953103,0.924844,0.947965,0.630885,1853827
1974-01-31,0.947965,0.960810,0.919706,0.919706,0.612079,2992397
1974-02-01,0.914568,0.914568,0.894016,0.899154,0.598401,1016929
1974-02-04,0.878602,0.878602,0.852911,0.852911,0.567626,1522960
1974-02-05,0.852911,0.876033,0.832359,0.847773,0.564206,2228485
1974-02-06,0.847773,0.868326,0.842635,0.865757,0.576175,1226153
1974-02-07,0.865757,0.904292,0.865757,0.878602,0.584724,7619665
1974-02-08,0.878602,0.878602,0.842635,0.845204,0.562496,1119108
1974-02-11,0.837497,0.837497,0.806669,0.811807,0.540270,1985200
1974-02-12,0.811807,0.837497,0.804100,0.816945,0.543690,2140902
1974-02-13,0.816945,0.837497,0.816945,0.816945,0.543690,812570
1974-02-14,0.824652,0.847773,0.824652,0.824652,0.548819,1123974
1974-02-15,0.824652,0.855480,0.822083,0.842635,0.560787,4744045
1974-02-19,0.845204,0.896585,0.845204,0.847773,0.564206,3936341
1974-02-20,0.847773,0.888878,0.842635,0.888878,0.591562,1990066
1974-02-21,0.888878,0.891447,0.876033,0.876033,0.583014,2136036
1974-02-22,0.876033,0.891447,0.850342,0.865757,0.576175,1790573
1974-02-25,0.865757,0.873464,0.852911,0.863188,0.574465,909883
1974-02-26,0.863188,0.891447,0.858049,0.888878,0.591562,2238216
1974-02-27,0.888878,0.929982,0.876033,0.919706,0.612079,4632134
1974-02-28,0.919706,0.927413,0.904292,0.919706,0.612079,2345261
1974-03-01,0.917137,0.917137,0.891447,0.896585,0.596691,2369589
1974-03-04,0.896585,0.927413,0.868326,0.919706,0.612079,2116574
1974-03-05,0.947965,1.004483,0.947965,1.001914,0.666790,9960061
1974-03-06,1.001914,1.063570,0.996776,1.058432,0.704403,13779625
1974-03-07,1.058432,1.071277,1.037880,1.043018,0.694145,13010846
1974-03-08,1.043018,1.076415,1.030173,1.066139,0.709532,6889812
1974-03-11,1.066139,1.099536,1.019897,1.089260,0.724920,12251799
1974-03-12,1.089260,1.107243,1.073846,1.073846,0.714661,6208616
1974-03-13,1.078984,1.107243,1.078984,1.107243,0.736888,4023923
1974-03-14,1.107243,1.120089,1.086691,1.102105,0.733468,9522149
1974-03-15,1.102105,1.114951,1.086691,1.099536,0.731759,2963203
1974-03-18,1.099536,1.109813,1.061001,1.061001,0.706113,5804764
1974-03-19,1.061001,1.063570,1.037880,1.045587,0.695855,3206488
1974-03-20,1.045587,1.073846,1.043018,1.061001,0.706113,1931678
1974-03-21,1.061001,1.068708,1.045587,1.045587,0.695855,1488900
1974-03-22,1.045587,1.055863,1.037880,1.037880,0.690725,1201825
1974-03-25,1.037880,1.045587,1.012190,1.027604,0.683887,3790370
1974-03-26,1.027604,1.032742,1.017328,1.022466,0.680467,822301
1974-03-27,1.022466,1.025035,0.999345,1.001914,0.666790,1338064
1974-03-28,0.999345,0.999345,0.976224,0.991638,0.659950,3279473
1974-03-29,0.991638,1.025035,0.989069,1.007052,0.670209,3016726
1974-04-01,1.007052,1.022466,1.007052,1.007052,0.670209,982869
1974-04-02,1.007052,1.022466,1.001914,1.007052,0.670209,1892752
1974-04-03,1.007052,1.032742,0.996776,1.027604,0.683887,2218753
1974-04-04,1.027604,1.043018,1.012190,1.043018,0.694145,1547288
1974-04-05,1.032742,1.032742,0.996776,1.001914,0.666790,1347795
1974-04-08,0.999345,0.999345,0.986500,0.991638,0.659950,2218753
1974-04-09,0.991638,1.012190,0.991638,0.996776,0.663370,1649468
1974-04-10,0.976224,0.976224,0.929982,0.929982,0.618917,4306133
1974-04-11,0.927413,0.927413,0.876033,0.901723,0.600111,3950938
1974-04-15,0.901723,0.935120,0.899154,0.914568,0.608659,1814901
1974-04-16,0.932551,0.976224,0.932551,0.960810,0.639434,2408515
1974-04-17,0.960810,0.960810,0.940258,0.942827,0.627466,1245616
1974-04-18,0.937689,0.937689,0.909430,0.909430,0.605240,1352661
1974-04-19,0.904292,0.904292,0.888878,0.891447,0.593272,1182362
1974-04-22,0.891447,0.914568,0.878602,0.899154,0.598401,1031526
1974-04-23,0.899154,0.901723,0.873464,0.883740,0.588143,1138571
1974-04-24,0.873464,0.873464,0.855480,0.863188,0.574465,1727319
1974-04-25,0.863188,0.888878,0.847773,0.883740,0.588143,3143234
1974-04-26,0.883740,0.899154,0.873464,0.873464,0.581304,1630005
1974-04-29,0.873464,0.904292,0.855480,0.894016,0.594982,1741916
1974-04-30,0.894016,0.911999,0.878602,0.899154,0.598401,1265079
1974-05-01,0.899154,0.945396,0.894016,0.935120,0.622337,2291738
1974-05-02,0.935120,0.953103,0.922275,0.924844,0.615498,1391586
1974-05-03,0.919706,0.919706,0.906861,0.906861,0.603530,481703
1974-05-06,0.906861,0.932551,0.888878,0.927413,0.617208,671465
1974-05-07,0.927413,0.945396,0.909430,0.914568,0.608659,496300
1974-05-08,0.914568,0.919706,0.904292,0.906861,0.603530,1318601
1974-05-09,0.919706,0.953103,0.919706,0.953103,0.634305,1362392
1974-05-10,0.953103,0.958241,0.935120,0.937689,0.624047,1362392
1974-05-13,0.932551,0.932551,0.896585,0.911999,0.606950,1021794
1974-05-14,0.911999,0.922275,0.899154,0.899154,0.598401,632539
1974-05-15,0.899154,0.924844,0.899154,0.906861,0.603530,530360
1974-05-16,0.906861,0.929982,0.878602,0.878602,0.584724,1089914
1974-05-17,0.878602,0.878602,0.847773,0.863188,0.574465,2252813
1974-05-20,0.863188,0.883740,0.850342,0.873464,0.581304,1678662
1974-05-21,0.873464,0.894016,0.873464,0.888878,0.591562,686062
1974-05-22,0.888878,0.899154,0.883740,0.891447,0.593272,890421
1974-05-23,0.891447,0.919706,0.886309,0.919706,0.612079,1338064
1974-05-24,0.927413,0.950534,0.927413,0.947965,0.630885,2544754
1974-05-28,0.947965,0.953103,0.924844,0.947965,0.630885,832032
1974-05-29,0.945396,0.945396,0.894016,0.896585,0.596691,987734
1974-05-30,0.896585,0.945396,0.873464,0.927413,0.617208,2014394
1974-05-31,0.927413,0.932551,0.906861,0.917137,0.610369,851495
1974-06-03,0.917137,0.945396,0.909430,0.945396,0.629176,1600811
1974-06-04,0.953103,1.022466,0.953103,0.986500,0.656531,3902281
1974-06-05,0.986500,1.017328,0.976224,1.001914,0.666790,3075114
1974-06-06,1.001914,1.048156,0.996776,1.048156,0.697564,2685859
1974-06-07,1.048156,1.050725,1.017328,1.017328,0.677048,3196756
1974-06-10,1.017328,1.053294,0.996776,1.032742,0.687306,4559149
1974-06-11,1.032742,1.037880,1.007052,1.007052,0.670209,1634871
1974-06-12,1.007052,1.007052,0.991638,0.996776,0.663370,2398784
1974-06-13,0.999345,1.030173,0.999345,1.012190,0.673628,1119108
1974-06-14,1.004483,1.004483,0.965948,0.968517,0.644563,2987532
1974-06-17,0.965948,0.965948,0.945396,0.947965,0.630885,1688393
1974-06-18,0.940258,0.940258,0.878602,0.888878,0.591562,2569083
1974-06-19,0.888878,0.911999,0.888878,0.894016,0.594982,720122
1974-06-20,0.899154,0.919706,0.899154,0.899154,0.598401,637405
1974-06-21,0.899154,0.899154,0.883740,0.896585,0.596691,1085048
1974-06-24,0.896585,0.917137,0.883740,0.917137,0.610369,608211
1974-06-25,0.922275,0.955672,0.922275,0.945396,0.629176,1464572
1974-06-26,0.940258,0.940258,0.886309,0.894016,0.594982,1727319
1974-06-27,0.894016,0.919706,0.886309,0.894016,0.594982,783376
1974-06-28,0.894016,0.911999,0.883740,0.888878,0.591562,1333198
1974-07-01,0.888878,0.919706,0.886309,0.886309,0.589853,1581348
1974-07-02,0.883740,0.883740,0.796393,0.798962,0.531722,6534617
1974-07-03,0.798962,0.837497,0.796393,0.827221,0.550528,3152965
1974-07-05,0.827221,0.829790,0.804100,0.816945,0.543690,963406
1974-07-08,0.791255,0.791255,0.760427,0.778410,0.518044,3362190
1974-07-09,0.778410,0.796393,0.678219,0.678219,0.451365,5284136
1974-07-10,0.711616,0.732168,0.711616,0.714185,0.475301,5123568
1974-07-11,0.729599,0.786117,0.729599,0.757858,0.504366,3736847
1974-07-12,0.786117,0.847773,0.786117,0.834928,0.555658,3926609
1974-07-15,0.834928,0.847773,0.791255,0.829790,0.552238,2622605
1974-07-16,0.824652,0.824652,0.791255,0.791255,0.526593,1649468
1974-07-17,0.791255,0.842635,0.778410,0.832359,0.553948,2024126
1974-07-18,0.832359,0.847773,0.809238,0.816945,0.543690,2413381
1974-07-19,0.816945,0.822083,0.793824,0.806669,0.536851,2053320
1974-07-22,0.806669,0.822083,0.796393,0.822083,0.547109,666599
1974-07-23,0.822083,0.834928,0.816945,0.819514,0.545399,1673796
1974-07-24,0.819514,0.827221,0.806669,0.816945,0.543690,1255347
1974-07-25,0.814376,0.814376,0.788686,0.796393,0.530012,929346
1974-07-26,0.796393,0.796393,0.765565,0.768134,0.511205,1824633
1974-07-29,0.760427,0.760427,0.742444,0.747582,0.497528,1235884
1974-07-30,0.747582,0.762996,0.727030,0.755289,0.502657,2028991
1974-07-31,0.755289,0.755289,0.734737,0.739875,0.492398,982869
1974-08-01,0.739875,0.755289,0.734737,0.752720,0.500947,1211556
1974-08-02,0.752720,0.778410,0.737306,0.770703,0.512915,1192093
1974-08-05,0.770703,0.819514,0.770703,0.788686,0.524883,1401318
1974-08-06,0.788686,0.845204,0.780979,0.798962,0.531722,5147897
1974-08-07,0.798962,0.832359,0.786117,0.832359,0.553948,2204156
1974-08-08,0.827221,0.827221,0.775841,0.783548,0.521464,2627471
1974-08-09,0.783548,0.796393,0.768134,0.778410,0.518044,1897618
1974-08-12,0.778410,0.780979,0.765565,0.765565,0.509496,905018
1974-08-13,0.765565,0.775841,0.745013,0.757858,0.504366,1167765
1974-08-14,0.752720,0.752720,0.729599,0.742444,0.494108,2204156
1974-08-15,0.742444,0.762996,0.734737,0.742444,0.494108,1304004
1974-08-16,0.742444,0.757858,0.734737,0.745013,0.495818,1819767
1974-08-19,0.745013,0.786117,0.729599,0.770703,0.512915,2101977
1974-08-20,0.770703,0.791255,0.745013,0.770703,0.512915,2345261
1974-08-21,0.765565,0.765565,0.716754,0.719323,0.478721,2715053
1974-08-22,0.716754,0.716754,0.680788,0.706478,0.470172,3839027
1974-08-23,0.706478,0.716754,0.667943,0.667943,0.444527,3016726
1974-08-26,0.667943,0.727030,0.665374,0.709047,0.471882,2753979
1974-08-27,0.709047,0.711616,0.670512,0.693633,0.461624,2218753
1974-08-28,0.693633,0.719323,0.685926,0.688495,0.458204,1960872
1974-08-29,0.688495,0.696202,0.678219,0.691064,0.459914,978003
1974-08-30,0.691064,0.721892,0.691064,0.701340,0.466753,1975469
1974-09-03,0.701340,0.719323,0.629408,0.631977,0.420591,2335530
1974-09-04,0.631977,0.642253,0.608855,0.637115,0.424010,3532489
1974-09-05,0.637115,0.665374,0.626839,0.644822,0.429139,2841561
1974-09-06,0.644822,0.647391,0.590872,0.598579,0.398364,4432641
1974-09-09,0.598579,0.598579,0.554906,0.554906,0.369299,2369589
1974-09-10,0.554906,0.567751,0.531785,0.549768,0.365879,2393918
1974-09-11,0.549768,0.570320,0.534354,0.560044,0.372718,2311201
1974-09-12,0.547199,0.547199,0.516371,0.518940,0.345363,3011860
1974-09-13,0.518940,0.539492,0.513802,0.524078,0.348782,2058186
1974-09-16,0.524078,0.585734,0.513802,0.557475,0.371008,2807501
1974-09-17,0.557475,0.578027,0.521509,0.524078,0.348782,2277141
1974-09-18,0.518940,0.518940,0.482974,0.518940,0.345363,3586011
1974-09-19,0.518940,0.544630,0.516371,0.534354,0.355621,3498429
1974-09-20,0.534354,0.539492,0.511233,0.521509,0.347072,1318601
1974-09-23,0.521509,0.534354,0.500957,0.503526,0.335104,1255347
1974-09-24,0.503526,0.508664,0.493250,0.503526,0.335104,700659
1974-09-25,0.503526,0.531785,0.495819,0.495819,0.329975,2559351
1974-09-26,0.493250,0.493250,0.485543,0.485543,0.323136,827167
1974-09-27,0.485543,0.495819,0.454715,0.462422,0.307749,3201622
1974-09-30,0.454715,0.454715,0.411042,0.444439,0.295781,2671262
1974-10-01,0.441870,0.441870,0.411042,0.434163,0.288942,3668728
1974-10-02,0.434163,0.452146,0.434163,0.444439,0.295781,1960872
1974-10-03,0.444439,0.444439,0.421318,0.426456,0.283813,1342930
1974-10-04,0.426456,0.436732,0.411042,0.413611,0.275265,2160365
1974-10-07,0.416180,0.441870,0.416180,0.441870,0.294071,2559351
1974-10-08,0.436732,0.436732,0.416180,0.421318,0.280394,1415915
1974-10-09,0.421318,0.462422,0.411042,0.462422,0.307749,2700456
1974-10-10,0.462422,0.488112,0.462422,0.467560,0.311168,3731982
1974-10-11,0.467560,0.480405,0.452146,0.462422,0.307749,2651799
1974-10-14,0.462422,0.524078,0.459853,0.493250,0.328266,4505626
1974-10-15,0.500957,0.539492,0.500957,0.524078,0.348782,4972732
1974-10-16,0.524078,0.534354,0.503526,0.503526,0.335104,3362190
1974-10-17,0.503526,0.531785,0.493250,0.524078,0.348782,2608008
1974-10-18,0.524078,0.531785,0.511233,0.526647,0.350492,1557020
1974-10-21,0.526647,0.529216,0.506095,0.521509,0.347072,1381855
1974-10-22,0.521509,0.529216,0.495819,0.506095,0.336814,1868424
1974-10-23,0.498388,0.498388,0.457284,0.464991,0.309459,2174962
1974-10-24,0.464991,0.470129,0.439301,0.464991,0.309459,2354992
1974-10-25,0.464991,0.480405,0.439301,0.444439,0.295781,1367258
1974-10-28,0.444439,0.472698,0.434163,0.464991,0.309459,900152
1974-10-29,0.477836,0.513802,0.477836,0.485543,0.323136,2247947
1974-10-30,0.485543,0.506095,0.480405,0.485543,0.323136,1576483
1974-10-31,0.485543,0.513802,0.477836,0.480405,0.319717,4846224
1974-11-01,0.480405,0.493250,0.462422,0.475267,0.316298,1610542
1974-11-04,0.475267,0.482974,0.454715,0.470129,0.312878,1323467
1974-11-05,0.470129,0.498388,0.454715,0.493250,0.328266,1741916
1974-11-06,0.513802,0.542061,0.513802,0.513802,0.341943,6768170
1974-11-07,0.516371,0.572889,0.516371,0.565182,0.376137,5152762
1974-11-08,0.565182,0.570320,0.552337,0.562613,0.374428,2452306
1974-11-11,0.562613,0.570320,0.552337,0.560044,0.372718,2608008
1974-11-12,0.560044,0.562613,0.506095,0.511233,0.340234,2282007
1974-11-13,0.511233,0.534354,0.508664,0.511233,0.340234,3313533
1974-11-14,0.511233,0.529216,0.500957,0.503526,0.335104,2106842
1974-11-15,0.503526,0.506095,0.495819,0.500957,0.333395,1907349
1974-11-18,0.490681,0.490681,0.457284,0.457284,0.304330,2272276
1974-11-19,0.457284,0.470129,0.447008,0.447008,0.297491,2729650
1974-11-20,0.447008,0.464991,0.447008,0.452146,0.300910,1712722
1974-11-21,0.452146,0.472698,0.449577,0.470129,0.312878,856361
1974-11-22,0.475267,0.490681,0.475267,0.477836,0.318007,2481500
1974-11-25,0.477836,0.482974,0.454715,0.467560,0.311168,788241
1974-11-26,0.467560,0.485543,0.452146,0.475267,0.316298,3055651
1974-11-27,0.475267,0.485543,0.454715,0.454715,0.302620,2408515
1974-11-29,0.454715,0.459853,0.444439,0.454715,0.302620,705525
1974-12-02,0.454715,0.459853,0.441870,0.444439,0.295781,895286
1974-12-03,0.444439,0.452146,0.431594,0.444439,0.295781,1532691
1974-12-04,0.444439,0.452146,0.434163,0.439301,0.292362,1085048
1974-12-05,0.439301,0.444439,0.403335,0.405904,0.270135,2223619
1974-12-06,0.405904,0.405904,0.390490,0.398197,0.265006,2101977
1974-12-09,0.398197,0.400766,0.385352,0.393059,0.261587,1810035
1974-12-10,0.400766,0.429025,0.400766,0.413611,0.275265,1824633
1974-12-11,0.413611,0.436732,0.413611,0.416180,0.276974,1187228
1974-12-12,0.416180,0.418749,0.398197,0.400766,0.266716,1858692
1974-12-13,0.400766,0.400766,0.380214,0.385352,0.256458,963406
1974-12-16,0.385352,0.387921,0.359661,0.362230,0.241070,3858490
1974-12-17,0.362230,0.364799,0.341678,0.359661,0.239360,3746579
1974-12-18,0.359661,0.387921,0.359661,0.385352,0.256458,2515560
1974-12-19,0.385352,0.398197,0.377645,0.393059,0.261587,1469437
1974-12-20,0.393059,0.398197,0.387921,0.390490,0.259877,1284541
1974-12-23,0.390490,0.395628,0.385352,0.390490,0.259877,1265079
1974-12-24,0.395628,0.411042,0.395628,0.411042,0.273555,1644602
1974-12-26,0.411042,0.426456,0.408473,0.416180,0.276974,885555
1974-12-27,0.416180,0.416180,0.403335,0.408473,0.271845,846629
1974-12-30,0.408473,0.426456,0.408473,0.416180,0.276974,2651799
1974-12-31,0.421318,0.441870,0.421318,0.439301,0.292362,2914546
1975-01-02,0.441870,0.459853,0.441870,0.454715,0.302620,4753776
1975-01-03,0.454715,0.488112,0.436732,0.470129,0.312878,3892549
1975-01-06,0.470129,0.506095,0.464991,0.485543,0.323136,2934009
1975-01-07,0.485543,0.485543,0.470129,0.482974,0.321427,4598074
1975-01-08,0.482974,0.485543,0.464991,0.475267,0.316298,1610542
1975-01-09,0.475267,0.506095,0.467560,0.503526,0.335104,2826964
1975-01-10,0.529216,0.567751,0.529216,0.549768,0.365879,13930461
1975-01-13,0.549768,0.575458,0.534354,0.534354,0.355621,7488292
1975-01-14,0.534354,0.547199,0.521509,0.536923,0.357331,3994729
1975-01-15,0.536923,0.570320,0.529216,0.570320,0.379557,3396249
1975-01-16,0.570320,0.585734,0.560044,0.575458,0.382976,5128434
1975-01-17,0.575458,0.578027,0.557475,0.560044,0.372718,2189559
1975-01-20,0.560044,0.570320,0.544630,0.567751,0.377847,3980132
1975-01-21,0.567751,0.572889,0.544630,0.547199,0.364170,3483832
1975-01-22,0.547199,0.580596,0.542061,0.580596,0.386396,2106842
1975-01-23,0.580596,0.608855,0.575458,0.598579,0.398364,5707451
1975-01-24,0.598579,0.634546,0.598579,0.624270,0.415461,5610137
1975-01-27,0.624270,0.647391,0.624270,0.626839,0.417171,3863355
1975-01-28,0.626839,0.634546,0.611424,0.616563,0.410332,4009326
1975-01-29,0.616563,0.629408,0.596010,0.606286,0.403493,4544551
1975-01-30,0.606286,0.616563,0.601148,0.606286,0.403493,3274607
1975-01-31,0.606286,0.634546,0.603717,0.621701,0.413752,6320527
1975-02-03,0.621701,0.642253,0.621701,0.631977,0.420591,5965332
1975-02-04,0.631977,0.639684,0.619132,0.621701,0.413752,4160162
1975-02-05,0.621701,0.644822,0.613993,0.644822,0.429139,5147897
1975-02-06,0.655098,0.693633,0.655098,0.655098,0.435978,10183882
1975-02-07,0.655098,0.678219,0.647391,0.678219,0.451365,7133097
1975-02-10,0.678219,0.683357,0.667943,0.670512,0.446236,3795236
1975-02-11,0.670512,0.683357,0.662805,0.683357,0.454785,4267207
1975-02-12,0.685926,0.716754,0.685926,0.711616,0.473592,5201419
1975-02-13,0.755289,0.786117,0.755289,0.760427,0.506076,14563001
1975-02-14,0.760427,0.798962,0.750151,0.796393,0.530012,5887481
1975-02-18,0.796393,0.837497,0.783548,0.793824,0.528302,6957932
1975-02-19,0.793824,0.832359,0.788686,0.832359,0.553948,4179625
1975-02-20,0.832359,0.837497,0.814376,0.832359,0.553948,3673594
1975-02-21,0.832359,0.850342,0.814376,0.819514,0.545399,8052712
1975-02-24,0.819514,0.837497,0.798962,0.816945,0.543690,3775773
1975-02-25,0.809238,0.809238,0.765565,0.770703,0.512915,4865687
1975-02-26,0.770703,0.809238,0.770703,0.793824,0.528302,5298733
1975-02-27,0.793824,0.811807,0.786117,0.786117,0.523173,3109174
1975-02-28,0.786117,0.811807,0.780979,0.811807,0.540270,2442575
1975-03-03,0.811807,0.868326,0.809238,0.868326,0.577885,6169691
1975-03-04,0.868326,0.899154,0.852911,0.852911,0.567626,10563406
1975-03-05,0.852911,0.886309,0.850342,0.870895,0.579594,5201419
1975-03-06,0.870895,0.914568,0.860618,0.906861,0.603530,4807299
1975-03-07,0.906861,0.935120,0.906861,0.932551,0.620627,5877750
1975-03-10,0.932551,0.940258,0.899154,0.932551,0.620627,3260010
1975-03-11,0.929982,0.929982,0.886309,0.886309,0.589853,4106640
1975-03-12,0.886309,0.899154,0.865757,0.881171,0.586433,5663659
1975-03-13,0.881171,0.917137,0.865757,0.909430,0.605240,5712316
1975-03-14,0.909430,0.927413,0.904292,0.917137,0.610369,3897415
1975-03-17,0.917137,0.950534,0.917137,0.942827,0.627466,3196756
1975-03-18,0.937689,0.937689,0.896585,0.901723,0.600111,11088900
1975-03-19,0.901723,0.909430,0.883740,0.886309,0.589853,4418044
1975-03-20,0.886309,0.917137,0.886309,0.888878,0.591562,2656665
1975-03-21,0.888878,0.899154,0.876033,0.896585,0.596691,2393918
1975-03-24,0.870895,0.870895,0.852911,0.860618,0.572755,4213685
1975-03-25,0.860618,0.883740,0.842635,0.883740,0.588143,5376584
1975-03-26,0.904292,0.940258,0.904292,0.924844,0.615498,4690522
1975-03-27,0.924844,0.945396,0.924844,0.929982,0.618917,5663659
1975-03-31,0.929982,0.945396,0.924844,0.935120,0.622337,2476635
1975-04-01,0.935120,0.976224,0.932551,0.965948,0.642854,5858287
1975-04-02,0.965948,0.981362,0.960810,0.976224,0.649692,5113837
1975-04-03,0.976224,0.994207,0.955672,0.983931,0.654822,3274607
1975-04-04,0.983931,1.048156,0.978793,1.037880,0.690725,9527015
1975-04-07,1.037880,1.045587,1.009621,1.045587,0.695855,4403447
1975-04-08,1.045587,1.058432,1.019897,1.027604,0.683887,6184288
1975-04-09,1.027604,1.030173,1.009621,1.017328,0.677048,4048251
1975-04-10,1.017328,1.045587,1.009621,1.022466,0.680467,5746376
1975-04-11,1.022466,1.025035,1.012190,1.017328,0.677048,4388849
1975-04-14,1.017328,1.025035,0.983931,0.986500,0.656531,3235682
1975-04-15,0.986500,1.012190,0.965948,0.996776,0.663370,5936138
1975-04-16,0.996776,1.007052,0.973655,1.004483,0.668499,5206285
1975-04-17,1.004483,1.014759,0.994207,0.996776,0.663370,4413178
1975-04-18,0.996776,0.999345,0.981362,0.991638,0.659950,3751445
1975-04-21,0.991638,0.994207,0.978793,0.983931,0.654822,3347592
1975-04-22,0.983931,0.986500,0.950534,0.963379,0.641144,4301267
1975-04-23,0.963379,0.963379,0.914568,0.919706,0.612079,7483426
1975-04-24,0.919706,0.965948,0.909430,0.950534,0.632595,11809022
1975-04-25,0.950534,0.986500,0.950534,0.986500,0.656531,6427572
1975-04-28,0.986500,1.001914,0.986500,0.991638,0.659950,3702788
1975-04-29,0.983931,0.983931,0.953103,0.960810,0.639434,4082311
1975-04-30,0.965948,0.994207,0.965948,0.994207,0.661661,3561683
1975-05-01,0.994207,1.012190,0.991638,1.001914,0.666790,8150025
1975-05-02,1.001914,1.017328,0.986500,0.991638,0.659950,3235682
1975-05-05,0.991638,1.004483,0.983931,0.996776,0.663370,2953472
1975-05-06,0.996776,1.037880,0.996776,1.007052,0.670209,4680791
1975-05-07,1.007052,1.058432,1.007052,1.053294,0.700984,6724379
1975-05-08,1.053294,1.055863,1.030173,1.037880,0.690725,3269742
1975-05-09,1.043018,1.107243,1.043018,1.076415,0.716371,4744045
1975-05-12,1.076415,1.099536,1.071277,1.073846,0.714661,2753979
1975-05-13,1.073846,1.107243,1.061001,1.089260,0.724920,2306336
1975-05-14,1.089260,1.135503,1.089260,1.125227,0.748856,4534820
1975-05-15,1.125227,1.143210,1.089260,1.091829,0.726629,4223416
1975-05-16,1.091829,1.114951,1.091829,1.094398,0.728339,1853827
1975-05-19,1.094398,1.127796,1.091829,1.125227,0.748856,1488900
1975-05-20,1.125227,1.145779,1.109813,1.112382,0.740308,2972935
1975-05-21,1.099536,1.099536,1.061001,1.063570,0.707822,4671059
1975-05-22,1.063570,1.084122,1.058432,1.068708,0.711242,4452103
1975-05-23,1.068708,1.084122,1.061001,1.068708,0.711242,2043588
1975-05-27,1.068708,1.076415,1.032742,1.055863,0.702694,3741713
1975-05-28,1.055863,1.066139,1.027604,1.035311,0.689016,3877952
1975-05-29,1.035311,1.063570,1.035311,1.048156,0.697564,1848961
1975-05-30,1.048156,1.084122,1.045587,1.084122,0.721500,2257679
1975-06-02,1.084122,1.096967,1.068708,1.071277,0.712951,1883021
1975-06-03,1.071277,1.078984,1.048156,1.053294,0.700984,1858692
1975-06-04,1.053294,1.058432,1.012190,1.012190,0.673628,3941206
1975-06-05,1.012190,1.025035,0.991638,1.025035,0.682177,5031120
1975-06-06,1.025035,1.037880,1.017328,1.027604,0.683887,2325798
1975-06-09,1.027604,1.032742,0.986500,0.989069,0.658241,2802636
1975-06-10,0.989069,0.994207,0.965948,0.976224,0.649692,2199290
1975-06-11,0.978793,0.999345,0.978793,0.983931,0.654822,1712722
1975-06-12,0.983931,0.991638,0.968517,0.973655,0.647983,1021794
1975-06-13,0.973655,0.986500,0.965948,0.983931,0.654822,1381855
1975-06-16,0.983931,1.012190,0.983931,0.999345,0.665080,1211556
1975-06-17,0.999345,1.007052,0.965948,0.973655,0.647983,2749113
1975-06-18,0.973655,0.981362,0.965948,0.978793,0.651402,1070451
1975-06-19,0.978793,0.994207,0.968517,0.991638,0.659950,2822098
1975-06-20,1.001914,1.027604,1.001914,1.019897,0.678757,2642068
1975-06-23,1.019897,1.050725,1.017328,1.048156,0.697564,4028789
1975-06-24,1.048156,1.066139,1.043018,1.048156,0.697564,2462038
1975-06-25,1.048156,1.058432,1.037880,1.040449,0.692435,1196959
1975-06-26,1.040449,1.063570,1.040449,1.040449,0.692435,1376989
1975-06-27,1.040449,1.058432,1.027604,1.037880,0.690725,3245413
1975-06-30,1.037880,1.045587,1.027604,1.037880,0.690725,1878155
1975-07-01,1.037880,1.058432,1.035311,1.045587,0.695855,1664065
1975-07-02,1.043018,1.043018,1.027604,1.032742,0.687306,1493766
1975-07-03,1.035311,1.058432,1.035311,1.058432,0.704403,1158033
1975-07-07,1.055863,1.055863,1.017328,1.027604,0.683887,3225950
1975-07-08,1.025035,1.025035,1.009621,1.019897,0.678757,2530157
1975-07-09,1.058432,1.086691,1.058432,1.081553,0.719790,5313330
1975-07-10,1.081553,1.117520,1.076415,1.084122,0.721500,4977598
1975-07-11,1.086691,1.107243,1.086691,1.096967,0.730049,2101977
1975-07-14,1.096967,1.107243,1.089260,1.104674,0.735178,2476635
1975-07-15,1.104674,1.117520,1.102105,1.102105,0.733468,1552154
1975-07-16,1.102105,1.102105,1.078984,1.084122,0.721500,1921946
1975-07-17,1.084122,1.084122,1.048156,1.058432,0.704403,2077648
1975-07-18,1.058432,1.076415,1.050725,1.061001,0.706113,1454840
1975-07-21,1.061001,1.073846,1.032742,1.037880,0.690725,2218753
1975-07-22,1.037880,1.037880,1.009621,1.014759,0.675338,3430309
1975-07-23,1.012190,1.012190,0.965948,0.976224,0.649692,3839027
1975-07-24,0.976224,0.978793,0.924844,0.953103,0.634305,5717182
1975-07-25,0.953103,0.963379,0.927413,0.935120,0.622337,3517892
1975-07-28,0.935120,0.947965,0.917137,0.942827,0.627466,2408515
1975-07-29,0.942827,0.960810,0.927413,0.940258,0.625757,3736847
1975-07-30,0.940258,0.976224,0.935120,0.958241,0.637724,2958338
1975-07-31,0.958241,0.986500,0.945396,0.945396,0.629176,3026457
1975-08-01,0.945396,0.950534,0.924844,0.924844,0.615498,1824633
1975-08-04,0.917137,0.917137,0.886309,0.886309,0.589853,5318196
1975-08-05,0.886309,0.899154,0.863188,0.863188,0.574465,4554283
1975-08-06,0.863188,0.894016,0.860618,0.891447,0.593272,4140699
1975-08-07,0.891447,0.901723,0.878602,0.881171,0.586433,3308667
1975-08-08,0.881171,0.881171,0.834928,0.842635,0.560787,2904815
1975-08-11,0.842635,0.860618,0.829790,0.858049,0.571045,2831830
1975-08-12,0.870895,0.899154,0.870895,0.878602,0.584724,2929143
1975-08-13,0.878602,0.883740,0.855480,0.855480,0.569336,2116574
1975-08-14,0.855480,0.858049,0.834928,0.845204,0.562496,3615205
1975-08-15,0.850342,0.870895,0.850342,0.868326,0.577885,1153168
1975-08-18,0.868326,0.876033,0.858049,0.858049,0.571045,1119108
1975-08-19,0.858049,0.868326,0.837497,0.842635,0.560787,1985200
1975-08-20,0.842635,0.842635,0.814376,0.822083,0.547109,3474100
1975-08-21,0.822083,0.845204,0.814376,0.829790,0.552238,3517892
1975-08-22,0.834928,0.860618,0.834928,0.858049,0.571045,2768576
1975-08-25,0.858049,0.888878,0.850342,0.858049,0.571045,3031323
1975-08-26,0.852911,0.852911,0.834928,0.837497,0.557368,2072783
1975-08-27,0.837497,0.858049,0.834928,0.858049,0.571045,1109377
1975-08-28,0.870895,0.899154,0.870895,0.899154,0.598401,3736847
1975-08-29,0.899154,0.929982,0.894016,0.914568,0.608659,3547086
1975-09-02,0.914568,0.922275,0.876033,0.878602,0.584724,2374455
1975-09-03,0.878602,0.909430,0.863188,0.909430,0.605240,3250279
1975-09-04,0.909430,0.922275,0.894016,0.894016,0.594982,2267410
1975-09-05,0.894016,0.906861,0.888878,0.894016,0.594982,2243082
1975-09-08,0.894016,0.917137,0.883740,0.899154,0.598401,1834364
1975-09-09,0.899154,0.919706,0.847773,0.858049,0.571045,2963203
1975-09-10,0.855480,0.855480,0.832359,0.852911,0.567626,2486366
1975-09-11,0.852911,0.876033,0.847773,0.860618,0.572755,1586214
1975-09-12,0.860618,0.886309,0.855480,0.865757,0.576175,1980335
1975-09-15,0.865757,0.868326,0.850342,0.855480,0.569336,1109377
1975-09-16,0.855480,0.873464,0.840066,0.847773,0.564206,1532691
1975-09-17,0.847773,0.852911,0.834928,0.842635,0.560787,1143436
1975-09-18,0.850342,0.901723,0.850342,0.894016,0.594982,2476635
1975-09-19,0.901723,0.937689,0.901723,0.932551,0.620627,4476432
1975-09-22,0.932551,0.953103,0.917137,0.919706,0.612079,3269742
1975-09-23,0.919706,0.945396,0.899154,0.945396,0.629176,4194222
1975-09-24,0.947965,0.971086,0.947965,0.958241,0.637724,4087177
1975-09-25,0.958241,0.978793,0.945396,0.965948,0.642854,2982666
1975-09-26,0.965948,0.983931,0.958241,0.960810,0.639434,3561683
1975-09-29,0.958241,0.958241,0.927413,0.932551,0.620627,1376989
1975-09-30,0.919706,0.919706,0.899154,0.906861,0.603530,4048251
1975-10-01,0.906861,0.914568,0.863188,0.870895,0.579594,3187025
1975-10-02,0.870895,0.906861,0.863188,0.899154,0.598401,1824633
1975-10-03,0.901723,0.963379,0.901723,0.950534,0.632595,2296604
1975-10-06,0.950534,0.965948,0.942827,0.953103,0.634305,3118905
1975-10-07,0.953103,0.955672,0.932551,0.955672,0.636015,1951140
1975-10-08,0.955672,0.971086,0.945396,0.955672,0.636015,3391384
1975-10-09,0.955672,0.968517,0.950534,0.953103,0.634305,1683528
1975-10-10,0.953103,0.958241,0.937689,0.947965,0.630885,1513229
1975-10-13,0.947965,0.996776,0.942827,0.996776,0.663370,3167562
1975-10-14,0.996776,1.022466,0.986500,0.994207,0.661661,4904612
1975-10-15,0.994207,1.004483,0.983931,0.986500,0.656531,2306336
1975-10-16,0.986500,1.012190,0.976224,0.978793,0.651402,3649265
1975-10-17,0.978793,1.001914,0.947965,0.971086,0.646273,4374252
1975-10-20,0.971086,1.007052,0.971086,1.007052,0.670209,2189559
1975-10-21,1.014759,1.032742,1.014759,1.027604,0.683887,4554283
1975-10-22,1.027604,1.035311,1.007052,1.009621,0.671919,2997263
1975-10-23,1.009621,1.030173,1.007052,1.019897,0.678757,2359858
1975-10-24,1.019897,1.022466,0.986500,0.989069,0.658241,2306336
1975-10-27,0.989069,0.996776,0.976224,0.991638,0.659950,2710188
1975-10-28,0.991638,1.017328,0.991638,1.012190,0.673628,3021591
1975-10-29,1.007052,1.007052,0.989069,0.991638,0.659950,2427978
1975-10-30,0.991638,1.012190,0.989069,1.004483,0.668499,2111708
1975-10-31,1.004483,1.012190,0.994207,1.001914,0.666790,2354992
1975-11-03,1.001914,1.004483,0.989069,0.999345,0.665080,1289407
1975-11-04,0.999345,1.007052,0.991638,1.001914,0.666790,1153168
1975-11-05,1.009621,1.040449,1.009621,1.035311,0.689016,4096908
1975-11-06,1.035311,1.048156,1.019897,1.035311,0.689016,4082311
1975-11-07,1.035311,1.045587,1.030173,1.045587,0.695855,2919412
1975-11-10,1.045587,1.048156,1.027604,1.043018,0.694145,1625139
1975-11-11,1.043018,1.055863,1.037880,1.043018,0.694145,3196756
1975-11-12,1.050725,1.076415,1.050725,1.073846,0.714661,3761176
1975-11-13,1.073846,1.096967,1.071277,1.073846,0.714661,4495895
1975-11-14,1.073846,1.081553,1.066139,1.076415,0.716371,3162696
1975-11-17,1.081553,1.096967,1.081553,1.096967,0.730049,2656665
1975-11-18,1.096967,1.102105,1.048156,1.061001,0.706113,3182159
1975-11-19,1.061001,1.076415,1.027604,1.045587,0.695855,3055651
1975-11-20,1.045587,1.055863,1.037880,1.043018,0.694145,1605677
1975-11-21,1.043018,1.050725,1.032742,1.050725,0.699274,953675
1975-11-24,1.050725,1.068708,1.045587,1.061001,0.706113,978003
1975-11-25,1.063570,1.073846,1.063570,1.068708,0.711242,1878155
1975-11-26,1.068708,1.081553,1.063570,1.068708,0.711242,2257679
1975-11-28,1.068708,1.068708,1.055863,1.061001,0.706113,1620274
1975-12-01,1.061001,1.068708,1.007052,1.009621,0.671919,2963203
1975-12-02,1.009621,1.017328,0.996776,0.999345,0.665080,1698125
1975-12-03,0.996776,0.996776,0.981362,0.989069,0.658241,2958338
1975-12-04,0.989069,1.004483,0.971086,0.996776,0.663370,1897618
1975-12-05,0.996776,1.001914,0.955672,0.960810,0.639434,1362392
1975-12-08,0.960810,0.976224,0.955672,0.958241,0.637724,1192093
1975-12-09,0.960810,0.978793,0.960810,0.978793,0.651402,1235884
1975-12-10,0.978793,0.994207,0.976224,0.994207,0.661661,1678662
1975-12-11,0.994207,1.004483,0.986500,0.991638,0.659950,2359858
1975-12-12,0.991638,0.996776,0.981362,0.996776,0.663370,2831830
1975-12-15,0.986500,0.986500,0.968517,0.978793,0.651402,1269944
1975-12-16,0.986500,1.001914,0.986500,0.986500,0.656531,2525291
1975-12-17,0.989069,1.007052,0.989069,0.994207,0.661661,1128839
1975-12-18,0.994207,0.999345,0.986500,0.996776,0.663370,1235884
1975-12-19,0.996776,0.999345,0.973655,0.973655,0.647983,2184693
1975-12-22,0.973655,0.976224,0.953103,0.953103,0.634305,1031526
1975-12-23,0.953103,0.983931,0.953103,0.981362,0.653112,1853827
1975-12-24,0.981362,0.999345,0.978793,0.994207,0.661661,909883
1975-12-26,0.994207,1.022466,0.994207,1.022466,0.680467,1561885
1975-12-29,1.022466,1.030173,1.014759,1.014759,0.675338,1790573
1975-12-30,1.014759,1.019897,1.009621,1.017328,0.677048,681196
1975-12-31,1.019897,1.030173,1.019897,1.025035,0.682177,1050988
1976-01-02,1.030173,1.068708,1.030173,1.068708,0.711242,992600
1976-01-05,1.068708,1.073846,1.050725,1.066139,0.709532,2325798
1976-01-06,1.066139,1.068708,1.055863,1.063570,0.707822,7147694
1976-01-07,1.063570,1.073846,1.050725,1.055863,0.702694,5225748
1976-01-08,1.055863,1.066139,1.050725,1.055863,0.702694,2802636
1976-01-09,1.055863,1.094398,1.053294,1.084122,0.721500,10237405
1976-01-12,1.084122,1.102105,1.081553,1.089260,0.724920,7298530
1976-01-13,1.089260,1.107243,1.071277,1.071277,0.712951,6339990
1976-01-14,1.071277,1.094398,1.063570,1.091829,0.726629,5128434
1976-01-15,1.109813,1.150917,1.109813,1.117520,0.743727,12582666
1976-01-16,1.117520,1.150917,1.112382,1.125227,0.748856,6388647
1976-01-19,1.125227,1.145779,1.117520,1.145779,0.762534,3644399
1976-01-20,1.145779,1.158624,1.138072,1.148348,0.764244,6271870
1976-01-21,1.148348,1.186883,1.130365,1.171469,0.779631,5079777
1976-01-22,1.171469,1.202297,1.161193,1.202297,0.800148,2968069
1976-01-23,1.202297,1.227987,1.202297,1.217711,0.810406,4082311
1976-01-26,1.217711,1.233125,1.163762,1.184314,0.788180,3955803
1976-01-27,1.184314,1.197159,1.148348,1.156055,0.769373,4077446
1976-01-28,1.156055,1.186883,1.138072,1.166331,0.776212,3950938
1976-01-29,1.166331,1.212573,1.163762,1.207435,0.803567,3235682
1976-01-30,1.215142,1.233125,1.215142,1.222849,0.813825,6101571
1976-02-02,1.222849,1.225418,1.199728,1.225418,0.815535,3785504
1976-02-03,1.225418,1.251108,1.222849,1.251108,0.832632,5425241
1976-02-04,1.256246,1.284505,1.256246,1.284505,0.854859,5108971
1976-02-05,1.284505,1.289643,1.240832,1.245970,0.829212,5780436
1976-02-06,1.235694,1.235694,1.207435,1.212573,0.806986,4023923
1976-02-09,1.215142,1.258815,1.215142,1.235694,0.822374,2715053
1976-02-10,1.235694,1.253677,1.235694,1.251108,0.832632,2617739
1976-02-11,1.251108,1.266522,1.248539,1.251108,0.832632,3196756
1976-02-12,1.251108,1.269091,1.243401,1.243401,0.827503,2384187
1976-02-13,1.243401,1.245970,1.222849,1.233125,0.820664,2685859
1976-02-17,1.233125,1.233125,1.212573,1.215142,0.808696,2106842
1976-02-18,1.215142,1.227987,1.210004,1.215142,0.808696,1790573
1976-02-19,1.225418,1.261384,1.225418,1.258815,0.837761,2792904
1976-02-20,1.269091,1.289643,1.269091,1.279367,0.851439,3138368
1976-02-23,1.279367,1.292212,1.269091,1.284505,0.854859,1931678
1976-02-24,1.284505,1.294781,1.281936,1.284505,0.854859,3041054
1976-02-25,1.284505,1.294781,1.258815,1.269091,0.844600,2179828
1976-02-26,1.269091,1.274229,1.235694,1.235694,0.822374,1732184
1976-02-27,1.233125,1.233125,1.217711,1.230556,0.818955,1999797
1976-03-01,1.230556,1.238263,1.227987,1.230556,0.818955,1561885
1976-03-02,1.230556,1.248539,1.227987,1.240832,0.825793,4199088
1976-03-03,1.240832,1.240832,1.212573,1.212573,0.806986,1605677
1976-03-04,1.210004,1.210004,1.179176,1.181745,0.786470,2685859
1976-03-05,1.184314,1.199728,1.184314,1.192021,0.793308,1211556
1976-03-08,1.202297,1.238263,1.202297,1.233125,0.820664,1975469
1976-03-09,1.235694,1.271660,1.235694,1.248539,0.830922,2452306
1976-03-10,1.248539,1.253677,1.233125,1.238263,0.824083,1552154
1976-03-11,1.238263,1.253677,1.233125,1.235694,0.822374,1284541
1976-03-12,1.235694,1.253677,1.212573,1.215142,0.808696,1352661
1976-03-15,1.215142,1.220280,1.189452,1.194590,0.795019,1790573
1976-03-16,1.194590,1.220280,1.192021,1.212573,0.806986,3605474
1976-03-17,1.212573,1.233125,1.197159,1.212573,0.806986,1814901
1976-03-18,1.204866,1.204866,1.186883,1.192021,0.793308,1187228
1976-03-19,1.192021,1.202297,1.181745,1.192021,0.793308,1187228
1976-03-22,1.192021,1.210004,1.192021,1.197159,0.796728,1221287
1976-03-23,1.199728,1.238263,1.199728,1.238263,0.824083,1420781
1976-03-24,1.243401,1.263953,1.243401,1.243401,0.827503,2598277
1976-03-25,1.243401,1.258815,1.222849,1.225418,0.815535,2223619
1976-03-26,1.225418,1.258815,1.225418,1.251108,0.832632,3211353
1976-03-29,1.251108,1.253677,1.233125,1.235694,0.822374,1717587
1976-03-30,1.235694,1.238263,1.210004,1.217711,0.810406,1367258
1976-03-31,1.217711,1.248539,1.212573,1.248539,0.830922,1649468
1976-04-01,1.248539,1.263953,1.222849,1.240832,0.825793,2968069
1976-04-02,1.240832,1.251108,1.233125,1.245970,0.829212,1328332
1976-04-05,1.245970,1.271660,1.245970,1.271660,0.846309,3026457
1976-04-06,1.271660,1.289643,1.266522,1.274229,0.848020,2861024
1976-04-07,1.274229,1.284505,1.235694,1.238263,0.824083,2763710
1976-04-08,1.227987,1.227987,1.197159,1.202297,0.800148,3649265
1976-04-09,1.202297,1.204866,1.176607,1.176607,0.783050,2481500
1976-04-12,1.176607,1.189452,1.163762,1.171469,0.779631,2676128
1976-04-13,1.174038,1.194590,1.174038,1.189452,0.791599,1814901
1976-04-14,1.189452,1.189452,1.138072,1.140641,0.759114,3950938
1976-04-15,1.140641,1.145779,1.125227,1.135503,0.755695,3766042
1976-04-19,1.145779,1.163762,1.145779,1.163762,0.774502,3099442
1976-04-20,1.171469,1.202297,1.171469,1.199728,0.798438,2612874
1976-04-21,1.199728,1.217711,1.189452,1.199728,0.798438,3707653
1976-04-22,1.199728,1.210004,1.189452,1.199728,0.798438,2335530
1976-04-23,1.197159,1.197159,1.161193,1.171469,0.779631,1780841
1976-04-26,1.171469,1.186883,1.156055,1.176607,0.783050,1167765
1976-04-27,1.176607,1.176607,1.145779,1.145779,0.762534,1279676
1976-04-28,1.145779,1.161193,1.135503,1.161193,0.772793,2063051
1976-04-29,1.161193,1.166331,1.140641,1.143210,0.760824,2403649
1976-04-30,1.143210,1.145779,1.114951,1.114951,0.742018,1951140
1976-05-03,1.114951,1.117520,1.084122,1.099536,0.731759,4165028
1976-05-04,1.099536,1.135503,1.096967,1.132934,0.753985,2802636
1976-05-05,1.132934,1.138072,1.099536,1.107243,0.736888,1615408
1976-05-06,1.109813,1.127796,1.109813,1.127796,0.750566,1775976
1976-05-07,1.127796,1.145779,1.125227,1.143210,0.760824,1775976
1976-05-10,1.161193,1.179176,1.161193,1.176607,0.783050,2525291
1976-05-11,1.176607,1.176607,1.145779,1.145779,0.762534,3060517
1976-05-12,1.145779,1.148348,1.127796,1.130365,0.752276,2048454
1976-05-13,1.130365,1.135503,1.120089,1.125227,0.748856,1566751
1976-05-14,1.120089,1.120089,1.102105,1.109813,0.738598,1440243
1976-05-17,1.109813,1.112382,1.081553,1.094398,0.728339,3615205
1976-05-18,1.094398,1.107243,1.094398,1.099536,0.731759,4067714
1976-05-19,1.099536,1.109813,1.099536,1.104674,0.735178,2121439
1976-05-20,1.104674,1.109813,1.094398,1.099536,0.731759,5507957
1976-05-21,1.099536,1.099536,1.084122,1.089260,0.724920,2427978
1976-05-24,1.084122,1.084122,1.053294,1.053294,0.700984,2116574
1976-05-25,1.058432,1.078984,1.058432,1.071277,0.712951,2213887
1976-05-26,1.071277,1.084122,1.063570,1.084122,0.721500,1975469
1976-05-27,1.084122,1.086691,1.073846,1.086691,0.723210,4812164
1976-05-28,1.086691,1.120089,1.086691,1.102105,0.733468,2194425
1976-06-01,1.102105,1.104674,1.068708,1.089260,0.724920,2238216
1976-06-02,1.089260,1.107243,1.084122,1.091829,0.726629,943943
1976-06-03,1.091829,1.094398,1.068708,1.068708,0.711242,2423112
1976-06-04,1.068708,1.071277,1.040449,1.045587,0.695855,4938672
1976-06-07,1.045587,1.053294,1.032742,1.053294,0.700984,1522960
1976-06-08,1.053294,1.063570,1.040449,1.048156,0.697564,3216219
1976-06-09,1.048156,1.055863,1.040449,1.040449,0.692435,1508363
1976-06-10,1.040449,1.055863,1.027604,1.053294,0.700984,9128028
1976-06-11,1.055863,1.081553,1.055863,1.081553,0.719790,3016726
1976-06-14,1.094398,1.109813,1.094398,1.109813,0.738598,3454638
1976-06-15,1.109813,1.114951,1.096967,1.104674,0.735178,2072783
1976-06-16,1.104674,1.125227,1.102105,1.114951,0.742018,1897618
1976-06-17,1.114951,1.148348,1.114951,1.143210,0.760824,3576280
1976-06-18,1.156055,1.176607,1.156055,1.161193,0.772793,3021591
1976-06-21,1.161193,1.168900,1.153486,1.161193,0.772793,1698125
1976-06-22,1.161193,1.161193,1.135503,1.135503,0.755695,2554486
1976-06-23,1.135503,1.148348,1.120089,1.140641,0.759114,2316067
1976-06-24,1.140641,1.156055,1.140641,1.145779,0.762534,2559351
1976-06-25,1.145779,1.153486,1.135503,1.138072,0.757405,3016726
1976-06-28,1.138072,1.143210,1.135503,1.135503,0.755695,1493766
1976-06-29,1.135503,1.161193,1.130365,1.145779,0.762534,3011860
1976-06-30,1.156055,1.174038,1.156055,1.163762,0.774502,2340395
1976-07-01,1.163762,1.168900,1.135503,1.140641,0.759114,2885352
1976-07-02,1.140641,1.148348,1.135503,1.145779,0.762534,1644602
1976-07-06,1.145779,1.158624,1.120089,1.125227,0.748856,2053320
1976-07-07,1.125227,1.135503,1.112382,1.127796,0.750566,4495895
1976-07-08,1.127796,1.130365,1.107243,1.107243,0.736888,3138368
1976-07-09,1.109813,1.135503,1.109813,1.130365,0.752276,2131171
1976-07-12,1.132934,1.156055,1.132934,1.143210,0.760824,2841561
1976-07-13,1.143210,1.158624,1.132934,1.135503,0.755695,3332995
1976-07-14,1.135503,1.150917,1.132934,1.143210,0.760824,3337861
1976-07-15,1.140641,1.140641,1.081553,1.094398,0.728339,10480689
1976-07-16,1.078984,1.078984,1.058432,1.076415,0.716371,8086771
1976-07-19,1.076415,1.078984,1.037880,1.045587,0.695855,6490826
1976-07-20,1.045587,1.053294,1.035311,1.048156,0.697564,4554283
1976-07-21,1.048156,1.081553,1.040449,1.040449,0.692435,3454638
1976-07-22,1.040449,1.063570,1.040449,1.063570,0.707822,3566548
1976-07-23,1.063570,1.068708,1.055863,1.061001,0.706113,3104308
1976-07-26,1.058432,1.058432,1.043018,1.043018,0.694145,1761379
1976-07-27,1.043018,1.053294,1.037880,1.037880,0.690725,5984795
1976-07-28,1.037880,1.037880,1.014759,1.030173,0.685596,11877141
1976-07-29,1.030173,1.035311,1.007052,1.017328,0.677048,4306133
1976-07-30,1.017328,1.027604,1.017328,1.017328,0.677048,1415915
1976-08-02,1.017328,1.022466,1.001914,1.004483,0.668499,2496097
1976-08-03,1.004483,1.066139,0.999345,1.063570,0.707822,4062848
1976-08-04,1.063570,1.086691,1.048156,1.053294,0.700984,5035986
1976-08-05,1.053294,1.063570,1.050725,1.055863,0.702694,1114242
1976-08-06,1.053294,1.053294,1.027604,1.032742,0.687306,7765636
1976-08-09,1.032742,1.035311,1.017328,1.025035,0.682177,1615408
1976-08-10,1.025035,1.045587,1.014759,1.035311,0.689016,6354587
1976-08-11,1.035311,1.058432,1.032742,1.037880,0.690725,2817233
1976-08-12,1.037880,1.045587,1.030173,1.040449,0.692435,1060720
1976-08-13,1.043018,1.055863,1.043018,1.053294,0.700984,2072783
1976-08-16,1.053294,1.061001,1.045587,1.050725,0.699274,2661531
1976-08-17,1.048156,1.048156,1.025035,1.030173,0.685596,3532489
1976-08-18,1.030173,1.030173,1.001914,1.007052,0.670209,8013786
1976-08-19,1.007052,1.048156,0.978793,0.986500,0.656531,4510492
1976-08-20,0.983931,0.983931,0.973655,0.976224,0.649692,2739382
1976-08-23,0.976224,1.007052,0.968517,1.004483,0.668499,1999797
1976-08-24,1.004483,1.007052,0.978793,0.981362,0.653112,2199290
1976-08-25,0.981362,1.001914,0.978793,1.001914,0.666790,2535023
1976-08-26,0.999345,0.999345,0.983931,0.986500,0.656531,1508363
1976-08-27,0.986500,0.986500,0.973655,0.986500,0.656531,2646934
1976-08-30,0.986500,1.004483,0.986500,0.991638,0.659950,1104511
1976-08-31,1.001914,1.017328,1.001914,1.012190,0.673628,2174962
1976-09-01,1.017328,1.043018,1.017328,1.043018,0.694145,2972935
1976-09-02,1.043018,1.055863,1.030173,1.043018,0.694145,2744247
1976-09-03,1.043018,1.055863,1.040449,1.055863,0.702694,987734
1976-09-07,1.055863,1.066139,1.055863,1.063570,0.707822,1756513
1976-09-08,1.061001,1.061001,1.045587,1.055863,0.702694,2408515
1976-09-09,1.053294,1.053294,1.025035,1.025035,0.682177,1362392
1976-09-10,1.025035,1.043018,1.007052,1.043018,0.694145,2885352
1976-09-13,1.040449,1.040449,1.007052,1.009621,0.671919,1469437
1976-09-14,1.009621,1.022466,0.999345,1.001914,0.666790,1620274
1976-09-15,1.001914,1.017328,0.989069,1.007052,0.670209,2101977
1976-09-16,1.007052,1.032742,1.001914,1.027604,0.683887,3882818
1976-09-17,1.030173,1.050725,1.030173,1.040449,0.692435,3289204
1976-09-20,1.040449,1.058432,1.032742,1.043018,0.694145,2364724
1976-09-21,1.043018,1.058432,1.032742,1.053294,0.700984,4359655
1976-09-22,1.053294,1.066139,1.040449,1.040449,0.692435,4661328
1976-09-23,1.040449,1.045587,1.012190,1.012190,0.673628,2306336
1976-09-24,1.012190,1.014759,0.999345,0.999345,0.665080,2987532
1976-09-27,1.001914,1.022466,1.001914,1.017328,0.677048,2233350
1976-09-28,1.017328,1.022466,0.999345,1.004483,0.668499,1775976
1976-09-29,1.004483,1.004483,0.983931,0.994207,0.661661,3605474
1976-09-30,0.994207,0.994207,0.971086,0.983931,0.654822,3138368
1976-10-01,0.983931,0.986500,0.955672,0.971086,0.646273,4043386
1976-10-04,0.971086,0.973655,0.960810,0.965948,0.642854,3021591
1976-10-05,0.960810,0.960810,0.937689,0.945396,0.629176,3746579
1976-10-06,0.945396,0.955672,0.929982,0.940258,0.625757,4286670
1976-10-07,0.940258,0.945396,0.924844,0.942827,0.627466,3362190
1976-10-08,0.942827,0.945396,0.894016,0.901723,0.600111,5931272
1976-10-11,0.901723,0.911999,0.886309,0.894016,0.594982,2753979
1976-10-12,0.894016,0.909430,0.894016,0.896585,0.596691,2783173
1976-10-13,0.896585,0.909430,0.894016,0.904292,0.601820,4140699
1976-10-14,0.901723,0.901723,0.891447,0.896585,0.596691,2350127
1976-10-15,0.896585,0.922275,0.894016,0.917137,0.610369,2306336
1976-10-18,0.917137,0.919706,0.911999,0.919706,0.612079,2067917
1976-10-19,0.919706,0.919706,0.899154,0.906861,0.603530,2101977
1976-10-20,0.906861,0.909430,0.896585,0.896585,0.596691,1561885
1976-10-21,0.896585,0.906861,0.873464,0.873464,0.581304,2734516
1976-10-22,0.870895,0.870895,0.847773,0.860618,0.572755,3123771
1976-10-25,0.860618,0.873464,0.845204,0.865757,0.576175,1274810
1976-10-26,0.865757,0.904292,0.863188,0.894016,0.594982,4048251
1976-10-27,0.894016,0.906861,0.888878,0.904292,0.601820,1810035
1976-10-28,0.904292,0.929982,0.904292,0.917137,0.610369,1639736
1976-10-29,0.919706,0.950534,0.919706,0.950534,0.632595,3084845
1976-11-01,0.950534,0.960810,0.937689,0.945396,0.629176,3006994
1976-11-03,0.919706,0.919706,0.883740,0.909430,0.605240,5074911
1976-11-04,0.914568,0.935120,0.914568,0.924844,0.615498,2165231
1976-11-05,0.924844,0.929982,0.899154,0.904292,0.601820,1921946
1976-11-08,0.904292,0.904292,0.894016,0.899154,0.598401,1041257
1976-11-09,0.899154,0.914568,0.899154,0.901723,0.600111,1352661
1976-11-10,0.904292,0.929982,0.904292,0.909430,0.605240,1469437
1976-11-11,0.911999,0.940258,0.911999,0.932551,0.620627,1425646
1976-11-12,0.932551,0.935120,0.911999,0.914568,0.608659,1999797
1976-11-15,0.914568,0.929982,0.909430,0.929982,0.618917,1552154
1976-11-16,0.929982,0.937689,0.917137,0.924844,0.615498,2792904
1976-11-17,0.924844,0.958241,0.917137,0.942827,0.627466,8996655
1976-11-18,0.945396,0.958241,0.945396,0.955672,0.636015,1727319
1976-11-19,0.955672,0.965948,0.945396,0.953103,0.634305,2491232
1976-11-22,0.953103,0.958241,0.935120,0.940258,0.625757,3201622
1976-11-23,0.940258,0.942827,0.927413,0.932551,0.620627,1649468
1976-11-24,0.932551,0.932551,0.914568,0.914568,0.608659,1931678
1976-11-26,0.914568,0.919706,0.896585,0.904292,0.601820,3790370
1976-11-29,0.904292,0.909430,0.894016,0.896585,0.596691,3284339
1976-11-30,0.896585,0.901723,0.878602,0.883740,0.588143,2277141
1976-12-01,0.883740,0.901723,0.878602,0.896585,0.596691,2715053
1976-12-02,0.896585,0.904292,0.883740,0.891447,0.593272,1513229
1976-12-03,0.894016,0.911999,0.894016,0.909430,0.605240,3060517
1976-12-06,0.909430,0.935120,0.904292,0.935120,0.622337,2014394
1976-12-07,0.935120,0.940258,0.924844,0.929982,0.618917,1902484
1976-12-08,0.929982,0.940258,0.929982,0.940258,0.625757,2724785
1976-12-09,0.942827,0.960810,0.942827,0.950534,0.632595,4461835
1976-12-10,0.950534,0.958241,0.947965,0.950534,0.632595,2608008
1976-12-13,0.950534,0.955672,0.947965,0.953103,0.634305,1844095
1976-12-14,0.953103,0.973655,0.942827,0.973655,0.647983,4306133
1976-12-15,0.973655,0.973655,0.958241,0.968517,0.644563,4111505
1976-12-16,0.968517,0.968517,0.945396,0.968517,0.644563,3629802
1976-12-17,0.968517,0.986500,0.968517,0.971086,0.646273,5230613
1976-12-20,0.971086,0.971086,0.950534,0.953103,0.634305,1304004
1976-12-21,0.953103,0.965948,0.945396,0.960810,0.639434,3843893
1976-12-22,0.965948,1.001914,0.965948,0.983931,0.654822,3999595
1976-12-23,0.983931,0.994207,0.976224,0.989069,0.658241,2330664
1976-12-27,0.989069,1.001914,0.983931,0.996776,0.663370,3084845
1976-12-28,0.996776,1.012190,0.996776,1.004483,0.668499,2680993
1976-12-29,1.004483,1.009621,0.991638,0.994207,0.661661,1659199
1976-12-30,0.994207,1.009621,0.994207,0.994207,0.661661,3634668
1976-12-31,0.994207,0.999345,0.971086,0.971086,0.646273,1600811
1977-01-03,0.971086,0.978793,0.960810,0.965948,0.642854,3167562
1977-01-04,0.965948,0.968517,0.935120,0.940258,0.625757,4121237
1977-01-05,0.940258,0.945396,0.932551,0.940258,0.625757,1936543
1977-01-06,0.940258,0.955672,0.927413,0.927413,0.617208,4685656
1977-01-07,0.927413,0.927413,0.914568,0.927413,0.617208,2802636
1977-01-10,0.927413,0.929982,0.914568,0.922275,0.613789,2739382
1977-01-11,0.922275,0.924844,0.906861,0.909430,0.605240,2247947
1977-01-12,0.909430,0.922275,0.906861,0.917137,0.610369,3313533
1977-01-13,0.919706,0.940258,0.919706,0.929982,0.618917,2982666
1977-01-14,0.932551,0.955672,0.932551,0.955672,0.636015,1994932
1977-01-17,0.955672,0.963379,0.935120,0.935120,0.622337,2213887
1977-01-18,0.935120,0.935120,0.904292,0.914568,0.608659,6738976
1977-01-19,0.914568,0.919706,0.909430,0.911999,0.606950,1605677
1977-01-20,0.911999,0.919706,0.881171,0.891447,0.593272,2797770
1977-01-21,0.891447,0.901723,0.886309,0.899154,0.598401,4033654
1977-01-24,0.899154,0.901723,0.888878,0.896585,0.596691,2792904
1977-01-25,0.896585,0.904292,0.883740,0.886309,0.589853,5483629
1977-01-26,0.886309,0.891447,0.860618,0.863188,0.574465,3965535
1977-01-27,0.863188,0.870895,0.842635,0.847773,0.564206,3099442
1977-01-28,0.847773,0.850342,0.834928,0.847773,0.564206,3547086
1977-01-31,0.847773,0.850342,0.837497,0.847773,0.564206,5624734
1977-02-01,0.847773,0.860618,0.845204,0.858049,0.571045,2145768
1977-02-02,0.858049,0.870895,0.852911,0.858049,0.571045,2238216
1977-02-03,0.855480,0.855480,0.847773,0.852911,0.567626,1625139
1977-02-04,0.852911,0.858049,0.847773,0.850342,0.565916,1800304
1977-02-07,0.850342,0.855480,0.847773,0.847773,0.564206,1946275
1977-02-08,0.850342,0.858049,0.850342,0.850342,0.565916,1746782
1977-02-09,0.850342,0.852911,0.834928,0.837497,0.557368,1586214
1977-02-10,0.837497,0.842635,0.811807,0.814376,0.541980,8300862
1977-02-11,0.814376,0.822083,0.786117,0.788686,0.524883,11551140
1977-02-14,0.788686,0.796393,0.770703,0.796393,0.530012,4515357
1977-02-15,0.801531,0.809238,0.801531,0.801531,0.533431,5644197
1977-02-16,0.804100,0.814376,0.804100,0.811807,0.540270,2569083
1977-02-17,0.811807,0.816945,0.804100,0.806669,0.536851,2418246
1977-02-18,0.806669,0.809238,0.791255,0.804100,0.535141,1897618
1977-02-22,0.804100,0.816945,0.804100,0.806669,0.536851,1279676
1977-02-23,0.806669,0.809238,0.791255,0.798962,0.531722,1688393
1977-02-24,0.796393,0.796393,0.778410,0.778410,0.518044,1712722
1977-02-25,0.778410,0.783548,0.757858,0.780979,0.519754,2569083
1977-02-28,0.780979,0.780979,0.768134,0.780979,0.519754,2457172
1977-03-01,0.786117,0.811807,0.786117,0.806669,0.536851,3182159
1977-03-02,0.806669,0.811807,0.780979,0.791255,0.526593,3513026
1977-03-03,0.791255,0.809238,0.786117,0.798962,0.531722,2359858
1977-03-04,0.798962,0.811807,0.796393,0.801531,0.533431,1367258
1977-03-07,0.801531,0.819514,0.796393,0.816945,0.543690,1931678
1977-03-08,0.816945,0.816945,0.793824,0.793824,0.528302,2778307
1977-03-09,0.793824,0.793824,0.780979,0.783548,0.521464,1775976
1977-03-10,0.783548,0.798962,0.778410,0.798962,0.531722,2369589
1977-03-11,0.798962,0.806669,0.791255,0.791255,0.526593,1615408
1977-03-14,0.791255,0.804100,0.786117,0.801531,0.533431,2024126
1977-03-15,0.801531,0.816945,0.798962,0.804100,0.535141,4403447
1977-03-16,0.804100,0.809238,0.798962,0.798962,0.531722,2690725
1977-03-17,0.798962,0.804100,0.791255,0.804100,0.535141,4987329
1977-03-18,0.804100,0.811807,0.783548,0.786117,0.523173,3556817
1977-03-21,0.786117,0.788686,0.765565,0.765565,0.509496,6325393
1977-03-22,0.765565,0.768134,0.750151,0.757858,0.504366,3960669
1977-03-23,0.757858,0.760427,0.737306,0.739875,0.492398,6247542
1977-03-24,0.734737,0.734737,0.711616,0.711616,0.473592,6938469
1977-03-25,0.711616,0.724461,0.696202,0.701340,0.466753,5512823
1977-03-28,0.703909,0.732168,0.703909,0.729599,0.485560,5357121
1977-03-29,0.729599,0.745013,0.729599,0.732168,0.487269,3756310
1977-03-30,0.732168,0.742444,0.714185,0.716754,0.477011,2875621
1977-03-31,0.716754,0.734737,0.706478,0.714185,0.475301,2651799
1977-04-01,0.719323,0.732168,0.719323,0.727030,0.483850,2238216
1977-04-04,0.727030,0.729599,0.714185,0.714185,0.475301,1284541
1977-04-05,0.714185,0.716754,0.706478,0.709047,0.471882,3070248
1977-04-06,0.714185,0.727030,0.714185,0.714185,0.475301,2160365
1977-04-07,0.714185,0.727030,0.711616,0.719323,0.478721,3133502
1977-04-11,0.719323,0.724461,0.714185,0.716754,0.477011,3269742
1977-04-12,0.716754,0.732168,0.716754,0.724461,0.482140,4174759
1977-04-13,0.724461,0.727030,0.716754,0.727030,0.483850,3002129
1977-04-14,0.729599,0.747582,0.729599,0.734737,0.488979,3313533
1977-04-15,0.734737,0.737306,0.724461,0.732168,0.487269,2544754
1977-04-18,0.732168,0.762996,0.724461,0.750151,0.499237,7298530
1977-04-19,0.750151,0.755289,0.739875,0.750151,0.499237,2890218
1977-04-20,0.745013,0.745013,0.734737,0.737306,0.490688,3235682
1977-04-21,0.737306,0.739875,0.706478,0.709047,0.471882,5070046
1977-04-22,0.698771,0.698771,0.688495,0.696202,0.463333,5522554
1977-04-25,0.696202,0.703909,0.691064,0.698771,0.465043,2788039
1977-04-26,0.698771,0.703909,0.688495,0.688495,0.458204,3498429
1977-04-27,0.688495,0.714185,0.688495,0.703909,0.468462,2968069
1977-04-28,0.706478,0.729599,0.706478,0.719323,0.478721,3104308
1977-04-29,0.719323,0.724461,0.714185,0.719323,0.478721,2836695
1977-05-02,0.719323,0.729599,0.714185,0.727030,0.483850,1513229
1977-05-03,0.732168,0.745013,0.732168,0.732168,0.487269,1600811
1977-05-04,0.732168,0.745013,0.732168,0.739875,0.492398,1892752
1977-05-05,0.739875,0.750151,0.729599,0.737306,0.490688,2028991
1977-05-06,0.737306,0.739875,0.727030,0.732168,0.487269,2457172
1977-05-09,0.732168,0.737306,0.729599,0.737306,0.490688,939078
1977-05-10,0.737306,0.742444,0.732168,0.739875,0.492398,1761379
1977-05-11,0.739875,0.739875,0.721892,0.727030,0.483850,2369589
1977-05-12,0.727030,0.734737,0.724461,0.732168,0.487269,1440243
1977-05-13,0.732168,0.750151,0.732168,0.745013,0.495818,2301470
1977-05-16,0.747582,0.762996,0.747582,0.752720,0.500947,4914344
1977-05-17,0.752720,0.762996,0.745013,0.760427,0.506076,1537557
1977-05-18,0.760427,0.762996,0.742444,0.745013,0.495818,3513026
1977-05-19,0.745013,0.747582,0.737306,0.737306,0.490688,763913
1977-05-20,0.734737,0.734737,0.729599,0.732168,0.487269,2812367
1977-05-23,0.732168,0.732168,0.719323,0.724461,0.482140,1440243
1977-05-24,0.724461,0.729599,0.716754,0.727030,0.483850,3157831
1977-05-25,0.727030,0.729599,0.701340,0.703909,0.468462,3367055
1977-05-26,0.703909,0.711616,0.693633,0.701340,0.466753,5546883
1977-05-27,0.701340,0.701340,0.675650,0.678219,0.451365,4782970
1977-05-31,0.673081,0.673081,0.660236,0.662805,0.441107,5201419
1977-06-01,0.662805,0.670512,0.660236,0.667943,0.444527,3196756
1977-06-02,0.667943,0.678219,0.665374,0.673081,0.447946,2865890
1977-06-03,0.673081,0.685926,0.673081,0.685926,0.456495,2802636
1977-06-06,0.685926,0.693633,0.670512,0.675650,0.449656,2101977
1977-06-07,0.675650,0.683357,0.667943,0.683357,0.454785,2121439
1977-06-08,0.683357,0.691064,0.678219,0.683357,0.454785,1401318
1977-06-09,0.683357,0.688495,0.680788,0.685926,0.456495,1080182
1977-06-10,0.685926,0.685926,0.678219,0.683357,0.454785,2247947
1977-06-13,0.685926,0.709047,0.685926,0.706478,0.470172,2311201
1977-06-14,0.706478,0.729599,0.706478,0.729599,0.485560,3313533
1977-06-15,0.727030,0.727030,0.711616,0.711616,0.473592,2004663
1977-06-16,0.711616,0.729599,0.711616,0.721892,0.480431,1265079
1977-06-17,0.721892,0.724461,0.719323,0.724461,0.482140,1362392
1977-06-20,0.724461,0.750151,0.724461,0.750151,0.499237,1834364
1977-06-21,0.750151,0.757858,0.745013,0.747582,0.497528,3342727
1977-06-22,0.747582,0.752720,0.737306,0.750151,0.499237,1868424
1977-06-23,0.752720,0.757858,0.752720,0.755289,0.502657,1386721
1977-06-24,0.755289,0.762996,0.755289,0.760427,0.506076,1508363
1977-06-27,0.762996,0.773272,0.762996,0.773272,0.514625,1639736
1977-06-28,0.773272,0.773272,0.757858,0.757858,0.504366,3065383
1977-06-29,0.757858,0.760427,0.752720,0.755289,0.502657,2622605
1977-06-30,0.757858,0.770703,0.757858,0.757858,0.504366,885555
1977-07-01,0.757858,0.757858,0.747582,0.750151,0.499237,3717385
1977-07-05,0.750151,0.752720,0.745013,0.745013,0.495818,2082514
1977-07-06,0.745013,0.752720,0.739875,0.739875,0.492398,1435378
1977-07-07,0.739875,0.739875,0.729599,0.734737,0.488979,2325798
1977-07-08,0.734737,0.745013,0.734737,0.737306,0.490688,2247947
1977-07-11,0.737306,0.739875,0.734737,0.737306,0.490688,939078
1977-07-12,0.737306,0.742444,0.729599,0.737306,0.490688,1795438
1977-07-13,0.737306,0.737306,0.727030,0.737306,0.490688,1201825
1977-07-15,0.737306,0.745013,0.724461,0.745013,0.495818,3576280
1977-07-18,0.745013,0.778410,0.739875,0.768134,0.511205,3474100
1977-07-19,0.768134,0.773272,0.757858,0.762996,0.507786,5483629
1977-07-20,0.762996,0.762996,0.752720,0.755289,0.502657,1912215
1977-07-21,0.755289,0.760427,0.752720,0.760427,0.506076,1620274
1977-07-22,0.760427,0.765565,0.755289,0.762996,0.507786,1625139
1977-07-25,0.762996,0.773272,0.762996,0.765565,0.509496,2111708
1977-07-26,0.762996,0.762996,0.757858,0.760427,0.506076,1099645
1977-07-27,0.760427,0.760427,0.752720,0.755289,0.502657,2345261
1977-07-28,0.755289,0.768134,0.750151,0.765565,0.509496,1566751
1977-07-29,0.765565,0.765565,0.755289,0.762996,0.507786,1717587
1977-08-01,0.762996,0.780979,0.755289,0.760427,0.506076,1702990
1977-08-02,0.760427,0.762996,0.755289,0.757858,0.504366,1498632
1977-08-03,0.757858,0.773272,0.757858,0.770703,0.512915,1892752
1977-08-04,0.770703,0.791255,0.765565,0.791255,0.526593,3152965
1977-08-05,0.791255,0.801531,0.786117,0.786117,0.523173,3834161
1977-08-08,0.786117,0.786117,0.765565,0.768134,0.511205,5814496
1977-08-09,0.768134,0.773272,0.762996,0.762996,0.507786,9454029
1977-08-10,0.765565,0.788686,0.765565,0.788686,0.524883,5211151
1977-08-11,0.788686,0.796393,0.775841,0.778410,0.518044,4924075
1977-08-12,0.778410,0.793824,0.773272,0.791255,0.526593,2958338
1977-08-15,0.791255,0.814376,0.778410,0.811807,0.540270,3478966
1977-08-16,0.809238,0.809238,0.798962,0.809238,0.538560,3702788
1977-08-17,0.809238,0.829790,0.806669,0.816945,0.543690,6057780
1977-08-18,0.816945,0.837497,0.816945,0.827221,0.550528,3420578
1977-08-19,0.827221,0.840066,0.819514,0.829790,0.552238,3542220
1977-08-22,0.832359,0.852911,0.832359,0.847773,0.564206,3138368
1977-08-23,0.847773,0.847773,0.819514,0.824652,0.548819,4320730
1977-08-24,0.824652,0.832359,0.819514,0.819514,0.545399,2593411
1977-08-25,0.819514,0.827221,0.811807,0.811807,0.540270,2267410
1977-08-26,0.811807,0.829790,0.801531,0.827221,0.550528,3435175
1977-08-29,0.827221,0.837497,0.827221,0.834928,0.555658,1308870
1977-08-30,0.834928,0.837497,0.816945,0.819514,0.545399,1396452
1977-08-31,0.819514,0.832359,0.814376,0.829790,0.552238,1707856
1977-09-01,0.829790,0.837497,0.819514,0.819514,0.545399,2272276
1977-09-02,0.819514,0.824652,0.814376,0.819514,0.545399,1376989
1977-09-06,0.819514,0.822083,0.806669,0.814376,0.541980,1464572
1977-09-07,0.814376,0.819514,0.806669,0.814376,0.541980,1746782
1977-09-08,0.811807,0.811807,0.783548,0.786117,0.523173,1630005
1977-09-09,0.786117,0.786117,0.775841,0.783548,0.521464,2053320
1977-09-12,0.783548,0.786117,0.768134,0.780979,0.519754,3221085
1977-09-13,0.780979,0.788686,0.775841,0.788686,0.524883,822301
1977-09-14,0.788686,0.806669,0.786117,0.804100,0.535141,1917081
1977-09-15,0.804100,0.809238,0.796393,0.801531,0.533431,1119108
1977-09-16,0.801531,0.801531,0.793824,0.796393,0.530012,1245616
1977-09-19,0.793824,0.793824,0.773272,0.775841,0.516334,2476635
1977-09-20,0.775841,0.788686,0.775841,0.788686,0.524883,1294273
1977-09-21,0.788686,0.801531,0.773272,0.773272,0.514625,2067917
1977-09-22,0.778410,0.788686,0.778410,0.786117,0.523173,1240750
1977-09-23,0.786117,0.796393,0.780979,0.793824,0.528302,987734
1977-09-26,0.793824,0.811807,0.786117,0.806669,0.536851,1430512
1977-09-27,0.806669,0.816945,0.796393,0.809238,0.538560,1960872
1977-09-28,0.809238,0.822083,0.806669,0.814376,0.541980,2252813
1977-09-29,0.814376,0.824652,0.811807,0.814376,0.541980,2335530
1977-09-30,0.814376,0.822083,0.806669,0.811807,0.540270,1464572
1977-10-03,0.811807,0.811807,0.798962,0.801531,0.533431,1780841
1977-10-04,0.801531,0.806669,0.791255,0.793824,0.528302,2092245
1977-10-05,0.793824,0.793824,0.783548,0.786117,0.523173,1299138
1977-10-06,0.786117,0.801531,0.786117,0.793824,0.528302,1493766
1977-10-07,0.793824,0.798962,0.786117,0.788686,0.524883,564420
1977-10-10,0.788686,0.791255,0.783548,0.786117,0.523173,593614
1977-10-11,0.786117,0.791255,0.765565,0.768134,0.511205,1479169
1977-10-12,0.762996,0.762996,0.734737,0.742444,0.494108,3123771
1977-10-13,0.742444,0.747582,0.734737,0.747582,0.497528,2719919
1977-10-14,0.747582,0.755289,0.739875,0.752720,0.500947,1644602
1977-10-17,0.752720,0.760427,0.732168,0.750151,0.499237,1625139
1977-10-18,0.750151,0.750151,0.734737,0.734737,0.488979,1493766
1977-10-19,0.734737,0.739875,0.711616,0.714185,0.475301,3362190
1977-10-20,0.714185,0.727030,0.709047,0.721892,0.480431,1221287
1977-10-21,0.721892,0.729599,0.716754,0.721892,0.480431,2058186
1977-10-24,0.721892,0.734737,0.716754,0.719323,0.478721,1561885
1977-10-25,0.716754,0.716754,0.691064,0.714185,0.475301,4666194
1977-10-26,0.714185,0.732168,0.709047,0.732168,0.487269,8957729
1977-10-27,0.732168,0.770703,0.729599,0.752720,0.500947,2812367
1977-10-28,0.752720,0.762996,0.739875,0.752720,0.500947,1625139
1977-10-31,0.745013,0.745013,0.734737,0.745013,0.495818,1138571
1977-11-01,0.739875,0.739875,0.732168,0.739875,0.492398,1805170
1977-11-02,0.739875,0.739875,0.719323,0.719323,0.478721,2423112
1977-11-03,0.719323,0.729599,0.716754,0.724461,0.482140,1328332
1977-11-04,0.724461,0.747582,0.724461,0.739875,0.492398,2277141
1977-11-07,0.742444,0.750151,0.742444,0.742444,0.494108,2111708
1977-11-08,0.742444,0.745013,0.732168,0.734737,0.488979,1109377
1977-11-09,0.734737,0.739875,0.729599,0.734737,0.488979,2934009
1977-11-10,0.739875,0.770703,0.739875,0.770703,0.512915,3177293
1977-11-11,0.780979,0.791255,0.780979,0.788686,0.524883,6520020
1977-11-14,0.788686,0.798962,0.780979,0.780979,0.519754,1790573
1977-11-15,0.783548,0.811807,0.783548,0.811807,0.540270,5031120
1977-11-16,0.811807,0.850342,0.801531,0.829790,0.552238,6252408
1977-11-17,0.829790,0.837497,0.816945,0.822083,0.547109,3887684
1977-11-18,0.822083,0.829790,0.804100,0.819514,0.545399,1766244
1977-11-21,0.819514,0.829790,0.806669,0.827221,0.550528,3182159
1977-11-22,0.832359,0.847773,0.832359,0.837497,0.557368,3790370
1977-11-23,0.837497,0.842635,0.827221,0.840066,0.559077,3182159
1977-11-25,0.840066,0.842635,0.837497,0.840066,0.559077,1128839
1977-11-28,0.840066,0.842635,0.829790,0.832359,0.553948,1775976
1977-11-29,0.832359,0.850342,0.827221,0.832359,0.553948,5099240
1977-11-30,0.832359,0.878602,0.832359,0.878602,0.584724,6218348
1977-12-01,0.878602,0.878602,0.847773,0.852911,0.567626,3045920
1977-12-02,0.852911,0.870895,0.850342,0.865757,0.576175,3367055
1977-12-05,0.860618,0.860618,0.847773,0.847773,0.564206,3094577
1977-12-06,0.816945,0.816945,0.796393,0.804100,0.535141,4880284
1977-12-07,0.804100,0.809238,0.786117,0.798962,0.531722,6038317
1977-12-08,0.798962,0.811807,0.798962,0.798962,0.531722,2238216
1977-12-09,0.801531,0.824652,0.801531,0.814376,0.541980,2111708
1977-12-12,0.814376,0.827221,0.811807,0.814376,0.541980,2729650
1977-12-13,0.814376,0.816945,0.798962,0.811807,0.540270,2067917
1977-12-14,0.811807,0.819514,0.806669,0.819514,0.545399,1265079
1977-12-15,0.819514,0.824652,0.814376,0.819514,0.545399,3770907
1977-12-16,0.819514,0.824652,0.801531,0.801531,0.533431,1581348
1977-12-19,0.801531,0.804100,0.778410,0.778410,0.518044,1649468
1977-12-20,0.778410,0.796393,0.770703,0.791255,0.526593,4427775
1977-12-21,0.791255,0.811807,0.786117,0.809238,0.538560,3128637
1977-12-22,0.819514,0.827221,0.819514,0.819514,0.545399,3396249
1977-12-23,0.819514,0.829790,0.819514,0.827221,0.550528,1839230
1977-12-27,0.827221,0.827221,0.819514,0.824652,0.548819,2282007
1977-12-28,0.824652,0.827221,0.816945,0.824652,0.548819,2471769
1977-12-29,0.824652,0.832359,0.816945,0.824652,0.548819,4369387
1977-12-30,0.824652,0.829790,0.819514,0.822083,0.547109,1518094
1978-01-03,0.816945,0.816945,0.804100,0.816945,0.543690,1586214
1978-01-04,0.801531,0.801531,0.780979,0.796393,0.530012,2831830
1978-01-05,0.796393,0.811807,0.783548,0.786117,0.523173,17560264
1978-01-06,0.786117,0.786117,0.762996,0.765565,0.509496,4398581
1978-01-09,0.760427,0.760427,0.750151,0.752720,0.500947,4393715
1978-01-10,0.752720,0.762996,0.742444,0.750151,0.499237,3167562
1978-01-11,0.750151,0.765565,0.745013,0.747582,0.497528,2126305
1978-01-12,0.747582,0.760427,0.747582,0.750151,0.499237,1965737
1978-01-13,0.750151,0.755289,0.719323,0.729599,0.485560,2729650
1978-01-16,0.729599,0.732168,0.714185,0.724461,0.482140,2700456
1978-01-17,0.724461,0.737306,0.721892,0.727030,0.483850,1250482
1978-01-18,0.727030,0.739875,0.724461,0.739875,0.492398,1790573
1978-01-19,0.739875,0.739875,0.719323,0.727030,0.483850,1591080
1978-01-20,0.724461,0.724461,0.719323,0.724461,0.482140,880689
1978-01-23,0.714185,0.714185,0.698771,0.706478,0.470172,3513026
1978-01-24,0.706478,0.711616,0.701340,0.706478,0.470172,1347795
1978-01-25,0.706478,0.714185,0.701340,0.701340,0.466753,1834364
1978-01-26,0.701340,0.703909,0.678219,0.678219,0.451365,4437506
1978-01-27,0.678219,0.685926,0.670512,0.683357,0.454785,3294070
1978-01-30,0.683357,0.691064,0.678219,0.691064,0.459914,2695590
1978-01-31,0.691064,0.691064,0.667943,0.680788,0.453075,2316067
1978-02-01,0.680788,0.696202,0.675650,0.685926,0.456495,2646934
1978-02-02,0.685926,0.698771,0.680788,0.688495,0.458204,3143234
1978-02-03,0.688495,0.696202,0.685926,0.693633,0.461624,1206690
1978-02-06,0.698771,0.706478,0.698771,0.703909,0.468462,1328332
1978-02-07,0.703909,0.711616,0.698771,0.711616,0.473592,1060720
1978-02-08,0.711616,0.714185,0.703909,0.709047,0.471882,1323467
1978-02-09,0.706478,0.706478,0.688495,0.693633,0.461624,1411049
1978-02-10,0.693633,0.698771,0.691064,0.696202,0.463333,1279676
1978-02-13,0.696202,0.701340,0.691064,0.696202,0.463333,1391586
1978-02-14,0.693633,0.693633,0.685926,0.693633,0.461624,1381855
1978-02-15,0.691064,0.691064,0.678219,0.685926,0.456495,1050988
1978-02-16,0.683357,0.683357,0.675650,0.675650,0.449656,2058186
1978-02-17,0.675650,0.688495,0.675650,0.683357,0.454785,802838
1978-02-21,0.678219,0.678219,0.673081,0.675650,0.449656,1391586
1978-02-22,0.675650,0.685926,0.675650,0.678219,0.451365,1571617
1978-02-23,0.678219,0.678219,0.667943,0.678219,0.451365,2067917
1978-02-24,0.683357,0.703909,0.683357,0.698771,0.465043,1352661
1978-02-27,0.698771,0.703909,0.678219,0.678219,0.451365,2486366
1978-02-28,0.673081,0.673081,0.660236,0.665374,0.442817,1537557
1978-03-01,0.665374,0.670512,0.660236,0.670512,0.446236,1347795
1978-03-02,0.670512,0.678219,0.667943,0.675650,0.449656,1411049
1978-03-03,0.675650,0.678219,0.670512,0.675650,0.449656,812570
1978-03-06,0.675650,0.675650,0.670512,0.673081,0.447946,875824
1978-03-07,0.673081,0.685926,0.673081,0.683357,0.454785,1771110
1978-03-08,0.688495,0.698771,0.688495,0.696202,0.463333,2432843
1978-03-09,0.696202,0.701340,0.685926,0.685926,0.456495,2462038
1978-03-10,0.691064,0.696202,0.691064,0.691064,0.459914,1474303
1978-03-13,0.691064,0.706478,0.688495,0.691064,0.459914,1766244
1978-03-14,0.691064,0.691064,0.683357,0.685926,0.456495,2432843
1978-03-15,0.685926,0.685926,0.665374,0.667943,0.444527,1814901
1978-03-16,0.667943,0.673081,0.660236,0.673081,0.447946,2286873
1978-03-17,0.673081,0.688495,0.665374,0.683357,0.454785,4422909
1978-03-20,0.683357,0.698771,0.678219,0.693633,0.461624,2282007
1978-03-21,0.693633,0.698771,0.675650,0.683357,0.454785,1688393
1978-03-22,0.675650,0.675650,0.667943,0.673081,0.447946,1552154
1978-03-23,0.670512,0.670512,0.662805,0.665374,0.442817,1678662
1978-03-27,0.665374,0.665374,0.652529,0.655098,0.435978,2053320
1978-03-28,0.655098,0.665374,0.652529,0.660236,0.439397,2885352
1978-03-29,0.660236,0.673081,0.660236,0.673081,0.447946,2466903
1978-03-30,0.673081,0.673081,0.662805,0.665374,0.442817,1780841
1978-03-31,0.665374,0.667943,0.657667,0.665374,0.442817,1372124
1978-04-03,0.660236,0.660236,0.649960,0.649960,0.432559,2559351
1978-04-04,0.649960,0.657667,0.647391,0.655098,0.435978,1123974
1978-04-05,0.655098,0.675650,0.649960,0.667943,0.444527,1926812
1978-04-06,0.667943,0.688495,0.665374,0.680788,0.453075,2612874
1978-04-07,0.680788,0.696202,0.678219,0.691064,0.459914,1673796
1978-04-10,0.691064,0.703909,0.691064,0.701340,0.466753,3449772
1978-04-11,0.701340,0.703909,0.688495,0.696202,0.463333,2170096
1978-04-12,0.696202,0.706478,0.691064,0.693633,0.461624,1824633
1978-04-13,0.703909,0.732168,0.703909,0.732168,0.487269,4481298
1978-04-14,0.734737,0.755289,0.734737,0.734737,0.488979,7984592
1978-04-17,0.739875,0.765565,0.739875,0.742444,0.494108,15297719
1978-04-18,0.742444,0.752720,0.732168,0.745013,0.495818,4199088
1978-04-19,0.745013,0.752720,0.742444,0.750151,0.499237,3162696
1978-04-20,0.760427,0.773272,0.760427,0.770703,0.512915,5663659
1978-04-21,0.770703,0.778410,0.762996,0.775841,0.516334,3586011
1978-04-24,0.775841,0.811807,0.768134,0.811807,0.540270,5809630
1978-04-25,0.811807,0.832359,0.801531,0.804100,0.535141,8719311
1978-04-26,0.804100,0.811807,0.791255,0.796393,0.530012,7162291
1978-04-27,0.788686,0.788686,0.773272,0.778410,0.518044,7099037
1978-04-28,0.780979,0.796393,0.780979,0.793824,0.528302,5167359
1978-05-01,0.793824,0.809238,0.791255,0.801531,0.533431,3882818
1978-05-02,0.798962,0.798962,0.778410,0.778410,0.518044,3790370
1978-05-03,0.778410,0.778410,0.755289,0.755289,0.502657,5790167
1978-05-04,0.755289,0.768134,0.734737,0.760427,0.506076,7230411
1978-05-05,0.765565,0.780979,0.765565,0.770703,0.512915,3615205
1978-05-08,0.770703,0.780979,0.765565,0.768134,0.511205,3026457
1978-05-09,0.768134,0.773272,0.760427,0.765565,0.509496,1951140
1978-05-10,0.765565,0.770703,0.760427,0.768134,0.511205,3045920
1978-05-11,0.768134,0.796393,0.765565,0.791255,0.526593,2072783
1978-05-12,0.793824,0.809238,0.793824,0.801531,0.533431,6797364
1978-05-15,0.801531,0.804100,0.791255,0.798962,0.531722,5639331
1978-05-16,0.806669,0.816945,0.806669,0.811807,0.540270,8111100
1978-05-17,0.811807,0.832359,0.811807,0.816945,0.543690,6636797
1978-05-18,0.816945,0.832359,0.811807,0.814376,0.541980,4525089
1978-05-19,0.814376,0.824652,0.804100,0.811807,0.540270,3493563
1978-05-22,0.811807,0.842635,0.809238,0.842635,0.560787,3313533
1978-05-23,0.842635,0.855480,0.834928,0.837497,0.557368,9288596
1978-05-24,0.832359,0.832359,0.816945,0.829790,0.552238,5113837
1978-05-25,0.829790,0.837497,0.819514,0.822083,0.547109,3770907
1978-05-26,0.822083,0.829790,0.819514,0.827221,0.550528,1294273
1978-05-30,0.827221,0.840066,0.822083,0.837497,0.557368,2559351
1978-05-31,0.837497,0.855480,0.834928,0.850342,0.565916,8286265
1978-06-01,0.850342,0.850342,0.840066,0.840066,0.559077,2437709
1978-06-02,0.840066,0.852911,0.837497,0.847773,0.564206,3843893
1978-06-05,0.847773,0.896585,0.847773,0.891447,0.593272,10685048
1978-06-06,0.901723,0.917137,0.901723,0.911999,0.606950,17073695
1978-06-07,0.911999,0.917137,0.901723,0.909430,0.605240,7147694
1978-06-08,0.909430,0.929982,0.904292,0.904292,0.601820,5590674
1978-06-09,0.904292,0.911999,0.901723,0.906861,0.603530,3264876
1978-06-12,0.906861,0.909430,0.878602,0.878602,0.584724,5201419
1978-06-13,0.878602,0.896585,0.858049,0.896585,0.596691,4150431
1978-06-14,0.896585,0.904292,0.873464,0.878602,0.584724,3561683
1978-06-15,0.878602,0.883740,0.847773,0.863188,0.574465,4189356
1978-06-16,0.863188,0.868326,0.858049,0.863188,0.574465,3610340
1978-06-19,0.863188,0.868326,0.852911,0.863188,0.574465,2685859
1978-06-20,0.860618,0.860618,0.837497,0.842635,0.560787,3240547
1978-06-21,0.842635,0.852911,0.832359,0.842635,0.560787,3162696
1978-06-22,0.842635,0.847773,0.840066,0.842635,0.560787,2739382
1978-06-23,0.842635,0.852911,0.832359,0.842635,0.560787,3615205
1978-06-26,0.837497,0.837497,0.806669,0.809238,0.538560,2379321
1978-06-27,0.809238,0.829790,0.804100,0.824652,0.548819,3994729
1978-06-28,0.824652,0.837497,0.811807,0.832359,0.553948,1581348
1978-06-29,0.832359,0.834928,0.824652,0.832359,0.553948,1133705
1978-06-30,0.832359,0.832359,0.819514,0.822083,0.547109,598479
1978-07-03,0.822083,0.822083,0.806669,0.816945,0.543690,603345
1978-07-05,0.816945,0.822083,0.806669,0.822083,0.547109,2403649
1978-07-06,0.822083,0.832359,0.816945,0.832359,0.553948,1201825
1978-07-07,0.832359,0.852911,0.832359,0.842635,0.560787,1834364
1978-07-10,0.842635,0.847773,0.829790,0.847773,0.564206,1167765
1978-07-11,0.847773,0.847773,0.829790,0.829790,0.552238,1805170
1978-07-12,0.829790,0.832359,0.819514,0.829790,0.552238,2870755
1978-07-13,0.829790,0.829790,0.824652,0.824652,0.548819,2033857
1978-07-14,0.824652,0.845204,0.824652,0.845204,0.562496,1644602
1978-07-17,0.845204,0.852911,0.840066,0.842635,0.560787,2384187
1978-07-18,0.837497,0.837497,0.824652,0.824652,0.548819,1810035
1978-07-19,0.827221,0.840066,0.827221,0.837497,0.557368,1712722
1978-07-20,0.837497,0.847773,0.829790,0.832359,0.553948,5999392
1978-07-21,0.829790,0.829790,0.822083,0.822083,0.547109,3386518
1978-07-24,0.822083,0.832359,0.819514,0.832359,0.553948,3274607
1978-07-25,0.832359,0.840066,0.824652,0.840066,0.559077,2457172
1978-07-26,0.840066,0.845204,0.822083,0.827221,0.550528,3809833
1978-07-27,0.827221,0.837497,0.822083,0.827221,0.550528,3532489
1978-07-28,0.827221,0.837497,0.822083,0.834928,0.555658,2374455
1978-07-31,0.834928,0.870895,0.834928,0.868326,0.577885,6378915
1978-08-01,0.868326,0.881171,0.858049,0.873464,0.581304,3654131
1978-08-02,0.873464,0.899154,0.868326,0.899154,0.598401,3527623
1978-08-03,0.901723,0.924844,0.901723,0.904292,0.601820,11628991
1978-08-04,0.904292,0.914568,0.896585,0.914568,0.608659,4330461
1978-08-07,0.914568,0.929982,0.906861,0.911999,0.606950,4038520
1978-08-08,0.911999,0.945396,0.901723,0.940258,0.625757,7094171
1978-08-09,0.940258,0.958241,0.935120,0.937689,0.624047,6451901
1978-08-10,0.937689,0.945396,0.927413,0.932551,0.620627,3877952
1978-08-11,0.932551,0.955672,0.927413,0.955672,0.636015,3620071
1978-08-14,0.955672,0.955672,0.932551,0.935120,0.622337,2350127
1978-08-15,0.935120,0.940258,0.922275,0.940258,0.625757,3245413
1978-08-16,0.940258,0.955672,0.937689,0.955672,0.636015,2895084
1978-08-17,0.955672,0.968517,0.950534,0.950534,0.632595,5532286
1978-08-18,0.950534,0.963379,0.947965,0.955672,0.636015,3430309
1978-08-21,0.953103,0.953103,0.919706,0.919706,0.612079,4744045
1978-08-22,0.919706,0.932551,0.914568,0.927413,0.617208,1921946
1978-08-23,0.932551,0.950534,0.932551,0.945396,0.629176,3853624
1978-08-24,0.945396,0.960810,0.942827,0.942827,0.627466,2340395
1978-08-25,0.942827,0.942827,0.932551,0.940258,0.625757,856361
1978-08-28,0.935120,0.935120,0.917137,0.919706,0.612079,1240750
1978-08-29,0.919706,0.919706,0.901723,0.904292,0.601820,1226153
1978-08-30,0.904292,0.914568,0.896585,0.906861,0.603530,2028991
1978-08-31,0.906861,0.914568,0.870895,0.883740,0.588143,1712722
1978-09-01,0.883740,0.901723,0.883740,0.886309,0.589853,1897618
1978-09-05,0.886309,0.896585,0.881171,0.888878,0.591562,1381855
1978-09-06,0.899154,0.924844,0.899154,0.914568,0.608659,2938875
1978-09-07,0.914568,0.922275,0.894016,0.899154,0.598401,1036391
1978-09-08,0.911999,0.927413,0.911999,0.927413,0.617208,2306336
1978-09-11,0.929982,0.955672,0.929982,0.932551,0.620627,1834364
1978-09-12,0.932551,0.942827,0.919706,0.935120,0.622337,1484034
1978-09-13,0.935120,0.940258,0.919706,0.919706,0.612079,3294070
1978-09-14,0.919706,0.924844,0.904292,0.904292,0.601820,2126305
1978-09-15,0.904292,0.904292,0.888878,0.904292,0.601820,3011860
1978-09-18,0.904292,0.914568,0.873464,0.873464,0.581304,3240547
1978-09-19,0.870895,0.870895,0.852911,0.858049,0.571045,3454638
1978-09-20,0.858049,0.860618,0.834928,0.842635,0.560787,2087380
1978-09-21,0.837497,0.837497,0.816945,0.827221,0.550528,4019057
1978-09-22,0.829790,0.840066,0.829790,0.837497,0.557368,3401115
1978-09-25,0.837497,0.837497,0.829790,0.834928,0.555658,885555
1978-09-26,0.834928,0.858049,0.834928,0.855480,0.569336,1328332
1978-09-27,0.855480,0.868326,0.842635,0.842635,0.560787,3104308
1978-09-28,0.842635,0.863188,0.837497,0.863188,0.574465,1518094
1978-09-29,0.863188,0.881171,0.858049,0.876033,0.583014,1313735
1978-10-02,0.876033,0.888878,0.873464,0.881171,0.586433,1055854
1978-10-03,0.881171,0.883740,0.858049,0.860618,0.572755,1464572
1978-10-04,0.860618,0.873464,0.855480,0.868326,0.577885,1216422
1978-10-05,0.868326,0.883740,0.868326,0.878602,0.584724,10261733
1978-10-06,0.878602,0.891447,0.878602,0.878602,0.584724,3002129
1978-10-09,0.878602,0.891447,0.878602,0.888878,0.591562,1839230
1978-10-10,0.888878,0.891447,0.878602,0.878602,0.584724,1367258
1978-10-11,0.878602,0.888878,0.873464,0.888878,0.591562,1503497
1978-10-12,0.891447,0.914568,0.891447,0.901723,0.600111,4992195
1978-10-13,0.891447,0.891447,0.886309,0.888878,0.591562,1863558
1978-10-16,0.888878,0.891447,0.873464,0.873464,0.581304,5313330
1978-10-17,0.863188,0.863188,0.840066,0.845204,0.562496,4374252
1978-10-18,0.845204,0.852911,0.840066,0.842635,0.560787,4369387
1978-10-19,0.842635,0.850342,0.842635,0.842635,0.560787,2423112
1978-10-20,0.837497,0.837497,0.816945,0.822083,0.547109,7006589
1978-10-23,0.819514,0.819514,0.801531,0.806669,0.536851,5561480
1978-10-24,0.806669,0.816945,0.801531,0.801531,0.533431,2758844
1978-10-25,0.801531,0.809238,0.793824,0.793824,0.528302,2729650
1978-10-26,0.791255,0.791255,0.770703,0.780979,0.519754,2904815
1978-10-27,0.780979,0.780979,0.750151,0.750151,0.499237,2773441
1978-10-30,0.750151,0.770703,0.729599,0.768134,0.511205,4836493
1978-10-31,0.768134,0.773272,0.742444,0.742444,0.494108,2530157
1978-11-01,0.757858,0.791255,0.757858,0.791255,0.526593,3892549
1978-11-02,0.791255,0.827221,0.791255,0.801531,0.533431,4165028
1978-11-03,0.801531,0.806669,0.786117,0.791255,0.526593,4057983
1978-11-06,0.788686,0.788686,0.762996,0.762996,0.507786,501166
1978-11-07,0.760427,0.760427,0.742444,0.752720,0.500947,1741916
1978-11-08,0.752720,0.770703,0.750151,0.770703,0.512915,1630005
1978-11-09,0.770703,0.786117,0.765565,0.780979,0.519754,1727319
1978-11-10,0.780979,0.786117,0.773272,0.780979,0.519754,1484034
1978-11-13,0.780979,0.783548,0.755289,0.755289,0.502657,2442575
1978-11-14,0.755289,0.765565,0.739875,0.750151,0.499237,2136036
1978-11-15,0.750151,0.765565,0.750151,0.752720,0.500947,3454638
1978-11-16,0.760427,0.773272,0.760427,0.762996,0.507786,2038723
1978-11-17,0.762996,0.770703,0.762996,0.768134,0.511205,2486366
1978-11-20,0.768134,0.780979,0.768134,0.775841,0.516334,807704
1978-11-21,0.775841,0.783548,0.768134,0.775841,0.516334,1269944
1978-11-22,0.775841,0.783548,0.773272,0.783548,0.521464,929346
1978-11-24,0.783548,0.786117,0.775841,0.786117,0.523173,423315
1978-11-27,0.786117,0.801531,0.783548,0.796393,0.530012,1362392
1978-11-28,0.796393,0.798962,0.778410,0.778410,0.518044,1109377
1978-11-29,0.778410,0.786117,0.762996,0.770703,0.512915,3191891
1978-11-30,0.770703,0.786117,0.770703,0.780979,0.519754,1819767
1978-12-01,0.783548,0.804100,0.783548,0.804100,0.535141,3079980
1978-12-04,0.804100,0.809238,0.796393,0.804100,0.535141,1824633
1978-12-05,0.804100,0.829790,0.793824,0.829790,0.552238,2719919
1978-12-06,0.829790,0.829790,0.811807,0.816945,0.543690,2335530
1978-12-07,0.816945,0.822083,0.804100,0.806669,0.536851,1819767
1978-12-08,0.806669,0.814376,0.796393,0.806669,0.536851,841764
1978-12-11,0.806669,0.824652,0.798962,0.816945,0.543690,2106842
1978-12-12,0.816945,0.822083,0.809238,0.811807,0.540270,1917081
1978-12-13,0.811807,0.819514,0.801531,0.806669,0.536851,1474303
1978-12-14,0.806669,0.816945,0.806669,0.816945,0.543690,1172631
1978-12-15,0.816945,0.819514,0.811807,0.814376,0.541980,3187025
1978-12-18,0.783548,0.783548,0.768134,0.775841,0.516334,4427775
1978-12-19,0.775841,0.788686,0.773272,0.775841,0.516334,2486366
1978-12-20,0.775841,0.786117,0.773272,0.780979,0.519754,4057983
1978-12-21,0.780979,0.793824,0.778410,0.778410,0.518044,1805170
1978-12-22,0.778410,0.798962,0.773272,0.796393,0.530012,968272
1978-12-26,0.796393,0.822083,0.793824,0.822083,0.547109,958540
1978-12-27,0.822083,0.822083,0.811807,0.819514,0.545399,2384187
1978-12-28,0.819514,0.832359,0.816945,0.822083,0.547109,2549620
1978-12-29,0.822083,0.829790,0.819514,0.824652,0.548819,1887886
1979-01-02,0.824652,0.827221,0.811807,0.827221,0.550528,1571617
1979-01-03,0.827221,0.850342,0.824652,0.850342,0.565916,4014192
1979-01-04,0.855480,0.873464,0.855480,0.865757,0.576175,5035986
1979-01-05,0.865757,0.868326,0.858049,0.863188,0.574465,3581145
1979-01-08,0.858049,0.858049,0.852911,0.858049,0.571045,2651799
1979-01-09,0.858049,0.878602,0.858049,0.870895,0.579594,3274607
1979-01-10,0.865757,0.865757,0.847773,0.852911,0.567626,2807501
1979-01-11,0.852911,0.883740,0.852911,0.883740,0.588143,3201622
1979-01-12,0.886309,0.901723,0.886309,0.899154,0.598401,4310998
1979-01-15,0.899154,0.906861,0.888878,0.904292,0.601820,1936543
1979-01-16,0.899154,0.899154,0.883740,0.888878,0.591562,3167562
1979-01-17,0.886309,0.886309,0.863188,0.883740,0.588143,2817233
1979-01-18,0.883740,0.888878,0.881171,0.888878,0.591562,2024126
1979-01-19,0.888878,0.899154,0.883740,0.886309,0.589853,2500963
1979-01-22,0.886309,0.894016,0.883740,0.894016,0.594982,1688393
1979-01-23,0.894016,0.896585,0.881171,0.886309,0.589853,1508363
1979-01-24,0.886309,0.891447,0.873464,0.883740,0.588143,2301470
1979-01-25,0.883740,0.891447,0.881171,0.883740,0.588143,7016320
1979-01-26,0.888878,0.901723,0.888878,0.896585,0.596691,4062848
1979-01-29,0.896585,0.901723,0.886309,0.886309,0.589853,2038723
1979-01-30,0.886309,0.894016,0.878602,0.878602,0.584724,2919412
1979-01-31,0.878602,0.881171,0.847773,0.850342,0.565916,2471769
1979-02-01,0.850342,0.852911,0.840066,0.842635,0.560787,4252610
1979-02-02,0.842635,0.847773,0.814376,0.819514,0.545399,2690725
1979-02-05,0.819514,0.819514,0.798962,0.801531,0.533431,4004460
1979-02-06,0.801531,0.814376,0.798962,0.806669,0.536851,2554486
1979-02-07,0.804100,0.804100,0.775841,0.780979,0.519754,3449772
1979-02-08,0.780979,0.788686,0.778410,0.786117,0.523173,2836695
1979-02-09,0.786117,0.788686,0.775841,0.780979,0.519754,2992397
1979-02-12,0.780979,0.793824,0.773272,0.788686,0.524883,1372124
1979-02-13,0.793824,0.814376,0.793824,0.806669,0.536851,2286873
1979-02-14,0.806669,0.816945,0.804100,0.809238,0.538560,1737050
1979-02-15,0.809238,0.809238,0.801531,0.804100,0.535141,885555
1979-02-16,0.804100,0.809238,0.801531,0.801531,0.533431,982869
1979-02-20,0.804100,0.814376,0.804100,0.811807,0.540270,1391586
1979-02-21,0.811807,0.814376,0.801531,0.801531,0.533431,1883021
1979-02-22,0.801531,0.804100,0.788686,0.796393,0.530012,2106842
1979-02-23,0.796393,0.796393,0.780979,0.783548,0.521464,2277141
1979-02-26,0.783548,0.788686,0.778410,0.780979,0.519754,1727319
1979-02-27,0.775841,0.775841,0.760427,0.760427,0.506076,2155499
1979-02-28,0.760427,0.768134,0.755289,0.762996,0.507786,1586214
1979-03-01,0.762996,0.762996,0.752720,0.760427,0.506076,1406183
1979-03-02,0.760427,0.765565,0.755289,0.755289,0.502657,1050988
1979-03-05,0.755289,0.778410,0.750151,0.765565,0.509496,8772833
1979-03-06,0.765565,0.770703,0.750151,0.752720,0.500947,2384187
1979-03-07,0.752720,0.760427,0.747582,0.760427,0.506076,5186822
1979-03-08,0.760427,0.770703,0.757858,0.765565,0.509496,2320933
1979-03-09,0.773272,0.786117,0.773272,0.780979,0.519754,6179422
1979-03-12,0.780979,0.786117,0.768134,0.783548,0.521464,3551951
1979-03-13,0.783548,0.791255,0.778410,0.786117,0.523173,4057983
1979-03-14,0.786117,0.786117,0.773272,0.783548,0.521464,2389052
1979-03-15,0.783548,0.783548,0.768134,0.768134,0.511205,2904815
1979-03-16,0.768134,0.778410,0.760427,0.773272,0.514625,6923872
1979-03-19,0.773272,0.775841,0.762996,0.765565,0.509496,4549417
1979-03-20,0.765565,0.770703,0.755289,0.755289,0.502657,18499341
1979-03-21,0.755289,0.780979,0.755289,0.780979,0.519754,3965535
1979-03-22,0.786117,0.806669,0.786117,0.788686,0.524883,6554080
1979-03-23,0.788686,0.798962,0.786117,0.786117,0.523173,2170096
1979-03-26,0.786117,0.791255,0.775841,0.775841,0.516334,880689
1979-03-27,0.775841,0.791255,0.775841,0.791255,0.526593,2155499
1979-03-28,0.791255,0.791255,0.783548,0.791255,0.526593,2899949
1979-03-29,0.796393,0.811807,0.796393,0.806669,0.536851,2788039
1979-03-30,0.806669,0.816945,0.804100,0.806669,0.536851,1522960
1979-04-02,0.793824,0.793824,0.786117,0.786117,0.523173,1119108
1979-04-03,0.788686,0.809238,0.788686,0.806669,0.536851,2106842
1979-04-04,0.811807,0.827221,0.811807,0.814376,0.541980,2199290
1979-04-05,0.814376,0.824652,0.814376,0.819514,0.545399,2792904
1979-04-06,0.819514,0.822083,0.814376,0.814376,0.541980,2126305
1979-04-09,0.814376,0.816945,0.801531,0.806669,0.536851,1342930
1979-04-10,0.806669,0.816945,0.801531,0.804100,0.535141,4491029
1979-04-11,0.809238,0.829790,0.809238,0.816945,0.543690,2768576
1979-04-12,0.816945,0.819514,0.801531,0.819514,0.545399,2155499
1979-04-16,0.806669,0.806669,0.796393,0.796393,0.530012,3284339
1979-04-17,0.796393,0.801531,0.780979,0.780979,0.519754,2744247
1979-04-18,0.780979,0.809238,0.780979,0.783548,0.521464,1046123
1979-04-19,0.783548,0.788686,0.768134,0.770703,0.512915,3148099
1979-04-20,0.770703,0.780979,0.765565,0.773272,0.514625,1659199
1979-04-23,0.773272,0.775841,0.770703,0.775841,0.516334,2598277
1979-04-24,0.775841,0.786117,0.773272,0.780979,0.519754,1795438
1979-04-25,0.780979,0.791255,0.775841,0.783548,0.521464,2199290
1979-04-26,0.783548,0.796393,0.778410,0.786117,0.523173,2170096
1979-04-27,0.783548,0.783548,0.775841,0.778410,0.518044,1187228
1979-04-30,0.778410,0.780979,0.768134,0.775841,0.516334,1401318
1979-05-01,0.775841,0.775841,0.765565,0.768134,0.511205,2024126
1979-05-02,0.765565,0.765565,0.755289,0.755289,0.502657,3999595
1979-05-03,0.755289,0.755289,0.742444,0.745013,0.495818,2213887
1979-05-04,0.745013,0.745013,0.734737,0.734737,0.488979,4053117
1979-05-07,0.734737,0.734737,0.711616,0.711616,0.473592,4520223
1979-05-08,0.711616,0.714185,0.703909,0.706478,0.470172,4116371
1979-05-09,0.706478,0.709047,0.693633,0.701340,0.466753,2228485
1979-05-10,0.701340,0.706478,0.678219,0.680788,0.453075,3819564
1979-05-11,0.680788,0.688495,0.678219,0.688495,0.458204,2914546
1979-05-14,0.688495,0.693633,0.683357,0.691064,0.459914,1357527
1979-05-15,0.691064,0.709047,0.691064,0.693633,0.461624,1440243
1979-05-16,0.693633,0.709047,0.693633,0.703909,0.468462,1620274
1979-05-17,0.706478,0.721892,0.706478,0.719323,0.478721,1863558
1979-05-18,0.724461,0.734737,0.724461,0.724461,0.482140,2763710
1979-05-21,0.724461,0.737306,0.719323,0.734737,0.488979,2053320
1979-05-22,0.732168,0.732168,0.719323,0.727030,0.483850,2184693
1979-05-23,0.727030,0.727030,0.693633,0.693633,0.461624,4544551
1979-05-24,0.693633,0.706478,0.691064,0.701340,0.466753,1717587
1979-05-25,0.701340,0.709047,0.701340,0.703909,0.468462,1338064
1979-05-29,0.703909,0.711616,0.701340,0.706478,0.470172,2666396
1979-05-30,0.706478,0.714185,0.703909,0.706478,0.470172,2749113
1979-05-31,0.706478,0.706478,0.701340,0.703909,0.468462,2379321
1979-06-01,0.703909,0.709047,0.701340,0.706478,0.470172,3639534
1979-06-04,0.706478,0.709047,0.706478,0.709047,0.471882,2753979
1979-06-05,0.709047,0.727030,0.706478,0.727030,0.483850,2038723
1979-06-06,0.734737,0.745013,0.734737,0.745013,0.495818,2257679
1979-06-07,0.745013,0.750151,0.745013,0.745013,0.495818,1727319
1979-06-08,0.745013,0.747582,0.739875,0.745013,0.495818,2413381
1979-06-11,0.745013,0.747582,0.742444,0.745013,0.495818,754181
1979-06-12,0.745013,0.760427,0.745013,0.752720,0.500947,2938875
1979-06-13,0.752720,0.752720,0.745013,0.745013,0.495818,1785707
1979-06-14,0.739875,0.739875,0.729599,0.734737,0.488979,1717587
1979-06-15,0.734737,0.737306,0.724461,0.727030,0.483850,759047
1979-06-18,0.727030,0.732168,0.724461,0.724461,0.482140,783376
1979-06-19,0.724461,0.732168,0.724461,0.729599,0.485560,1367258
1979-06-20,0.729599,0.734737,0.727030,0.727030,0.483850,1839230
1979-06-21,0.727030,0.737306,0.727030,0.732168,0.487269,2729650
1979-06-22,0.732168,0.745013,0.729599,0.732168,0.487269,1951140
1979-06-25,0.732168,0.732168,0.716754,0.721892,0.480431,2101977
1979-06-26,0.716754,0.716754,0.701340,0.701340,0.466753,2296604
1979-06-27,0.701340,0.714185,0.701340,0.709047,0.471882,1323467
1979-06-28,0.709047,0.714185,0.701340,0.709047,0.471882,1780841
1979-06-29,0.709047,0.709047,0.693633,0.693633,0.461624,2432843
1979-07-02,0.693633,0.696202,0.691064,0.696202,0.463333,1644602
1979-07-03,0.696202,0.701340,0.688495,0.696202,0.463333,2097111
1979-07-05,0.696202,0.703909,0.693633,0.696202,0.463333,1741916
1979-07-06,0.696202,0.701340,0.696202,0.701340,0.466753,958540
1979-07-09,0.709047,0.716754,0.709047,0.711616,0.473592,4174759
1979-07-10,0.711616,0.724461,0.709047,0.724461,0.482140,2106842
1979-07-11,0.724461,0.734737,0.711616,0.727030,0.483850,2423112
1979-07-12,0.727030,0.739875,0.721892,0.739875,0.492398,7692651
1979-07-13,0.739875,0.739875,0.727030,0.732168,0.487269,8427369
1979-07-16,0.729599,0.729599,0.721892,0.724461,0.482140,1722453
1979-07-17,0.724461,0.727030,0.716754,0.719323,0.478721,3892549
1979-07-18,0.719323,0.750151,0.711616,0.750151,0.499237,11633857
1979-07-19,0.750151,0.755289,0.734737,0.734737,0.488979,3167562
1979-07-20,0.734737,0.739875,0.732168,0.734737,0.488979,1630005
1979-07-23,0.734737,0.742444,0.734737,0.737306,0.490688,1396452
1979-07-24,0.737306,0.757858,0.737306,0.750151,0.499237,2374455
1979-07-25,0.752720,0.762996,0.752720,0.755289,0.502657,2136036
1979-07-26,0.755289,0.780979,0.750151,0.773272,0.514625,3483832
1979-07-27,0.773272,0.773272,0.760427,0.773272,0.514625,1138571
1979-07-30,0.773272,0.796393,0.773272,0.796393,0.530012,2126305
1979-07-31,0.796393,0.814376,0.796393,0.809238,0.538560,4782970
1979-08-01,0.809238,0.822083,0.806669,0.816945,0.543690,7527217
1979-08-02,0.816945,0.827221,0.814376,0.816945,0.543690,5829093
1979-08-03,0.816945,0.822083,0.809238,0.816945,0.543690,2719919
1979-08-06,0.816945,0.834928,0.809238,0.834928,0.555658,2505829
1979-08-07,0.834928,0.858049,0.824652,0.852911,0.567626,5580943
1979-08-08,0.855480,0.873464,0.855480,0.863188,0.574465,7128231
1979-08-09,0.860618,0.860618,0.847773,0.850342,0.565916,2788039
1979-08-10,0.850342,0.858049,0.845204,0.850342,0.565916,2705322
1979-08-13,0.850342,0.860618,0.834928,0.840066,0.559077,2846427
1979-08-14,0.840066,0.840066,0.829790,0.834928,0.555658,1956006
1979-08-15,0.834928,0.855480,0.827221,0.855480,0.569336,3347592
1979-08-16,0.855480,0.860618,0.842635,0.842635,0.560787,2919412
1979-08-17,0.842635,0.842635,0.829790,0.840066,0.559077,1289407
1979-08-20,0.834928,0.834928,0.822083,0.827221,0.550528,2651799
1979-08-21,0.827221,0.832359,0.824652,0.827221,0.550528,2846427
1979-08-22,0.827221,0.827221,0.816945,0.824652,0.548819,1741916
1979-08-23,0.824652,0.829790,0.819514,0.819514,0.545399,1245616
1979-08-24,0.816945,0.816945,0.809238,0.811807,0.540270,929346
1979-08-27,0.816945,0.832359,0.816945,0.822083,0.547109,1756513
1979-08-28,0.822083,0.829790,0.819514,0.824652,0.548819,1231019
1979-08-29,0.824652,0.829790,0.822083,0.827221,0.550528,1357527
1979-08-30,0.827221,0.827221,0.822083,0.824652,0.548819,1785707
1979-08-31,0.824652,0.832359,0.822083,0.822083,0.547109,778510
1979-09-04,0.822083,0.829790,0.822083,0.822083,0.547109,2345261
1979-09-05,0.811807,0.811807,0.801531,0.806669,0.536851,1561885
1979-09-06,0.806669,0.822083,0.801531,0.814376,0.541980,2807501
1979-09-07,0.814376,0.829790,0.809238,0.829790,0.552238,1883021
1979-09-10,0.827221,0.827221,0.822083,0.824652,0.548819,836898
1979-09-11,0.824652,0.827221,0.819514,0.822083,0.547109,1231019
1979-09-12,0.822083,0.829790,0.814376,0.829790,0.552238,3245413
1979-09-13,0.829790,0.845204,0.829790,0.837497,0.557368,1960872
1979-09-14,0.837497,0.860618,0.832359,0.852911,0.567626,2413381
1979-09-17,0.852911,0.868326,0.847773,0.847773,0.564206,1133705
1979-09-18,0.847773,0.852911,0.837497,0.842635,0.560787,2014394
1979-09-19,0.834928,0.834928,0.822083,0.822083,0.547109,4432641
1979-09-20,0.822083,0.832359,0.814376,0.832359,0.553948,5206285
1979-09-21,0.832359,0.834928,0.824652,0.832359,0.553948,3590877
1979-09-24,0.829790,0.829790,0.822083,0.824652,0.548819,2247947
1979-09-25,0.824652,0.832359,0.822083,0.832359,0.553948,2072783
1979-09-26,0.832359,0.840066,0.827221,0.829790,0.552238,1552154
1979-09-27,0.829790,0.832359,0.822083,0.832359,0.553948,841764
1979-09-28,0.832359,0.832359,0.824652,0.827221,0.550528,2252813
1979-10-01,0.822083,0.822083,0.816945,0.816945,0.543690,1664065
1979-10-02,0.816945,0.819514,0.806669,0.814376,0.541980,1571617
1979-10-03,0.814376,0.816945,0.806669,0.809238,0.538560,1430512
1979-10-04,0.809238,0.814376,0.804100,0.811807,0.540270,1805170
1979-10-05,0.811807,0.819514,0.806669,0.814376,0.541980,1771110
1979-10-08,0.814376,0.814376,0.811807,0.811807,0.540270,1805170
1979-10-09,0.811807,0.811807,0.793824,0.796393,0.530012,3055651
1979-10-10,0.796393,0.806669,0.768134,0.806669,0.536851,5473898
1979-10-11,0.801531,0.801531,0.780979,0.791255,0.526593,1951140
1979-10-12,0.791255,0.796393,0.788686,0.788686,0.524883,1182362
1979-10-15,0.788686,0.796393,0.778410,0.788686,0.524883,2442575
1979-10-16,0.788686,0.788686,0.778410,0.788686,0.524883,1016929
1979-10-17,0.788686,0.793824,0.786117,0.791255,0.526593,822301
1979-10-18,0.788686,0.788686,0.780979,0.783548,0.521464,851495
1979-10-19,0.780979,0.780979,0.762996,0.762996,0.507786,1625139
1979-10-22,0.760427,0.760427,0.742444,0.757858,0.504366,2136036
1979-10-23,0.757858,0.770703,0.752720,0.755289,0.502657,3444906
1979-10-24,0.755289,0.770703,0.752720,0.755289,0.502657,1775976
1979-10-25,0.755289,0.765565,0.755289,0.757858,0.504366,1260213
1979-10-26,0.757858,0.768134,0.755289,0.765565,0.509496,1055854
1979-10-29,0.765565,0.770703,0.760427,0.760427,0.506076,729853
1979-10-30,0.760427,0.775841,0.757858,0.775841,0.516334,1848961
1979-10-31,0.773272,0.773272,0.760427,0.762996,0.507786,773644
1979-11-01,0.762996,0.762996,0.752720,0.760427,0.506076,2306336
1979-11-02,0.760427,0.765565,0.752720,0.762996,0.507786,544957
1979-11-05,0.760427,0.760427,0.752720,0.752720,0.500947,1089914
1979-11-06,0.750151,0.750151,0.742444,0.745013,0.495818,6091840
1979-11-07,0.739875,0.739875,0.729599,0.734737,0.488979,3624937
1979-11-08,0.734737,0.750151,0.734737,0.747582,0.497528,5994526
1979-11-09,0.747582,0.757858,0.747582,0.755289,0.502657,2155499
1979-11-12,0.755289,0.768134,0.752720,0.768134,0.511205,2539888
1979-11-13,0.762996,0.762996,0.755289,0.755289,0.502657,2262544
1979-11-14,0.755289,0.760427,0.745013,0.760427,0.506076,4456969
1979-11-15,0.760427,0.768134,0.755289,0.760427,0.506076,832032
1979-11-16,0.760427,0.765565,0.750151,0.752720,0.500947,2009529
1979-11-19,0.755289,0.765565,0.755289,0.757858,0.504366,3999595
1979-11-20,0.757858,0.765565,0.750151,0.750151,0.499237,2632337
1979-11-21,0.750151,0.765565,0.747582,0.765565,0.509496,4792701
1979-11-23,0.765565,0.780979,0.760427,0.778410,0.518044,1829498
1979-11-26,0.780979,0.811807,0.780979,0.806669,0.536851,1805170
1979-11-27,0.806669,0.816945,0.798962,0.814376,0.541980,3191891
1979-11-28,0.814376,0.822083,0.801531,0.814376,0.541980,3683325
1979-11-29,0.814376,0.824652,0.804100,0.811807,0.540270,3970400
1979-11-30,0.811807,0.816945,0.809238,0.811807,0.540270,1668931
1979-12-03,0.811807,0.837497,0.809238,0.827221,0.550528,1693259
1979-12-04,0.829790,0.847773,0.829790,0.840066,0.559077,1965737
1979-12-05,0.840066,0.852911,0.840066,0.842635,0.560787,5396047
1979-12-06,0.842635,0.845204,0.832359,0.837497,0.557368,2233350
1979-12-07,0.837497,0.852911,0.824652,0.824652,0.548819,3532489
1979-12-10,0.824652,0.832359,0.814376,0.829790,0.552238,4276939
1979-12-11,0.829790,0.842635,0.824652,0.837497,0.557368,2296604
1979-12-12,0.837497,0.868326,0.832359,0.863188,0.574465,4218550
1979-12-13,0.863188,0.899154,0.863188,0.899154,0.598401,6807096
1979-12-14,0.899154,0.911999,0.888878,0.904292,0.601820,4111505
1979-12-17,0.904292,0.911999,0.894016,0.899154,0.598401,5084643
1979-12-18,0.894016,0.894016,0.858049,0.858049,0.571045,2028991
1979-12-19,0.858049,0.865757,0.834928,0.865757,0.576175,6213482
1979-12-20,0.865757,0.891447,0.865757,0.891447,0.593272,7546680
1979-12-21,0.891447,0.896585,0.878602,0.883740,0.588143,4374252
1979-12-24,0.883740,0.883740,0.873464,0.881171,0.586433,3931475
1979-12-26,0.881171,0.909430,0.876033,0.909430,0.605240,5279270
1979-12-27,0.909430,0.927413,0.909430,0.919706,0.612079,6651394
1979-12-28,0.922275,0.935120,0.922275,0.927413,0.617208,9629194
1979-12-31,0.927413,0.929982,0.919706,0.922275,0.613789,2880487
1980-01-02,0.922275,0.924844,0.894016,0.894016,0.594982,7288799
1980-01-03,0.891447,0.891447,0.852911,0.883740,0.588143,9789762
1980-01-04,0.886309,0.899154,0.886309,0.894016,0.594982,4666194
1980-01-07,0.894016,0.901723,0.886309,0.896585,0.596691,5065180
1980-01-08,0.896585,0.924844,0.888878,0.914568,0.608659,5386315
1980-01-09,0.914568,0.945396,0.894016,0.909430,0.605240,5707451
1980-01-10,0.909430,0.935120,0.899154,0.924844,0.615498,5717182
1980-01-11,0.924844,0.940258,0.924844,0.924844,0.615498,3002129
1980-01-14,0.924844,0.929982,0.911999,0.917137,0.610369,2325798
1980-01-15,0.917137,0.932551,0.906861,0.924844,0.615498,4510492
1980-01-16,0.932551,0.960810,0.932551,0.940258,0.625757,6661125
1980-01-17,0.940258,0.968517,0.935120,0.965948,0.642854,7269336
1980-01-18,0.965948,0.971086,0.963379,0.968517,0.644563,6028586
1980-01-21,0.968517,0.989069,0.958241,0.981362,0.653112,6262139
1980-01-22,0.981362,0.983931,0.955672,0.955672,0.636015,2968069
1980-01-23,0.955672,0.965948,0.950534,0.958241,0.637724,3172428
1980-01-24,0.960810,0.973655,0.960810,0.965948,0.642854,6490826
1980-01-25,0.965948,0.976224,0.963379,0.976224,0.649692,5108971
1980-01-28,0.976224,0.978793,0.965948,0.965948,0.642854,5955601
1980-01-29,0.965948,0.973655,0.953103,0.958241,0.637724,4199088
1980-01-30,0.958241,0.965948,0.955672,0.963379,0.641144,1031526
1980-01-31,0.963379,0.976224,0.953103,0.958241,0.637724,5960466
1980-02-01,0.953103,0.953103,0.942827,0.953103,0.634305,2291738
1980-02-04,0.953103,0.958241,0.940258,0.942827,0.627466,2092245
1980-02-05,0.935120,0.935120,0.924844,0.932551,0.620627,2943740
1980-02-06,0.929982,0.929982,0.911999,0.911999,0.606950,2890218
1980-02-07,0.911999,0.919706,0.904292,0.909430,0.605240,4729448
1980-02-08,0.901723,0.901723,0.894016,0.899154,0.598401,2131171
1980-02-11,0.899154,0.904292,0.891447,0.896585,0.596691,5785302
1980-02-12,0.896585,0.924844,0.891447,0.924844,0.615498,3367055
1980-02-13,0.953103,0.968517,0.953103,0.955672,0.636015,4155297
1980-02-14,0.955672,0.960810,0.935120,0.937689,0.624047,4690522
1980-02-15,0.935120,0.935120,0.917137,0.927413,0.617208,2140902
1980-02-19,0.927413,0.929982,0.919706,0.929982,0.618917,1941409
1980-02-20,0.929982,0.945396,0.927413,0.945396,0.629176,3289204
1980-02-21,0.945396,0.955672,0.932551,0.947965,0.630885,1318601
1980-02-22,0.935120,0.935120,0.919706,0.924844,0.615498,1917081
1980-02-25,0.922275,0.922275,0.906861,0.909430,0.605240,2272276
1980-02-26,0.909430,0.911999,0.906861,0.909430,0.605240,1557020
1980-02-27,0.909430,0.911999,0.896585,0.896585,0.596691,3308667
1980-02-28,0.896585,0.899154,0.881171,0.881171,0.586433,2690725
1980-02-29,0.883740,0.896585,0.883740,0.891447,0.593272,2895084
1980-03-03,0.896585,0.911999,0.896585,0.904292,0.601820,1630005
1980-03-04,0.906861,0.942827,0.906861,0.929982,0.618917,4456969
1980-03-05,0.927413,0.927413,0.906861,0.909430,0.605240,2427978
1980-03-06,0.894016,0.894016,0.870895,0.883740,0.588143,7994323
1980-03-07,0.883740,0.886309,0.868326,0.883740,0.588143,6009123
1980-03-10,0.883740,0.888878,0.863188,0.873464,0.581304,2690725
1980-03-11,0.883740,0.901723,0.883740,0.891447,0.593272,3070248
1980-03-12,0.891447,0.901723,0.883740,0.888878,0.591562,1693259
1980-03-13,0.888878,0.899154,0.883740,0.896585,0.596691,1810035
1980-03-14,0.888878,0.888878,0.878602,0.888878,0.591562,2330664
1980-03-17,0.888878,0.888878,0.873464,0.873464,0.581304,7595337
1980-03-18,0.873464,0.891447,0.865757,0.891447,0.593272,5459301
1980-03-19,0.891447,0.899154,0.881171,0.883740,0.588143,1318601
1980-03-20,0.883740,0.886309,0.865757,0.865757,0.576175,1503497
1980-03-21,0.868326,0.873464,0.868326,0.873464,0.581304,7283933
1980-03-24,0.873464,0.873464,0.840066,0.845204,0.562496,5381450
1980-03-25,0.845204,0.863188,0.840066,0.863188,0.574465,1732184
1980-03-26,0.863188,0.876033,0.863188,0.865757,0.576175,2525291
1980-03-27,0.863188,0.863188,0.832359,0.863188,0.574465,3347592
1980-03-28,0.863188,0.911999,0.863188,0.901723,0.600111,2934009
1980-03-31,0.901723,0.914568,0.894016,0.914568,0.608659,5561480
1980-04-01,0.914568,0.929982,0.904292,0.922275,0.613789,4831627
1980-04-02,0.922275,0.929982,0.919706,0.924844,0.615498,2792904
1980-04-03,0.924844,0.924844,0.896585,0.896585,0.596691,3371921
1980-04-07,0.896585,0.896585,0.858049,0.858049,0.571045,2919412
1980-04-08,0.858049,0.883740,0.847773,0.881171,0.586433,2856158
1980-04-09,0.888878,0.922275,0.888878,0.917137,0.610369,4413178
1980-04-10,0.929982,0.942827,0.929982,0.935120,0.622337,3746579
1980-04-11,0.935120,0.935120,0.909430,0.914568,0.608659,1591080
1980-04-14,0.914568,0.924844,0.904292,0.924844,0.615498,2452306
1980-04-15,0.924844,0.924844,0.906861,0.911999,0.606950,3070248
1980-04-16,0.911999,0.919706,0.886309,0.886309,0.589853,2749113
1980-04-17,0.886309,0.886309,0.876033,0.878602,0.584724,1381855
1980-04-18,0.878602,0.888878,0.870895,0.873464,0.581304,1085048
1980-04-21,0.873464,0.883740,0.865757,0.873464,0.581304,2028991
1980-04-22,0.899154,0.922275,0.899154,0.919706,0.612079,6967663
1980-04-23,0.919706,0.940258,0.878602,0.924844,0.615498,4427775
1980-04-24,0.924844,0.935120,0.917137,0.919706,0.612079,2393918
1980-04-25,0.919706,0.940258,0.914568,0.937689,0.624047,1255347
1980-04-28,0.937689,0.965948,0.932551,0.965948,0.642854,3337861
1980-04-29,0.965948,0.976224,0.960810,0.971086,0.646273,2705322
1980-04-30,0.965948,0.965948,0.945396,0.965948,0.642854,3157831
1980-05-01,0.963379,0.963379,0.940258,0.940258,0.625757,744450
1980-05-02,0.940258,0.945396,0.932551,0.935120,0.622337,2067917
1980-05-05,0.935120,0.950534,0.935120,0.940258,0.625757,3488697
1980-05-06,0.940258,0.960810,0.940258,0.942827,0.627466,6184288
1980-05-07,0.942827,0.955672,0.940258,0.950534,0.632595,5819361
1980-05-08,0.950534,0.950534,0.929982,0.940258,0.625757,7473695
1980-05-09,0.940258,0.945396,0.935120,0.945396,0.629176,1717587
1980-05-12,0.945396,0.986500,0.940258,0.983931,0.654822,7561277
1980-05-13,0.983931,0.994207,0.978793,0.994207,0.661661,8943132
1980-05-14,0.996776,1.027604,0.996776,1.022466,0.680467,12538875
1980-05-15,1.022466,1.043018,1.019897,1.025035,0.682177,4262342
1980-05-16,1.025035,1.032742,1.022466,1.030173,0.685596,6500558
1980-05-19,1.030173,1.030173,1.017328,1.025035,0.682177,4165028
1980-05-20,1.025035,1.027604,1.017328,1.025035,0.682177,3391384
1980-05-21,1.025035,1.032742,1.017328,1.027604,0.683887,5916675
1980-05-22,1.027604,1.058432,1.027604,1.048156,0.697564,3897415
1980-05-23,1.063570,1.084122,1.063570,1.073846,0.714661,5707451
1980-05-27,1.073846,1.073846,1.053294,1.061001,0.706113,4860821
1980-05-28,1.061001,1.061001,1.048156,1.055863,0.702694,3367055
1980-05-29,1.055863,1.055863,1.032742,1.032742,0.687306,2306336
1980-05-30,1.032742,1.035311,1.022466,1.030173,0.685596,5683122
1980-06-02,1.030173,1.043018,1.030173,1.040449,0.692435,2476635
1980-06-03,1.027604,1.027604,0.999345,0.999345,0.665080,13969387
1980-06-04,0.999345,1.027604,0.994207,1.027604,0.683887,13468221
1980-06-05,1.027604,1.032742,1.014759,1.014759,0.675338,2841561
1980-06-06,1.014759,1.027604,1.014759,1.025035,0.682177,2846427
1980-06-09,1.025035,1.030173,1.014759,1.027604,0.683887,1990066
1980-06-10,1.027604,1.037880,1.022466,1.037880,0.690725,3751445
1980-06-11,1.037880,1.055863,1.037880,1.053294,0.700984,8115966
1980-06-12,1.050725,1.050725,1.030173,1.037880,0.690725,2510694
1980-06-13,1.037880,1.040449,1.027604,1.035311,0.689016,2671262
1980-06-16,1.035311,1.035311,1.022466,1.032742,0.687306,2038723
1980-06-17,1.032742,1.032742,1.019897,1.022466,0.680467,2101977
1980-06-18,1.019897,1.019897,1.001914,1.007052,0.670209,3508160
1980-06-19,1.004483,1.004483,0.986500,0.986500,0.656531,1561885
1980-06-20,0.986500,0.994207,0.986500,0.989069,0.658241,1513229
1980-06-23,0.989069,0.991638,0.983931,0.983931,0.654822,1834364
1980-06-24,0.983931,1.001914,0.978793,0.996776,0.663370,2223619
1980-06-25,1.007052,1.027604,1.007052,1.027604,0.683887,3658996
1980-06-26,1.027604,1.032742,1.007052,1.009621,0.671919,1367258
1980-06-27,1.007052,1.007052,0.991638,0.999345,0.665080,1853827
1980-06-30,0.991638,0.991638,0.983931,0.986500,0.656531,4880284
1980-07-01,0.986500,0.996776,0.986500,0.996776,0.663370,1576483
1980-07-02,0.996776,0.999345,0.986500,0.989069,0.658241,4909478
1980-07-03,0.989069,0.994207,0.981362,0.991638,0.659950,4564014
1980-07-07,0.991638,1.007052,0.989069,1.007052,0.670209,3629802
1980-07-08,1.017328,1.030173,1.017328,1.017328,0.677048,9098834
1980-07-09,1.017328,1.032742,1.017328,1.017328,0.677048,5653928
1980-07-10,1.017328,1.025035,1.004483,1.004483,0.668499,5916675
1980-07-11,1.004483,1.012190,0.999345,1.012190,0.673628,2559351
1980-07-14,1.012190,1.045587,1.009621,1.045587,0.695855,4744045
1980-07-15,1.045587,1.053294,1.035311,1.040449,0.692435,7921338
1980-07-16,1.032742,1.032742,1.014759,1.019897,0.678757,15516675
1980-07-17,1.019897,1.032742,1.017328,1.027604,0.683887,5211151
1980-07-18,1.027604,1.045587,1.025035,1.035311,0.689016,5045717
1980-07-21,1.035311,1.040449,1.022466,1.040449,0.692435,4880284
1980-07-22,1.040449,1.040449,1.030173,1.032742,0.687306,1985200
1980-07-23,1.032742,1.035311,1.025035,1.027604,0.683887,1518094
1980-07-24,1.027604,1.032742,1.022466,1.027604,0.683887,2165231
1980-07-25,1.027604,1.032742,1.025035,1.032742,0.687306,3444906
1980-07-28,1.032742,1.037880,1.025035,1.025035,0.682177,1814901
1980-07-29,1.027604,1.048156,1.027604,1.037880,0.690725,2792904
1980-07-30,1.053294,1.073846,1.053294,1.066139,0.709532,6121034
1980-07-31,1.066139,1.099536,1.055863,1.089260,0.724920,3683325
1980-08-01,1.089260,1.091829,1.068708,1.084122,0.721500,6558946
1980-08-04,1.084122,1.086691,1.068708,1.076415,0.716371,2573948
1980-08-05,1.076415,1.089260,1.071277,1.084122,0.721500,3522757
1980-08-06,1.084122,1.089260,1.076415,1.089260,0.724920,1800304
1980-08-07,1.089260,1.099536,1.086691,1.094398,0.728339,4855955
1980-08-08,1.094398,1.107243,1.081553,1.081553,0.719790,4315864
1980-08-11,1.081553,1.104674,1.073846,1.086691,0.723210,3420578
1980-08-12,1.086691,1.086691,1.068708,1.073846,0.714661,3405981
1980-08-13,1.073846,1.078984,1.063570,1.068708,0.711242,3931475
1980-08-14,1.068708,1.081553,1.068708,1.078984,0.718081,3517892
1980-08-15,1.084122,1.094398,1.084122,1.089260,0.724920,1790573
1980-08-18,1.081553,1.081553,1.071277,1.076415,0.716371,2019260
1980-08-19,1.068708,1.068708,1.048156,1.053294,0.700984,1498632
1980-08-20,1.053294,1.068708,1.048156,1.061001,0.706113,1873289
1980-08-21,1.061001,1.061001,1.048156,1.053294,0.700984,2817233
1980-08-22,1.061001,1.073846,1.061001,1.061001,0.706113,1878155
1980-08-25,1.061001,1.068708,1.053294,1.055863,0.702694,4223416
1980-08-26,1.055863,1.066139,1.048156,1.055863,0.702694,1790573
1980-08-27,1.048156,1.048156,1.040449,1.048156,0.697564,2311201
1980-08-28,1.045587,1.045587,1.037880,1.037880,0.690725,2364724
1980-08-29,1.037880,1.037880,1.019897,1.025035,0.682177,6991992
1980-09-02,1.025035,1.027604,1.019897,1.022466,0.680467,3177293
1980-09-03,1.022466,1.027604,1.017328,1.022466,0.680467,9322656
1980-09-04,1.022466,1.022466,0.981362,0.986500,0.656531,6656260
1980-09-05,0.986500,0.991638,0.950534,0.963379,0.641144,9186417
1980-09-08,0.963379,0.976224,0.960810,0.965948,0.642854,4982463
1980-09-09,0.965948,0.976224,0.958241,0.976224,0.649692,8694982
1980-09-10,0.978793,0.991638,0.978793,0.983931,0.654822,7575874
1980-09-11,0.983931,0.986500,0.976224,0.981362,0.653112,2350127
1980-09-12,0.981362,0.981362,0.973655,0.973655,0.647983,1123974
1980-09-15,0.973655,0.986500,0.968517,0.981362,0.653112,6646528
1980-09-16,0.983931,1.007052,0.983931,1.001914,0.666790,5678256
1980-09-17,1.001914,1.022466,1.001914,1.017328,0.677048,7556412
1980-09-18,1.019897,1.030173,1.019897,1.025035,0.682177,3766042
1980-09-19,1.025035,1.048156,1.017328,1.030173,0.685596,5780436
1980-09-22,1.030173,1.040449,1.022466,1.035311,0.689016,4564014
1980-09-23,1.032742,1.032742,1.019897,1.019897,0.678757,3970400
1980-09-24,1.019897,1.022466,1.001914,1.009621,0.671919,6884947
1980-09-25,1.009621,1.019897,0.999345,1.007052,0.670209,4150431
1980-09-26,0.996776,0.996776,0.986500,0.989069,0.658241,7016320
1980-09-29,0.981362,0.981362,0.965948,0.971086,0.646273,10475824
1980-09-30,0.971086,0.976224,0.968517,0.971086,0.646273,4140699
1980-10-01,0.971086,0.978793,0.960810,0.978793,0.651402,12217739
1980-10-02,0.978793,0.981362,0.958241,0.965948,0.642854,2330664
1980-10-03,0.965948,0.986500,0.963379,0.981362,0.653112,2491232
1980-10-06,0.981362,0.989069,0.968517,0.976224,0.649692,3128637
1980-10-07,0.976224,0.978793,0.968517,0.971086,0.646273,4549417
1980-10-08,0.971086,0.978793,0.960810,0.973655,0.647983,6549214
1980-10-09,0.965948,0.965948,0.945396,0.950534,0.632595,6782767
1980-10-10,0.950534,0.955672,0.924844,0.927413,0.617208,17837608
1980-10-13,0.927413,0.932551,0.911999,0.929982,0.618917,3313533
1980-10-14,0.935120,0.947965,0.935120,0.940258,0.625757,7862950
1980-10-15,0.940258,0.953103,0.932551,0.940258,0.625757,3770907
1980-10-16,0.940258,0.955672,0.932551,0.935120,0.622337,4612671
1980-10-17,0.935120,0.945396,0.929982,0.935120,0.622337,3960669
1980-10-20,0.932551,0.932551,0.914568,0.922275,0.613789,2106842
1980-10-21,0.922275,0.924844,0.891447,0.904292,0.601820,5371718
1980-10-22,0.904292,0.911999,0.891447,0.894016,0.594982,1771110
1980-10-23,0.894016,0.904292,0.881171,0.881171,0.586433,2705322
1980-10-24,0.881171,0.891447,0.873464,0.891447,0.593272,1342930
1980-10-27,0.891447,0.891447,0.868326,0.883740,0.588143,2457172
1980-10-28,0.883740,0.904292,0.883740,0.894016,0.594982,3376787
1980-10-29,0.894016,0.899154,0.868326,0.868326,0.577885,5931272
1980-10-30,0.868326,0.881171,0.868326,0.870895,0.579594,2413381
1980-10-31,0.870895,0.870895,0.852911,0.870895,0.579594,14913330
1980-11-03,0.878602,0.899154,0.878602,0.888878,0.591562,2282007
1980-11-05,0.904292,0.963379,0.904292,0.904292,0.601820,11731171
1980-11-06,0.904292,0.929982,0.904292,0.929982,0.618917,11692245
1980-11-07,0.929982,0.929982,0.917137,0.929982,0.618917,10607197
1980-11-10,0.929982,0.942827,0.929982,0.942827,0.627466,4033654
1980-11-11,0.942827,0.955672,0.940258,0.955672,0.636015,3230816
1980-11-12,0.955672,0.976224,0.955672,0.976224,0.649692,3172428
1980-11-13,0.981362,1.007052,0.981362,1.007052,0.670209,5984795
1980-11-14,1.007052,1.012190,0.999345,0.999345,0.665080,5892347
1980-11-17,0.983931,0.983931,0.963379,0.978793,0.651402,6933604
1980-11-18,0.981362,0.996776,0.981362,0.996776,0.663370,4568880
1980-11-19,0.996776,1.001914,0.983931,0.986500,0.656531,6330258
1980-11-20,0.986500,1.022466,0.986500,1.019897,0.678757,8232742
1980-11-21,1.019897,1.030173,1.017328,1.027604,0.683887,4880284
1980-11-24,1.027604,1.073846,1.022466,1.068708,0.711242,4758642
1980-11-25,1.068708,1.073846,1.053294,1.055863,0.702694,4987329
1980-11-26,1.050725,1.050725,1.037880,1.048156,0.697564,4413178
1980-11-28,1.048156,1.048156,1.040449,1.043018,0.694145,1814901
1980-12-01,1.037880,1.037880,0.971086,0.971086,0.646273,10252002
1980-12-02,0.973655,0.983931,0.973655,0.983931,0.654822,3444906
1980-12-03,0.983931,0.986500,0.973655,0.983931,0.654822,4549417
1980-12-04,0.983931,0.989069,0.965948,0.965948,0.642854,1367258
1980-12-05,0.965948,0.981362,0.955672,0.976224,0.649692,2666396
1980-12-08,0.968517,0.968517,0.958241,0.963379,0.641144,1508363
1980-12-09,0.963379,0.973655,0.953103,0.971086,0.646273,2593411
1980-12-10,0.971086,0.989069,0.963379,0.973655,0.647983,2622605
1980-12-11,0.973655,0.978793,0.963379,0.971086,0.646273,3488697
1980-12-12,0.971086,0.976224,0.960810,0.965948,0.642854,4208819
1980-12-15,0.965948,0.968517,0.960810,0.960810,0.639434,2330664
1980-12-16,0.960810,0.965948,0.958241,0.965948,0.642854,3279473
1980-12-17,0.965948,0.965948,0.960810,0.965948,0.642854,7215813
1980-12-18,0.968517,0.981362,0.968517,0.978793,0.651402,1921946
1980-12-19,0.978793,0.981362,0.968517,0.981362,0.653112,2753979
1980-12-22,0.981362,1.037880,0.976224,1.035311,0.689016,1931678
1980-12-23,1.037880,1.058432,1.037880,1.053294,0.700984,2958338
1980-12-24,1.053294,1.055863,1.048156,1.048156,0.697564,1318601
1980-12-26,1.048156,1.058432,1.045587,1.048156,0.697564,457375
1980-12-29,1.048156,1.061001,1.048156,1.050725,0.699274,2642068
1980-12-30,1.050725,1.050725,1.040449,1.048156,0.697564,3503294
1980-12-31,1.048156,1.061001,1.045587,1.053294,0.700984,5070046
1981-01-02,1.058432,1.068708,1.058432,1.068708,0.711242,710390
1981-01-05,1.068708,1.084122,1.068708,1.076415,0.716371,3182159
1981-01-06,1.076415,1.078984,1.071277,1.071277,0.712951,2267410
1981-01-07,1.045587,1.045587,1.017328,1.043018,0.694145,4515357
1981-01-08,1.043018,1.053294,1.043018,1.043018,0.694145,5673391
1981-01-09,1.043018,1.063570,1.043018,1.063570,0.707822,2885352
1981-01-12,1.078984,1.094398,1.078984,1.084122,0.721500,19477344
1981-01-13,1.084122,1.089260,1.078984,1.081553,0.719790,6899544
1981-01-14,1.081553,1.089260,1.078984,1.084122,0.721500,1211556
1981-01-15,1.078984,1.078984,1.053294,1.055863,0.702694,1649468
1981-01-16,1.055863,1.058432,1.045587,1.053294,0.700984,3756310
1981-01-19,1.050725,1.050725,1.040449,1.045587,0.695855,2724785
1981-01-20,1.045587,1.050725,1.022466,1.027604,0.683887,4870552
1981-01-21,1.025035,1.025035,1.012190,1.022466,0.680467,2875621
1981-01-22,1.022466,1.025035,1.014759,1.017328,0.677048,1367258
1981-01-23,1.017328,1.022466,1.017328,1.017328,0.677048,841764
1981-01-26,1.019897,1.027604,1.019897,1.019897,0.678757,1561885
1981-01-27,1.030173,1.053294,1.030173,1.053294,0.700984,3152965
1981-01-28,1.053294,1.068708,1.045587,1.063570,0.707822,2427978
1981-01-29,1.063570,1.081553,1.055863,1.073846,0.714661,2072783
1981-01-30,1.073846,1.089260,1.073846,1.073846,0.714661,3474100
1981-02-02,1.071277,1.071277,1.050725,1.055863,0.702694,2223619
1981-02-03,1.058432,1.094398,1.058432,1.089260,0.724920,2778307
1981-02-04,1.094398,1.130365,1.094398,1.130365,0.752276,11940395
1981-02-05,1.130365,1.166331,1.125227,1.156055,0.769373,5955601
1981-02-06,1.158624,1.192021,1.158624,1.176607,0.783050,5853421
1981-02-09,1.176607,1.179176,1.153486,1.171469,0.779631,2875621
1981-02-10,1.171469,1.192021,1.158624,1.184314,0.788180,2792904
1981-02-11,1.184314,1.199728,1.184314,1.186883,0.789889,2909681
1981-02-12,1.179176,1.179176,1.156055,1.161193,0.772793,2496097
1981-02-13,1.156055,1.156055,1.130365,1.143210,0.760824,5507957
1981-02-17,1.143210,1.161193,1.135503,1.150917,0.765953,1951140
1981-02-18,1.153486,1.186883,1.153486,1.186883,0.789889,4787836
1981-02-19,1.186883,1.207435,1.181745,1.181745,0.786470,2296604
1981-02-20,1.181745,1.192021,1.174038,1.181745,0.786470,1138571
1981-02-23,1.181745,1.235694,1.181745,1.207435,0.803567,7006589
1981-02-24,1.207435,1.217711,1.202297,1.204866,0.801857,3668728
1981-02-25,1.204866,1.230556,1.202297,1.227987,0.817244,2131171
1981-02-26,1.227987,1.243401,1.227987,1.243401,0.827503,3688191
1981-02-27,1.243401,1.243401,1.225418,1.225418,0.815535,2301470
1981-03-02,1.225418,1.243401,1.210004,1.243401,0.827503,4495895
1981-03-03,1.240832,1.240832,1.220280,1.220280,0.812115,3357324
1981-03-04,1.220280,1.227987,1.212573,1.222849,0.813825,3094577
1981-03-05,1.222849,1.222849,1.212573,1.215142,0.808696,1055854
1981-03-06,1.215142,1.217711,1.199728,1.207435,0.803567,1547288
1981-03-09,1.202297,1.202297,1.192021,1.199728,0.798438,1012063
1981-03-10,1.199728,1.222849,1.197159,1.202297,0.800148,2539888
1981-03-11,1.202297,1.202297,1.168900,1.197159,0.796728,3172428
1981-03-12,1.197159,1.217711,1.192021,1.212573,0.806986,2486366
1981-03-13,1.212573,1.227987,1.199728,1.212573,0.806986,3323264
1981-03-16,1.210004,1.210004,1.192021,1.210004,0.805277,1162899
1981-03-17,1.210004,1.222849,1.192021,1.197159,0.796728,6169691
1981-03-18,1.197159,1.199728,1.186883,1.197159,0.796728,1990066
1981-03-19,1.197159,1.227987,1.194590,1.197159,0.796728,6349721
1981-03-20,1.197159,1.227987,1.194590,1.222849,0.813825,4963001
1981-03-23,1.227987,1.258815,1.227987,1.253677,0.834341,5697719
1981-03-24,1.253677,1.271660,1.253677,1.261384,0.839471,4194222
1981-03-25,1.261384,1.310195,1.256246,1.302488,0.866826,2481500
1981-03-26,1.292212,1.292212,1.240832,1.240832,0.825793,14256462
1981-03-27,1.238263,1.238263,1.204866,1.207435,0.803567,4422909
1981-03-30,1.207435,1.238263,1.207435,1.233125,0.820664,4179625
1981-03-31,1.233125,1.261384,1.233125,1.256246,0.836051,5065180
1981-04-01,1.256246,1.263953,1.251108,1.253677,0.834341,8159757
1981-04-02,1.253677,1.263953,1.233125,1.253677,0.834341,2642068
1981-04-03,1.245970,1.245970,1.233125,1.233125,0.820664,963406
1981-04-06,1.230556,1.230556,1.210004,1.225418,0.815535,1795438
1981-04-07,1.233125,1.240832,1.233125,1.240832,0.825793,1479169
1981-04-08,1.240832,1.240832,1.227987,1.233125,0.820664,4023923
1981-04-09,1.233125,1.253677,1.227987,1.253677,0.834341,2899949
1981-04-10,1.253677,1.263953,1.240832,1.256246,0.836051,2340395
1981-04-13,1.251108,1.251108,1.235694,1.235694,0.822374,929346
1981-04-14,1.238263,1.248539,1.238263,1.240832,0.825793,1795438
1981-04-15,1.240832,1.240832,1.227987,1.235694,0.822374,4782970
1981-04-16,1.235694,1.240832,1.233125,1.238263,0.824083,8096503
1981-04-20,1.238263,1.240832,1.233125,1.233125,0.820664,10529346
1981-04-21,1.233125,1.235694,1.197159,1.197159,0.796728,4719716
1981-04-22,1.194590,1.194590,1.186883,1.192021,0.793308,4466700
1981-04-23,1.192021,1.197159,1.184314,1.197159,0.796728,6724379
1981-04-24,1.197159,1.220280,1.189452,1.212573,0.806986,4072580
1981-04-27,1.212573,1.222849,1.207435,1.212573,0.806986,3371921
1981-04-28,1.210004,1.210004,1.197159,1.202297,0.800148,1425646
1981-04-29,1.199728,1.199728,1.194590,1.197159,0.796728,1342930
1981-04-30,1.197159,1.202297,1.194590,1.199728,0.798438,3011860
1981-05-01,1.199728,1.199728,1.186883,1.186883,0.789889,3707653
1981-05-04,1.186883,1.186883,1.150917,1.156055,0.769373,2963203
1981-05-05,1.156055,1.158624,1.153486,1.156055,0.769373,1810035
1981-05-06,1.156055,1.168900,1.153486,1.158624,0.771083,2671262
1981-05-07,1.156055,1.156055,1.132934,1.140641,0.759114,2583680
1981-05-08,1.140641,1.145779,1.127796,1.127796,0.750566,2077648
1981-05-11,1.127796,1.135503,1.117520,1.120089,0.745437,2218753
1981-05-12,1.120089,1.130365,1.114951,1.130365,0.752276,1279676
1981-05-13,1.130365,1.140641,1.125227,1.130365,0.752276,2209022
1981-05-14,1.130365,1.135503,1.127796,1.130365,0.752276,1177496
1981-05-15,1.130365,1.138072,1.127796,1.138072,0.757405,2559351
1981-05-18,1.143210,1.163762,1.143210,1.156055,0.769373,2593411
1981-05-19,1.156055,1.163762,1.150917,1.158624,0.771083,15312316
1981-05-20,1.158624,1.161193,1.158624,1.161193,0.772793,1182362
1981-05-21,1.161193,1.166331,1.158624,1.166331,0.776212,1566751
1981-05-22,1.166331,1.171469,1.161193,1.163762,0.774502,2603142
1981-05-26,1.163762,1.186883,1.163762,1.176607,0.783050,3191891
1981-05-27,1.176607,1.192021,1.176607,1.192021,0.793308,3308667
1981-05-28,1.192021,1.240832,1.186883,1.240832,0.825793,8539280
1981-05-29,1.240832,1.251108,1.235694,1.240832,0.825793,3668728
1981-06-01,1.258815,1.299919,1.258815,1.292212,0.859987,6899544
1981-06-02,1.292212,1.325609,1.274229,1.315333,0.875375,9059909
1981-06-03,1.315333,1.356438,1.305057,1.346161,0.895891,5488495
1981-06-04,1.346161,1.374421,1.341023,1.366714,0.909570,15774557
1981-06-05,1.366714,1.376990,1.346161,1.346161,0.895891,4048251
1981-06-08,1.346161,1.346161,1.328178,1.328178,0.883923,3031323
1981-06-09,1.328178,1.330747,1.312764,1.325609,0.882213,2544754
1981-06-10,1.325609,1.346161,1.325609,1.335885,0.889052,4369387
1981-06-11,1.335885,1.371852,1.335885,1.359007,0.904440,3586011
1981-06-12,1.364145,1.379559,1.364145,1.366714,0.909570,2476635
1981-06-15,1.366714,1.376990,1.330747,1.330747,0.885633,4826761
1981-06-16,1.330747,1.343592,1.315333,1.338454,0.890762,1060720
1981-06-17,1.338454,1.348730,1.335885,1.346161,0.895891,2140902
1981-06-18,1.341023,1.341023,1.317902,1.320471,0.878794,1712722
1981-06-19,1.317902,1.317902,1.307626,1.310195,0.871955,1396452
1981-06-22,1.312764,1.320471,1.312764,1.315333,0.875375,1722453
1981-06-23,1.315333,1.315333,1.307626,1.312764,0.873665,5337658
1981-06-24,1.312764,1.315333,1.302488,1.307626,0.870246,1630005
1981-06-25,1.307626,1.307626,1.305057,1.305057,0.868536,335732
1981-06-26,1.305057,1.317902,1.305057,1.315333,0.875375,1595945
1981-06-29,1.307626,1.307626,1.299919,1.299919,0.865116,423315
1981-06-30,1.299919,1.302488,1.299919,1.302488,0.866826,739584
1981-07-01,1.302488,1.305057,1.294781,1.297350,0.863407,2252813
1981-07-02,1.297350,1.305057,1.274229,1.274229,0.848020,6651394
1981-07-06,1.274229,1.279367,1.251108,1.251108,0.832632,3663862
1981-07-07,1.251108,1.258815,1.222849,1.225418,0.815535,2987532
1981-07-08,1.222849,1.222849,1.192021,1.197159,0.796728,3663862
1981-07-09,1.202297,1.217711,1.202297,1.207435,0.803567,3902281
1981-07-10,1.210004,1.227987,1.210004,1.227987,0.817244,666599
1981-07-13,1.227987,1.235694,1.227987,1.233125,0.820664,1245616
1981-07-14,1.233125,1.233125,1.222849,1.222849,0.813825,1046123
1981-07-15,1.194590,1.194590,1.176607,1.189452,0.791599,6086974
1981-07-16,1.186883,1.186883,1.156055,1.161193,0.772793,7133097
1981-07-17,1.156055,1.156055,1.130365,1.138072,0.757405,4345058
1981-07-20,1.120089,1.120089,1.109813,1.114951,0.742018,2330664
1981-07-21,1.114951,1.130365,1.114951,1.130365,0.752276,3065383
1981-07-22,1.130365,1.138072,1.130365,1.132934,0.753985,5415509
1981-07-23,1.132934,1.135503,1.107243,1.112382,0.740308,1868424
1981-07-24,1.112382,1.120089,1.107243,1.112382,0.740308,2165231
1981-07-27,1.112382,1.120089,1.107243,1.109813,0.738598,1484034
1981-07-28,1.099536,1.099536,1.078984,1.084122,0.721500,2423112
1981-07-29,1.073846,1.073846,1.061001,1.073846,0.714661,6914141
1981-07-30,1.076415,1.094398,1.076415,1.089260,0.724920,4418044
1981-07-31,1.089260,1.109813,1.089260,1.104674,0.735178,1187228
1981-08-03,1.104674,1.114951,1.104674,1.109813,0.738598,1235884
1981-08-04,1.109813,1.140641,1.099536,1.140641,0.759114,1449975
1981-08-05,1.140641,1.143210,1.122658,1.130365,0.752276,1678662
1981-08-06,1.120089,1.120089,1.089260,1.094398,0.728339,5512823
1981-08-07,1.094398,1.094398,1.071277,1.076415,0.716371,5254942
1981-08-10,1.076415,1.076415,1.061001,1.066139,0.709532,4345058
1981-08-11,1.066139,1.084122,1.066139,1.084122,0.721500,3264876
1981-08-12,1.089260,1.104674,1.089260,1.091829,0.726629,1138571
1981-08-13,1.089260,1.089260,1.084122,1.084122,0.721500,1547288
1981-08-14,1.084122,1.089260,1.081553,1.081553,0.719790,1075317
1981-08-17,1.081553,1.086691,1.071277,1.071277,0.712951,1698125
1981-08-18,1.071277,1.076415,1.066139,1.068708,0.711242,1328332
1981-08-19,1.068708,1.076415,1.066139,1.066139,0.709532,2943740
1981-08-20,1.066139,1.076415,1.061001,1.066139,0.709532,6159959
1981-08-21,1.066139,1.066139,1.058432,1.058432,0.704403,1668931
1981-08-24,1.058432,1.061001,1.048156,1.053294,0.700984,2432843
1981-08-25,1.053294,1.073846,1.048156,1.073846,0.714661,2637202
1981-08-26,1.073846,1.094398,1.071277,1.094398,0.728339,2340395
1981-08-27,1.091829,1.091829,1.073846,1.073846,0.714661,1863558
1981-08-28,1.073846,1.091829,1.071277,1.091829,0.726629,1469437
1981-08-31,1.091829,1.104674,1.063570,1.063570,0.707822,2763710
1981-09-01,1.063570,1.066139,1.048156,1.053294,0.700984,3410846
1981-09-02,1.053294,1.063570,1.048156,1.048156,0.697564,1887886
1981-09-03,1.048156,1.053294,1.007052,1.012190,0.673628,7575874
1981-09-04,1.012190,1.017328,1.004483,1.017328,0.677048,5186822
1981-09-08,1.017328,1.017328,1.004483,1.012190,0.673628,3785504
1981-09-09,1.012190,1.027604,1.012190,1.022466,0.680467,3435175
1981-09-10,1.022466,1.025035,1.014759,1.014759,0.675338,5795033
1981-09-11,1.014759,1.025035,1.012190,1.025035,0.682177,1552154
1981-09-14,1.025035,1.025035,1.004483,1.009621,0.671919,744450
1981-09-15,1.009621,1.025035,1.009621,1.009621,0.671919,1265079
1981-09-16,1.007052,1.007052,0.991638,0.999345,0.665080,4194222
1981-09-17,0.999345,1.004483,0.981362,0.981362,0.653112,681196
1981-09-18,0.981362,0.983931,0.958241,0.958241,0.637724,2238216
1981-09-21,0.958241,0.958241,0.935120,0.940258,0.625757,2622605
1981-09-22,0.940258,0.955672,0.940258,0.945396,0.629176,4461835
1981-09-23,0.945396,0.950534,0.932551,0.950534,0.632595,1007197
1981-09-24,0.950534,0.955672,0.937689,0.937689,0.624047,3415712
1981-09-25,0.924844,0.924844,0.901723,0.909430,0.605240,4680791
1981-09-28,0.909430,0.932551,0.891447,0.929982,0.618917,4826761
1981-09-29,0.935120,0.960810,0.935120,0.958241,0.637724,4335327
1981-09-30,0.958241,0.960810,0.945396,0.960810,0.639434,4515357
1981-10-01,0.960810,0.960810,0.945396,0.960810,0.639434,1946275
1981-10-02,0.960810,0.986500,0.960810,0.986500,0.656531,2199290
1981-10-05,0.986500,1.007052,0.986500,0.994207,0.661661,7386113
1981-10-06,0.991638,0.991638,0.976224,0.981362,0.653112,2520426
1981-10-07,0.981362,1.027604,0.981362,1.025035,0.682177,9998986
1981-10-08,1.025035,1.076415,1.025035,1.068708,0.711242,4500760
1981-10-09,1.068708,1.076415,1.055863,1.061001,0.706113,2861024
1981-10-12,1.058432,1.058432,1.045587,1.053294,0.700984,856361
1981-10-13,1.053294,1.058432,1.048156,1.053294,0.700984,423315
1981-10-14,1.053294,1.055863,1.043018,1.043018,0.694145,525494
1981-10-15,1.035311,1.035311,1.017328,1.027604,0.683887,4778104
1981-10-16,1.027604,1.032742,1.022466,1.027604,0.683887,452509
1981-10-19,1.027604,1.037880,1.022466,1.037880,0.690725,1912215
1981-10-20,1.037880,1.053294,1.035311,1.053294,0.700984,832032
1981-10-21,1.053294,1.061001,1.048156,1.053294,0.700984,1046123
1981-10-22,1.053294,1.053294,1.030173,1.032742,0.687306,661733
1981-10-23,1.032742,1.032742,1.027604,1.030173,0.685596,1420781
1981-10-26,1.030173,1.035311,1.027604,1.030173,0.685596,1201825
1981-10-27,1.030173,1.035311,1.030173,1.030173,0.685596,773644
1981-10-28,1.030173,1.068708,1.027604,1.063570,0.707822,1722453
1981-10-29,1.063570,1.063570,1.053294,1.055863,0.702694,700659
1981-10-30,1.063570,1.089260,1.063570,1.078984,0.718081,5206285
1981-11-02,1.078984,1.094398,1.076415,1.089260,0.724920,5274404
1981-11-03,1.089260,1.089260,1.068708,1.086691,0.723210,1727319
1981-11-04,1.076415,1.076415,1.063570,1.063570,0.707822,2058186
1981-11-05,1.063570,1.076415,1.063570,1.073846,0.714661,3449772
1981-11-06,1.073846,1.096967,1.068708,1.091829,0.726629,3401115
1981-11-09,1.091829,1.094398,1.081553,1.089260,0.724920,2140902
1981-11-10,1.089260,1.114951,1.089260,1.096967,0.730049,2345261
1981-11-11,1.096967,1.107243,1.091829,1.104674,0.735178,1070451
1981-11-12,1.109813,1.125227,1.109813,1.114951,0.742018,1883021
1981-11-13,1.114951,1.122658,1.091829,1.091829,0.726629,1741916
1981-11-16,1.089260,1.089260,1.068708,1.076415,0.716371,2136036
1981-11-17,1.076415,1.086691,1.073846,1.086691,0.723210,2661531
1981-11-18,1.086691,1.091829,1.086691,1.086691,0.723210,1702990
1981-11-19,1.086691,1.099536,1.086691,1.099536,0.731759,2009529
1981-11-20,1.109813,1.130365,1.109813,1.125227,0.748856,6578409
1981-11-23,1.125227,1.135503,1.120089,1.120089,0.745437,1386721
1981-11-24,1.120089,1.125227,1.117520,1.120089,0.745437,2393918
1981-11-25,1.120089,1.127796,1.114951,1.114951,0.742018,1727319
1981-11-27,1.114951,1.122658,1.114951,1.117520,0.743727,1119108
1981-11-30,1.117520,1.120089,1.102105,1.120089,0.745437,3260010
1981-12-01,1.120089,1.125227,1.114951,1.122658,0.747146,3629802
1981-12-02,1.120089,1.120089,1.102105,1.104674,0.735178,4729448
1981-12-03,1.050725,1.050725,1.040449,1.045587,0.695855,15287988
1981-12-04,1.045587,1.050725,1.007052,1.009621,0.671919,16402230
1981-12-07,1.009621,1.017328,1.009621,1.012190,0.673628,2758844
1981-12-08,1.012190,1.035311,1.009621,1.035311,0.689016,4330461
1981-12-09,1.045587,1.058432,1.045587,1.055863,0.702694,4160162
1981-12-10,1.055863,1.066139,1.055863,1.061001,0.706113,1819767
1981-12-11,1.061001,1.063570,1.058432,1.063570,0.707822,1162899
1981-12-14,1.058432,1.058432,1.035311,1.037880,0.690725,1411049
1981-12-15,1.037880,1.037880,1.032742,1.037880,0.690725,2238216
1981-12-16,1.037880,1.048156,1.037880,1.037880,0.690725,1250482
1981-12-17,1.037880,1.068708,1.037880,1.063570,0.707822,5979929
1981-12-18,1.068708,1.081553,1.068708,1.071277,0.712951,6490826
1981-12-21,1.071277,1.078984,1.068708,1.076415,0.716371,3804967
1981-12-22,1.076415,1.084122,1.068708,1.073846,0.714661,3498429
1981-12-23,1.073846,1.094398,1.071277,1.089260,0.724920,4155297
1981-12-24,1.089260,1.096967,1.086691,1.094398,0.728339,1104511
1981-12-28,1.094398,1.099536,1.091829,1.091829,0.726629,2286873
1981-12-29,1.091829,1.096967,1.066139,1.068708,0.711242,4437506
1981-12-30,1.068708,1.084122,1.066139,1.073846,0.714661,1187228
1981-12-31,1.073846,1.078984,1.071277,1.073846,0.714661,1591080
1982-01-04,1.073846,1.109813,1.073846,1.099536,0.731759,3498429
1982-01-05,1.099536,1.099536,1.078984,1.086691,0.723210,5955601
1982-01-06,1.086691,1.089260,1.068708,1.081553,0.719790,2972935
1982-01-07,1.081553,1.084122,1.061001,1.068708,0.711242,8670654
1982-01-08,1.068708,1.076415,1.063570,1.063570,0.707822,4296401
1982-01-11,1.063570,1.071277,1.019897,1.019897,0.678757,5376584
1982-01-12,1.019897,1.027604,1.014759,1.025035,0.682177,6583274
1982-01-13,1.025035,1.035311,1.019897,1.022466,0.680467,2734516
1982-01-14,1.022466,1.027604,1.019897,1.027604,0.683887,1834364
1982-01-15,1.027604,1.030173,1.022466,1.030173,0.685596,1571617
1982-01-18,1.030173,1.040449,1.025035,1.032742,0.687306,5143031
1982-01-19,0.989069,0.989069,0.971086,0.976224,0.649692,17973847
1982-01-20,0.976224,0.981362,0.971086,0.978793,0.651402,5629600
1982-01-21,0.978793,0.994207,0.976224,0.981362,0.653112,10271465
1982-01-22,0.981362,0.986500,0.981362,0.983931,0.654822,3230816
1982-01-25,0.981362,0.981362,0.973655,0.981362,0.653112,4135834
1982-01-26,0.981362,0.989069,0.976224,0.986500,0.656531,2082514
1982-01-27,0.986500,1.001914,0.986500,0.996776,0.663370,3362190
1982-01-28,1.001914,1.040449,1.001914,1.030173,0.685596,4393715
1982-01-29,1.030173,1.032742,1.009621,1.027604,0.683887,4831627
1982-02-01,1.022466,1.022466,0.996776,1.001914,0.666790,2384187
1982-02-02,1.001914,1.037880,0.999345,1.022466,0.680467,3206488
1982-02-03,1.022466,1.027604,1.012190,1.012190,0.673628,7926204
1982-02-04,1.012190,1.022466,1.009621,1.012190,0.673628,4179625
1982-02-05,1.014759,1.027604,1.014759,1.022466,0.680467,2958338
1982-02-08,1.022466,1.022466,1.009621,1.012190,0.673628,3576280
1982-02-09,1.009621,1.009621,0.999345,1.007052,0.670209,1917081
1982-02-10,1.007052,1.022466,1.004483,1.017328,0.677048,2398784
1982-02-11,1.014759,1.014759,1.007052,1.007052,0.670209,4062848
1982-02-12,1.007052,1.007052,1.004483,1.007052,0.670209,1177496
1982-02-16,1.004483,1.004483,0.996776,1.004483,0.668499,2155499
1982-02-17,1.012190,1.022466,1.012190,1.017328,0.677048,5858287
1982-02-18,1.017328,1.022466,1.012190,1.022466,0.680467,4203953
1982-02-19,1.025035,1.032742,1.025035,1.030173,0.685596,8646325
1982-02-22,1.030173,1.037880,1.017328,1.019897,0.678757,3157831
1982-02-23,1.019897,1.037880,1.012190,1.037880,0.690725,7887278
1982-02-24,1.037880,1.053294,1.035311,1.053294,0.700984,6797364
1982-02-25,1.053294,1.063570,1.048156,1.053294,0.700984,3050786
1982-02-26,1.053294,1.055863,1.040449,1.055863,0.702694,2496097
1982-03-01,1.055863,1.089260,1.050725,1.078984,0.718081,2992397
1982-03-02,1.089260,1.109813,1.089260,1.091829,0.726629,6593006
1982-03-03,1.091829,1.099536,1.071277,1.091829,0.726629,7639128
1982-03-04,1.091829,1.096967,1.058432,1.058432,0.704403,7429904
1982-03-05,1.058432,1.078984,1.058432,1.063570,0.707822,20056361
1982-03-08,1.058432,1.058432,1.009621,1.017328,0.680996,5809630
1982-03-09,1.017328,1.048156,1.009621,1.035311,0.693034,13049772
1982-03-10,1.035311,1.045587,1.025035,1.032742,0.691314,24605778
1982-03-11,1.030173,1.030173,0.986500,0.986500,0.660360,6091840
1982-03-12,0.986500,0.994207,0.965948,0.986500,0.660360,11424633
1982-03-15,0.986500,0.999345,0.976224,0.999345,0.668958,1532691
1982-03-16,0.999345,1.007052,0.994207,0.996776,0.667238,5877750
1982-03-17,1.001914,1.043018,1.001914,1.027604,0.687874,18299848
1982-03-18,1.037880,1.063570,1.037880,1.061001,0.710230,8928535
1982-03-19,1.063570,1.078984,1.063570,1.068708,0.715390,11497618
1982-03-22,1.068708,1.084122,1.066139,1.084122,0.725707,4685656
1982-03-23,1.084122,1.094398,1.068708,1.073846,0.718829,8456564
1982-03-24,1.071277,1.071277,1.053294,1.066139,0.713670,7493158
1982-03-25,1.066139,1.071277,1.058432,1.058432,0.708511,10383376
1982-03-26,1.058432,1.068708,1.050725,1.053294,0.705071,2213887
1982-03-29,1.053294,1.066139,1.053294,1.063570,0.711950,1221287
1982-03-30,1.063570,1.078984,1.058432,1.078984,0.722268,5887481
1982-03-31,1.078984,1.099536,1.078984,1.089260,0.729147,11458692
1982-04-01,1.089260,1.127796,1.089260,1.127796,0.754943,10310390
1982-04-02,1.130365,1.140641,1.130365,1.132934,0.758382,11672783
1982-04-05,1.132934,1.138072,1.122658,1.130365,0.756662,10923467
1982-04-06,1.130365,1.132934,1.114951,1.130365,0.756662,3955803
1982-04-07,1.130365,1.158624,1.130365,1.153486,0.772139,12816219
1982-04-08,1.153486,1.176607,1.148348,1.174038,0.785897,10816422
1982-04-12,1.174038,1.186883,1.168900,1.171469,0.784177,5357121
1982-04-13,1.171469,1.192021,1.171469,1.181745,0.791056,12344247
1982-04-14,1.179176,1.179176,1.168900,1.168900,0.782458,7945666
1982-04-15,1.168900,1.179176,1.158624,1.179176,0.789336,6846021
1982-04-16,1.179176,1.186883,1.168900,1.181745,0.791056,5498226
1982-04-19,1.181745,1.186883,1.176607,1.181745,0.791056,4340193
1982-04-20,1.174038,1.174038,1.156055,1.158624,0.775579,9098834
1982-04-21,1.158624,1.174038,1.156055,1.161193,0.777299,6456766
1982-04-22,1.161193,1.171469,1.161193,1.163762,0.779018,3342727
1982-04-23,1.163762,1.176607,1.163762,1.176607,0.787617,3965535
1982-04-26,1.176607,1.197159,1.176607,1.197159,0.801374,8938267
1982-04-27,1.192021,1.192021,1.171469,1.176607,0.787617,6855753
1982-04-28,1.176607,1.176607,1.163762,1.171469,0.784177,3649265
1982-04-29,1.171469,1.176607,1.166331,1.168900,0.782458,3517892
1982-04-30,1.168900,1.179176,1.166331,1.174038,0.785897,2958338
1982-05-03,1.174038,1.176607,1.161193,1.176607,0.787617,5488495
1982-05-04,1.176607,1.181745,1.174038,1.176607,0.787617,11599797
1982-05-05,1.176607,1.179176,1.168900,1.171469,0.784177,4583477
1982-05-06,1.171469,1.181745,1.166331,1.171469,0.784177,6627065
1982-05-07,1.171469,1.174038,1.153486,1.156055,0.773859,1513229
1982-05-10,1.153486,1.153486,1.127796,1.132934,0.758382,6870350
1982-05-11,1.132934,1.140641,1.130365,1.130365,0.756662,5503092
1982-05-12,1.130365,1.150917,1.125227,1.150917,0.770420,7215813
1982-05-13,1.150917,1.168900,1.143210,1.153486,0.772139,11230005
1982-05-14,1.153486,1.161193,1.150917,1.150917,0.770420,2364724
1982-05-17,1.150917,1.156055,1.148348,1.150917,0.770420,2136036
1982-05-18,1.150917,1.161193,1.150917,1.156055,0.773859,8802027
1982-05-19,1.156055,1.161193,1.153486,1.156055,0.773859,4315864
1982-05-20,1.153486,1.153486,1.148348,1.148348,0.768700,3041054
1982-05-21,1.153486,1.166331,1.153486,1.158624,0.775579,2890218
1982-05-24,1.153486,1.153486,1.148348,1.148348,0.768700,3041054
1982-05-25,1.163762,1.171469,1.163762,1.168900,0.782458,2719919
1982-05-26,1.168900,1.189452,1.163762,1.171469,0.784177,8636594
1982-05-27,1.174038,1.194590,1.174038,1.194590,0.799654,11244602
1982-05-28,1.192021,1.192021,1.171469,1.176607,0.787617,5143031
1982-06-01,1.171469,1.171469,1.143210,1.148348,0.768700,9799493
1982-06-02,1.145779,1.145779,1.125227,1.132934,0.758382,9059909
1982-06-03,1.130365,1.130365,1.117520,1.122658,0.751503,3201622
1982-06-04,1.122658,1.122658,1.099536,1.109813,0.742905,2427978
1982-06-07,1.109813,1.127796,1.094398,1.117520,0.748064,2199290
1982-06-08,1.117520,1.120089,1.102105,1.107243,0.741185,9128028
1982-06-09,1.102105,1.102105,1.084122,1.094398,0.732586,7901875
1982-06-10,1.094398,1.096967,1.081553,1.096967,0.734306,2812367
1982-06-11,1.109813,1.120089,1.109813,1.112382,0.744625,20791080
1982-06-14,1.112382,1.112382,1.102105,1.112382,0.744625,7356918
1982-06-15,1.112382,1.120089,1.107243,1.120089,0.749784,9711911
1982-06-16,1.114951,1.114951,1.104674,1.114951,0.746344,5250076
1982-06-17,1.109813,1.109813,1.104674,1.109813,0.742905,1717587
1982-06-18,1.109813,1.109813,1.099536,1.099536,0.736025,2812367
1982-06-21,1.102105,1.117520,1.102105,1.112382,0.744625,3016726
1982-06-22,1.112382,1.138072,1.104674,1.135503,0.760102,6524886
1982-06-23,1.145779,1.186883,1.145779,1.181745,0.791056,11813887
1982-06-24,1.181745,1.184314,1.168900,1.171469,0.784177,9220476
1982-06-25,1.171469,1.179176,1.163762,1.176607,0.787617,5868018
1982-06-28,1.176607,1.194590,1.171469,1.186883,0.798681,17336442
1982-06-29,1.186883,1.202297,1.181745,1.194590,0.803867,9488089
1982-06-30,1.204866,1.217711,1.204866,1.207435,0.812511,17774354
1982-07-01,1.207435,1.212573,1.199728,1.210004,0.814239,4573746
1982-07-02,1.207435,1.207435,1.179176,1.189452,0.800409,10553675
1982-07-06,1.189452,1.210004,1.184314,1.210004,0.814239,15832945
1982-07-07,1.161193,1.161193,1.135503,1.158624,0.779665,35130258
1982-07-08,1.158624,1.163762,1.130365,1.163762,0.783122,12558338
1982-07-09,1.163762,1.179176,1.158624,1.171469,0.788308,22771414
1982-07-12,1.171469,1.179176,1.153486,1.153486,0.776207,12062038
1982-07-13,1.140641,1.140641,1.122658,1.132934,0.762377,14348910
1982-07-14,1.132934,1.135503,1.109813,1.125227,0.757191,12276128
1982-07-15,1.125227,1.135503,1.125227,1.130365,0.760649,14309985
1982-07-16,1.130365,1.135503,1.114951,1.125227,0.757191,14689508
1982-07-19,1.125227,1.132934,1.120089,1.120089,0.753734,10485555
1982-07-20,1.114951,1.114951,1.048156,1.063570,0.715701,49440243
1982-07-21,1.063570,1.066139,1.055863,1.055863,0.710514,12149620
1982-07-22,1.055863,1.089260,1.055863,1.078984,0.726073,7969995
1982-07-23,1.078984,1.096967,1.078984,1.096967,0.738174,8373847
1982-07-26,1.096967,1.104674,1.084122,1.084122,0.729530,5352255
1982-07-27,1.078984,1.078984,1.058432,1.061001,0.713972,9385910
1982-07-28,1.061001,1.063570,1.050725,1.053294,0.708786,4646731
1982-07-29,1.053294,1.061001,1.027604,1.048156,0.705328,15331779
1982-07-30,1.048156,1.048156,1.037880,1.043018,0.701871,3522757
1982-08-02,1.055863,1.073846,1.055863,1.073846,0.722615,3430309
1982-08-03,1.073846,1.081553,1.058432,1.061001,0.713972,5225748
1982-08-04,1.061001,1.066139,1.048156,1.048156,0.705328,5430106
1982-08-05,1.048156,1.066139,1.045587,1.063570,0.715701,5104105
1982-08-06,1.063570,1.066139,1.030173,1.030173,0.693227,3668728
1982-08-09,1.030173,1.037880,1.019897,1.027604,0.691498,9093969
1982-08-10,1.032742,1.045587,1.032742,1.037880,0.698413,5556614
1982-08-11,1.037880,1.045587,1.035311,1.040449,0.700142,1347795
1982-08-12,1.040449,1.048156,1.037880,1.043018,0.701871,2384187
1982-08-13,1.043018,1.045587,1.037880,1.045587,0.703599,4028789
1982-08-16,1.055863,1.063570,1.055863,1.058432,0.712243,4646731
1982-08-17,1.061001,1.104674,1.061001,1.099536,0.739903,11614394
1982-08-18,1.099536,1.132934,1.091829,1.094398,0.736446,14421896
1982-08-19,1.096967,1.127796,1.096967,1.104674,0.743360,5765839
1982-08-20,1.112382,1.132934,1.112382,1.132934,0.762377,5799899
1982-08-23,1.132934,1.166331,1.125227,1.156055,0.777936,14022909
1982-08-24,1.153486,1.153486,1.130365,1.145779,0.771021,10480689
1982-08-25,1.145779,1.150917,1.135503,1.135503,0.764106,11230005
1982-08-26,1.135503,1.138072,1.063570,1.091829,0.734717,32420071
1982-08-27,1.073846,1.073846,1.061001,1.071277,0.720887,11979321
1982-08-30,1.071277,1.089260,1.061001,1.089260,0.732988,6062646
1982-08-31,1.089260,1.120089,1.086691,1.112382,0.748547,15093360
1982-09-01,1.112382,1.120089,1.094398,1.102105,0.741632,7585606
1982-09-02,1.102105,1.138072,1.096967,1.130365,0.760649,10475824
1982-09-03,1.135503,1.181745,1.135503,1.174038,0.790037,27578713
1982-09-07,1.174038,1.176607,1.145779,1.161193,0.781394,13453624
1982-09-08,1.161193,1.161193,1.117520,1.130365,0.760649,16528738
1982-09-09,1.114951,1.114951,1.099536,1.102105,0.741632,8198682
1982-09-10,1.094398,1.094398,1.068708,1.078984,0.726073,11901470
1982-09-13,1.078984,1.091829,1.076415,1.089260,0.732988,4928941
1982-09-14,1.094398,1.117520,1.094398,1.104674,0.743360,8417638
1982-09-15,1.109813,1.125227,1.109813,1.125227,0.757191,10368779
1982-09-16,1.130365,1.176607,1.130365,1.150917,0.774478,12709174
1982-09-17,1.150917,1.150917,1.132934,1.138072,0.765835,3566548
1982-09-20,1.138072,1.153486,1.135503,1.143210,0.769292,10899138
1982-09-21,1.150917,1.168900,1.150917,1.166331,0.784851,12105829
1982-09-22,1.166331,1.184314,1.153486,1.158624,0.779665,12733502
1982-09-23,1.158624,1.168900,1.150917,1.168900,0.786580,7595337
1982-09-24,1.168900,1.179176,1.161193,1.179176,0.793495,3036189
1982-09-27,1.179176,1.194590,1.171469,1.186883,0.802879,5031120
1982-09-28,1.186883,1.189452,1.171469,1.179176,0.797666,12135023
1982-09-29,1.179176,1.179176,1.138072,1.140641,0.771598,10081703
1982-09-30,1.140641,1.168900,1.135503,1.163762,0.787238,11288393
1982-10-01,1.166331,1.181745,1.166331,1.171469,0.792452,7634263
1982-10-04,1.163762,1.163762,1.130365,1.138072,0.769860,16003244
1982-10-05,1.138072,1.150917,1.135503,1.145779,0.775074,10884541
1982-10-06,1.145779,1.186883,1.140641,1.184314,0.801142,11006183
1982-10-07,1.192021,1.225418,1.192021,1.225418,0.828946,21934516
1982-10-08,1.230556,1.284505,1.230556,1.284505,0.868917,16898530
1982-10-11,1.302488,1.343592,1.302488,1.320471,0.893246,24537658
1982-10-12,1.320471,1.325609,1.297350,1.315333,0.889771,18017638
1982-10-13,1.315333,1.371852,1.305057,1.348730,0.912362,8320324
1982-10-14,1.346161,1.346161,1.315333,1.315333,0.889771,7716979
1982-10-15,1.315333,1.346161,1.312764,1.315333,0.889771,13906133
1982-10-18,1.315333,1.353868,1.315333,1.353868,0.915838,5683122
1982-10-19,1.353868,1.376990,1.351299,1.376990,0.931479,14859807
1982-10-20,1.376990,1.438646,1.374421,1.436077,0.971449,13935327
1982-10-21,1.436077,1.438646,1.392404,1.423232,0.962760,9600000
1982-10-22,1.423232,1.430939,1.389835,1.394973,0.943644,6320527
1982-10-25,1.366714,1.366714,1.330747,1.343592,0.908887,13560669
1982-10-26,1.343592,1.369283,1.325609,1.351299,0.914100,8120831
1982-10-27,1.351299,1.364145,1.330747,1.348730,0.912362,4427775
1982-10-28,1.348730,1.364145,1.348730,1.353868,0.915838,5128434
1982-10-29,1.353868,1.366714,1.351299,1.356438,0.917576,3907146
1982-11-01,1.356438,1.379559,1.341023,1.366714,0.924527,4126102
1982-11-02,1.366714,1.407818,1.366714,1.392404,0.941906,6865484
1982-11-03,1.392404,1.461767,1.382128,1.459198,0.987089,16514141
1982-11-04,1.459198,1.469474,1.438646,1.438646,0.973187,16655246
1982-11-05,1.428370,1.428370,1.410387,1.415525,0.957546,10198479
1982-11-08,1.407818,1.407818,1.376990,1.376990,0.931479,6466498
1982-11-09,1.376990,1.387266,1.364145,1.376990,0.931479,10704511
1982-11-10,1.376990,1.402680,1.364145,1.376990,0.931479,8179219
1982-11-11,1.376990,1.397542,1.369283,1.394973,0.943644,1479169
1982-11-12,1.397542,1.412956,1.397542,1.402680,0.948857,5444703
1982-11-15,1.394973,1.394973,1.376990,1.387266,0.938430,5191688
1982-11-16,1.382128,1.382128,1.351299,1.356438,0.917576,7634263
1982-11-17,1.356438,1.371852,1.320471,1.323040,0.894984,11473289
1982-11-18,1.323040,1.348730,1.312764,1.348730,0.912362,5026254
1982-11-19,1.351299,1.374421,1.351299,1.356438,0.917576,7352053
1982-11-22,1.356438,1.356438,1.333316,1.335885,0.903673,4281804
1982-11-23,1.335885,1.341023,1.274229,1.279367,0.865441,8558743
1982-11-24,1.279367,1.284505,1.263953,1.279367,0.865441,7614800
1982-11-26,1.281936,1.312764,1.281936,1.312764,0.888033,1941409
1982-11-29,1.312764,1.320471,1.302488,1.315333,0.893969,12709174
1982-11-30,1.315333,1.356438,1.312764,1.353868,0.920159,6232945
1982-12-01,1.361576,1.402680,1.361576,1.387266,0.942859,9940598
1982-12-02,1.387266,1.400111,1.376990,1.376990,0.935875,7940801
1982-12-03,1.376990,1.384697,1.366714,1.369283,0.930637,4116371
1982-12-06,1.369283,1.397542,1.348730,1.397542,0.949843,5975063
1982-12-07,1.402680,1.441215,1.402680,1.423232,0.967303,12412367
1982-12-08,1.423232,1.443784,1.402680,1.438646,0.977779,12081500
1982-12-09,1.428370,1.428370,1.394973,1.397542,0.949843,8047846
1982-12-10,1.392404,1.392404,1.315333,1.338454,0.909683,8685251
1982-12-13,1.335885,1.335885,1.305057,1.315333,0.893969,3075114
1982-12-14,1.315333,1.335885,1.271660,1.271660,0.864287,10865079
1982-12-15,1.271660,1.284505,1.263953,1.274229,0.866033,3965535
1982-12-16,1.274229,1.279367,1.266522,1.276798,0.867779,3031323
1982-12-17,1.281936,1.315333,1.281936,1.302488,0.885239,7074709
1982-12-20,1.302488,1.307626,1.284505,1.284505,0.873017,6539483
1982-12-21,1.284505,1.294781,1.269091,1.294781,0.880002,6860618
1982-12-22,1.294781,1.297350,1.279367,1.294781,0.880002,6928738
1982-12-23,1.299919,1.315333,1.299919,1.312764,0.892224,3036189
1982-12-27,1.312764,1.335885,1.307626,1.330747,0.904446,3332995
1982-12-28,1.330747,1.335885,1.312764,1.312764,0.892224,3099442
1982-12-29,1.312764,1.315333,1.294781,1.294781,0.880002,4150431
1982-12-30,1.294781,1.299919,1.292212,1.292212,0.878255,3269742
1982-12-31,1.292212,1.302488,1.292212,1.299919,0.883493,1824633
1983-01-03,1.299919,1.305057,1.279367,1.279367,0.869525,2773441
1983-01-04,1.279367,1.305057,1.276798,1.299919,0.883493,4471566
1983-01-05,1.297350,1.297350,1.253677,1.261384,0.857303,6403244
1983-01-06,1.261384,1.281936,1.258815,1.258815,0.855557,15920527
1983-01-07,1.261384,1.279367,1.261384,1.271660,0.864287,11512215
1983-01-10,1.271660,1.294781,1.269091,1.289643,0.876509,3800101
1983-01-11,1.289643,1.302488,1.279367,1.287074,0.874763,5060314
1983-01-12,1.287074,1.335885,1.287074,1.320471,0.897462,6403244
1983-01-13,1.320471,1.328178,1.312764,1.328178,0.902699,3464369
1983-01-14,1.328178,1.348730,1.310195,1.310195,0.890478,6665991
1983-01-17,1.310195,1.320471,1.274229,1.274229,0.866033,5118702
1983-01-18,1.269091,1.269091,1.235694,1.266522,0.860795,6773036
1983-01-19,1.310195,1.351299,1.310195,1.351299,0.918413,13760162
1983-01-20,1.351299,1.364145,1.335885,1.361576,0.925398,6675722
1983-01-21,1.361576,1.392404,1.338454,1.392404,0.946351,6481095
1983-01-24,1.382128,1.382128,1.356438,1.361576,0.925398,8252205
1983-01-25,1.361576,1.384697,1.346161,1.379559,0.937621,3834161
1983-01-26,1.379559,1.392404,1.369283,1.374421,0.934129,2379321
1983-01-27,1.374421,1.394973,1.366714,1.394973,0.948097,12616726
1983-01-28,1.394973,1.402680,1.371852,1.387266,0.942859,5211151
1983-01-31,1.387266,1.387266,1.374421,1.384697,0.941113,2393918
1983-02-01,1.384697,1.387266,1.364145,1.371852,0.932383,4583477
1983-02-02,1.371852,1.394973,1.366714,1.387266,0.942859,4734313
1983-02-03,1.387266,1.400111,1.382128,1.387266,0.942859,4213685
1983-02-04,1.387266,1.394973,1.374421,1.382128,0.939366,5595540
1983-02-07,1.382128,1.387266,1.374421,1.382128,0.939366,3425443
1983-02-08,1.387266,1.397542,1.387266,1.392404,0.946351,3673594
1983-02-09,1.392404,1.392404,1.364145,1.374421,0.934129,4627268
1983-02-10,1.374421,1.410387,1.371852,1.397542,0.949843,3770907
1983-02-11,1.397542,1.423232,1.392404,1.397542,0.949843,3975266
1983-02-14,1.397542,1.397542,1.346161,1.364145,0.927145,10592600
1983-02-15,1.364145,1.382128,1.356438,1.371852,0.932383,13550938
1983-02-16,1.374421,1.392404,1.374421,1.387266,0.942859,2087380
1983-02-17,1.387266,1.420663,1.387266,1.415525,0.962065,3561683
1983-02-18,1.420663,1.474612,1.420663,1.466905,0.996985,14052103
1983-02-22,1.466905,1.492595,1.454060,1.492595,1.014446,3045920
1983-02-23,1.513147,1.554251,1.513147,1.551682,1.054605,9843284
1983-02-24,1.551682,1.579941,1.551682,1.579941,1.073811,12139888
1983-02-25,1.579941,1.603063,1.567096,1.569665,1.066827,12801622
1983-02-28,1.559389,1.559389,1.536268,1.536268,1.044128,5746376
1983-03-01,1.551682,1.597924,1.551682,1.585079,1.077303,5269539
1983-03-02,1.585079,1.600493,1.585079,1.600493,1.087779,9750836
1983-03-03,1.603063,1.615908,1.603063,1.605632,1.091272,6554080
1983-03-04,1.605632,1.618477,1.597924,1.600493,1.087779,6130765
1983-03-07,1.600493,1.613339,1.590217,1.597924,1.090233,4111505
1983-03-08,1.597924,1.600493,1.585079,1.585079,1.081469,4101774
1983-03-09,1.585079,1.595355,1.572234,1.595355,1.088480,4335327
1983-03-10,1.595355,1.605632,1.590217,1.595355,1.088480,5469032
1983-03-11,1.595355,1.597924,1.585079,1.585079,1.081469,3347592
1983-03-14,1.585079,1.590217,1.567096,1.582510,1.079716,2617739
1983-03-15,1.579941,1.579941,1.561958,1.564527,1.067447,2593411
1983-03-16,1.564527,1.567096,1.536268,1.541406,1.051672,2583680
1983-03-17,1.538837,1.538837,1.520854,1.531130,1.044661,2301470
1983-03-18,1.531130,1.531130,1.520854,1.525992,1.041155,2174962
1983-03-21,1.525992,1.525992,1.505440,1.515716,1.034144,4150431
1983-03-22,1.520854,1.543975,1.520854,1.536268,1.048167,3761176
1983-03-23,1.536268,1.561958,1.533699,1.554251,1.060436,2457172
1983-03-24,1.556820,1.572234,1.556820,1.561958,1.065694,8145160
1983-03-25,1.561958,1.574803,1.556820,1.572234,1.072706,5430106
1983-03-28,1.579941,1.587648,1.579941,1.587648,1.083222,6991992
1983-03-29,1.592786,1.603063,1.592786,1.592786,1.086727,4354790
1983-03-30,1.592786,1.595355,1.577372,1.587648,1.083222,1771110
1983-03-31,1.587648,1.595355,1.567096,1.569665,1.070952,1834364
1983-04-04,1.569665,1.577372,1.554251,1.569665,1.070952,5853421
1983-04-05,1.579941,1.603063,1.579941,1.595355,1.088480,5172225
1983-04-06,1.595355,1.613339,1.592786,1.613339,1.100751,3756310
1983-04-07,1.613339,1.641598,1.608201,1.641598,1.120031,3877952
1983-04-08,1.641598,1.672426,1.633891,1.654443,1.128795,4646731
1983-04-11,1.662150,1.695547,1.662150,1.695547,1.156839,6383781
1983-04-12,1.695547,1.734082,1.682702,1.734082,1.183131,7298530
1983-04-13,1.734082,1.741789,1.718668,1.718668,1.172614,5070046
1983-04-14,1.718668,1.726375,1.708392,1.718668,1.172614,5216016
1983-04-15,1.718668,1.726375,1.705823,1.721237,1.174367,5196553
1983-04-18,1.721237,1.734082,1.718668,1.728944,1.179626,7026052
1983-04-19,1.726375,1.726375,1.698116,1.700685,1.160345,5663659
1983-04-20,1.700685,1.713530,1.690409,1.705823,1.163851,10247136
1983-04-21,1.705823,1.713530,1.644167,1.651874,1.127042,12553472
1983-04-22,1.651874,1.667288,1.646736,1.654443,1.128795,7094171
1983-04-25,1.654443,1.657012,1.644167,1.654443,1.128795,3459503
1983-04-26,1.654443,1.664719,1.646736,1.657012,1.130548,3610340
1983-04-27,1.657012,1.662150,1.608201,1.631322,1.113020,8529549
1983-04-28,1.628753,1.628753,1.603063,1.603063,1.093739,5619868
1983-04-29,1.603063,1.605632,1.587648,1.603063,1.093739,4315864
1983-05-02,1.603063,1.654443,1.590217,1.654443,1.128795,13117892
1983-05-03,1.649305,1.649305,1.608201,1.628753,1.111267,13049772
1983-05-04,1.633891,1.649305,1.633891,1.636460,1.116525,7833756
1983-05-05,1.636460,1.674995,1.636460,1.674995,1.142817,12436695
1983-05-06,1.674995,1.703254,1.674995,1.674995,1.142817,8028383
1983-05-09,1.669857,1.669857,1.639029,1.644167,1.121784,4320730
1983-05-10,1.561958,1.561958,1.538837,1.556820,1.062189,31870248
1983-05-11,1.554251,1.554251,1.508009,1.508009,1.028885,15429093
1983-05-12,1.513147,1.538837,1.513147,1.538837,1.049919,10806690
1983-05-13,1.543975,1.569665,1.543975,1.564527,1.067447,5177091
1983-05-16,1.556820,1.556820,1.531130,1.543975,1.053424,3824430
1983-05-17,1.543975,1.551682,1.538837,1.543975,1.053424,2038723
1983-05-18,1.543975,1.556820,1.525992,1.525992,1.041155,3367055
1983-05-19,1.525992,1.538837,1.520854,1.525992,1.041155,5619868
1983-05-20,1.525992,1.543975,1.523423,1.525992,1.041155,2851292
1983-05-23,1.525992,1.541406,1.518285,1.528561,1.042908,2462038
1983-05-24,1.528561,1.536268,1.518285,1.531130,1.044661,4578611
1983-05-25,1.531130,1.556820,1.523423,1.551682,1.058683,5391181
1983-05-26,1.556820,1.597924,1.556820,1.577372,1.076211,6339990
1983-05-27,1.577372,1.595355,1.551682,1.551682,1.058683,4578611
1983-05-31,1.551682,1.554251,1.538837,1.543975,1.053424,2822098
1983-06-01,1.543975,1.549113,1.536268,1.538837,1.049919,3196756
1983-06-02,1.538837,1.551682,1.531130,1.546544,1.055178,3848758
1983-06-03,1.546544,1.546544,1.505440,1.505440,1.027133,3989863
1983-06-06,1.505440,1.513147,1.466905,1.479750,1.009605,5634465
1983-06-07,1.474612,1.474612,1.430939,1.436077,0.979808,16324379
1983-06-08,1.436077,1.446353,1.428370,1.428370,0.974550,6510289
1983-06-09,1.425801,1.425801,1.407818,1.412956,0.964032,7678054
1983-06-10,1.412956,1.423232,1.397542,1.405249,0.958774,7609934
1983-06-13,1.405249,1.415525,1.397542,1.405249,0.958774,4549417
1983-06-14,1.405249,1.412956,1.397542,1.397542,0.953517,5250076
1983-06-15,1.384697,1.384697,1.366714,1.384697,0.944752,3941206
1983-06-16,1.392404,1.415525,1.392404,1.397542,0.953517,15453421
1983-06-17,1.397542,1.400111,1.379559,1.379559,0.941247,5396047
1983-06-20,1.379559,1.394973,1.379559,1.382128,0.943000,8982058
1983-06-21,1.382128,1.382128,1.346161,1.364145,0.930730,24800405
1983-06-22,1.364145,1.371852,1.335885,1.348730,0.920213,9283730
1983-06-23,1.351299,1.361576,1.351299,1.359007,0.927225,3654131
1983-06-24,1.359007,1.366714,1.356438,1.366714,0.932483,4963001
1983-06-27,1.366714,1.374421,1.356438,1.364145,0.930730,5347390
1983-06-28,1.364145,1.374421,1.364145,1.374421,0.937741,9040446
1983-06-29,1.374421,1.382128,1.366714,1.382128,0.943000,18338773
1983-06-30,1.382128,1.394973,1.382128,1.392404,0.950011,6062646
1983-07-01,1.392404,1.394973,1.369283,1.376990,0.943673,4651597
1983-07-05,1.371852,1.371852,1.356438,1.361576,0.933109,3576280
1983-07-06,1.361576,1.376990,1.356438,1.376990,0.943673,1960872
1983-07-07,1.376990,1.376990,1.356438,1.356438,0.929588,5868018
1983-07-08,1.356438,1.356438,1.330747,1.330747,0.911982,3542220
1983-07-11,1.335885,1.346161,1.335885,1.338454,0.917263,2836695
1983-07-12,1.338454,1.338454,1.315333,1.315333,0.901419,3104308
1983-07-13,1.315333,1.317902,1.299919,1.315333,0.901419,2603142
1983-07-14,1.325609,1.346161,1.325609,1.341023,0.919024,4685656
1983-07-15,1.341023,1.341023,1.328178,1.330747,0.911982,2968069
1983-07-18,1.330747,1.333316,1.315333,1.320471,0.904939,6855753
1983-07-19,1.315333,1.315333,1.276798,1.284505,0.880291,6773036
1983-07-20,1.289643,1.315333,1.289643,1.315333,0.901419,18766954
1983-07-21,1.323040,1.346161,1.323040,1.335885,0.915504,14173746
1983-07-22,1.335885,1.353868,1.335885,1.341023,0.919024,1649468
1983-07-25,1.341023,1.351299,1.328178,1.348730,0.924306,6826559
1983-07-26,1.356438,1.402680,1.356438,1.394973,0.955997,4388849
1983-07-27,1.394973,1.397542,1.351299,1.364145,0.934870,4802433
1983-07-28,1.361576,1.361576,1.330747,1.330747,0.911982,4272073
1983-07-29,1.330747,1.333316,1.284505,1.294781,0.887334,13657983
1983-08-01,1.294781,1.315333,1.292212,1.305057,0.894376,7050380
1983-08-02,1.305057,1.348730,1.305057,1.320471,0.904939,8067309
1983-08-03,1.335885,1.371852,1.335885,1.371852,0.940152,4928941
1983-08-04,1.371852,1.400111,1.315333,1.341023,0.919024,9492955
1983-08-05,1.341023,1.343592,1.305057,1.312764,0.899658,7152560
1983-08-08,1.310195,1.310195,1.274229,1.274229,0.873249,10003852
1983-08-09,1.279367,1.307626,1.279367,1.307626,0.896136,6520020
1983-08-10,1.307626,1.312764,1.271660,1.271660,0.871489,15146883
1983-08-11,1.274229,1.302488,1.274229,1.294781,0.887334,3717385
1983-08-12,1.294781,1.307626,1.274229,1.274229,0.873249,5615003
1983-08-15,1.274229,1.287074,1.274229,1.276798,0.875010,5206285
1983-08-16,1.274229,1.274229,1.245970,1.251108,0.857404,4958135
1983-08-17,1.253677,1.294781,1.253677,1.284505,0.880291,4885150
1983-08-18,1.284505,1.284505,1.258815,1.258815,0.862686,1021794
1983-08-19,1.258815,1.261384,1.233125,1.235694,0.846841,4807299
1983-08-22,1.235694,1.248539,1.207435,1.207435,0.827474,10368779
1983-08-23,1.207435,1.225418,1.199728,1.204866,0.825714,15628586
1983-08-24,1.204866,1.207435,1.171469,1.174038,0.804587,9930867
1983-08-25,1.174038,1.181745,1.150917,1.163762,0.797545,12616726
1983-08-26,1.163762,1.168900,1.150917,1.161193,0.795784,6140497
1983-08-29,1.158624,1.158624,1.148348,1.153486,0.790502,7780233
1983-08-30,1.153486,1.179176,1.153486,1.174038,0.804587,4612671
1983-08-31,1.176607,1.220280,1.176607,1.210004,0.829235,6797364
1983-09-01,1.210004,1.220280,1.202297,1.212573,0.830996,6588140
1983-09-02,1.212573,1.222849,1.197159,1.210004,0.829235,8918804
1983-09-06,1.217711,1.238263,1.217711,1.225418,0.839798,6383781
1983-09-07,1.225418,1.245970,1.220280,1.243401,0.852122,11244602
1983-09-08,1.243401,1.248539,1.225418,1.233125,0.845080,11424633
1983-09-09,1.233125,1.248539,1.222849,1.227987,0.841559,3722250
1983-09-12,1.227987,1.235694,1.212573,1.220280,0.836277,7400710
1983-09-13,1.215142,1.215142,1.199728,1.212573,0.830996,10728839
1983-09-14,1.212573,1.212573,1.192021,1.197159,0.820432,8471161
1983-09-15,1.197159,1.222849,1.194590,1.222849,0.838037,8008920
1983-09-16,1.222849,1.279367,1.222849,1.261384,0.864446,4155297
1983-09-19,1.261384,1.269091,1.253677,1.269091,0.869728,1839230
1983-09-20,1.269091,1.279367,1.261384,1.269091,0.869728,5284136
1983-09-21,1.266522,1.266522,1.253677,1.266522,0.867968,5035986
1983-09-22,1.266522,1.276798,1.245970,1.245970,0.853883,9643791
1983-09-23,1.245970,1.248539,1.215142,1.233125,0.845080,6101571
1983-09-26,1.233125,1.294781,1.233125,1.284505,0.880291,12027978
1983-09-27,1.276798,1.276798,1.261384,1.269091,0.869728,3075114
1983-09-28,1.271660,1.307626,1.271660,1.302488,0.892616,7201216
1983-09-29,1.305057,1.328178,1.305057,1.305057,0.894376,5391181
1983-09-30,1.305057,1.307626,1.263953,1.274229,0.873249,11049975
1983-10-03,1.274229,1.274229,1.256246,1.269091,0.869728,4617537
1983-10-04,1.269091,1.276798,1.269091,1.276798,0.875010,5493360
1983-10-05,1.276798,1.294781,1.274229,1.294781,0.887334,4213685
1983-10-06,1.294781,1.297350,1.271660,1.289643,0.883813,9950329
1983-10-07,1.289643,1.297350,1.281936,1.289643,0.888059,4359655
1983-10-10,1.289643,1.289643,1.276798,1.284505,0.884521,2739382
1983-10-11,1.284505,1.287074,1.253677,1.253677,0.863292,4515357
1983-10-12,1.253677,1.266522,1.251108,1.256246,0.865061,10699645
1983-10-13,1.256246,1.271660,1.253677,1.263953,0.870368,7911607
1983-10-14,1.276798,1.294781,1.276798,1.294781,0.891597,2539888
1983-10-17,1.297350,1.315333,1.297350,1.297350,0.893366,4247745
1983-10-18,1.297350,1.310195,1.287074,1.289643,0.888059,6320527
1983-10-19,1.289643,1.294781,1.274229,1.274229,0.877445,2875621
1983-10-20,1.274229,1.292212,1.266522,1.274229,0.877445,4398581
1983-10-21,1.274229,1.281936,1.245970,1.253677,0.863292,7517486
1983-10-24,1.253677,1.253677,1.238263,1.251108,0.861523,4948403
1983-10-25,1.251108,1.266522,1.251108,1.251108,0.861523,1732184
1983-10-26,1.251108,1.261384,1.243401,1.253677,0.863292,1527826
1983-10-27,1.253677,1.253677,1.238263,1.245970,0.857985,1104511
1983-10-28,1.245970,1.253677,1.235694,1.240832,0.854447,1050988
1983-10-31,1.240832,1.256246,1.233125,1.256246,0.865061,2204156
1983-11-01,1.253677,1.253677,1.235694,1.248539,0.859754,2019260
1983-11-02,1.251108,1.269091,1.251108,1.263953,0.870368,3386518
1983-11-03,1.263953,1.274229,1.263953,1.269091,0.873906,1668931
1983-11-04,1.269091,1.274229,1.256246,1.274229,0.877445,2535023
1983-11-07,1.274229,1.294781,1.266522,1.281936,0.882751,2140902
1983-11-08,1.281936,1.281936,1.240832,1.240832,0.854447,1376989
1983-11-09,1.240832,1.243401,1.184314,1.207435,0.831450,11526812
1983-11-10,1.068708,1.068708,0.971086,0.971086,0.668698,111930258
1983-11-11,0.989069,1.025035,0.989069,1.012190,0.697003,56938267
1983-11-14,1.019897,1.043018,1.019897,1.035311,0.712924,28313431
1983-11-15,1.035311,1.045587,1.022466,1.027604,0.707617,10933198
1983-11-16,1.027604,1.037880,1.022466,1.032742,0.711155,9862747
1983-11-17,1.032742,1.043018,1.017328,1.025035,0.705848,9663254
1983-11-18,1.022466,1.022466,0.991638,1.004483,0.691695,8621997
1983-11-21,1.004483,1.022466,1.004483,1.014759,0.698771,10753168
1983-11-22,1.014759,1.022466,0.996776,1.007052,0.693464,9473492
1983-11-23,1.004483,1.004483,0.986500,0.999345,0.688157,13876939
1983-11-25,0.999345,0.999345,0.983931,0.991638,0.682850,7590471
1983-11-28,0.991638,1.004483,0.978793,0.983931,0.677543,11049975
1983-11-29,0.983931,1.001914,0.983931,0.999345,0.688157,7361784
1983-11-30,0.999345,1.007052,0.991638,0.991638,0.682850,7775367
1983-12-01,0.991638,1.001914,0.991638,0.999345,0.688157,7901875
1983-12-02,1.007052,1.089260,1.007052,1.061001,0.730614,28780537
1983-12-05,1.061001,1.078984,1.048156,1.073846,0.739459,10164420
1983-12-06,1.073846,1.084122,1.050725,1.058432,0.728845,11575469
1983-12-07,1.058432,1.071277,1.058432,1.066139,0.734152,5045717
1983-12-08,1.066139,1.078984,1.058432,1.058432,0.728845,7614800
1983-12-09,1.058432,1.068708,1.043018,1.048156,0.721769,4413178
1983-12-12,1.048156,1.053294,1.043018,1.048156,0.726040,2856158
1983-12-13,1.048156,1.061001,1.043018,1.045587,0.724260,3980132
1983-12-14,1.045587,1.050725,1.025035,1.030173,0.713583,6889812
1983-12-15,1.030173,1.032742,1.009621,1.012190,0.701127,19793614
1983-12-16,1.012190,1.017328,1.004483,1.012190,0.701127,5902078
1983-12-19,1.017328,1.045587,1.017328,1.032742,0.715363,8913938
1983-12-20,1.040449,1.050725,1.040449,1.045587,0.724260,6033452
1983-12-21,1.048156,1.063570,1.048156,1.058432,0.733158,4890015
1983-12-22,1.058432,1.066139,1.050725,1.053294,0.729599,6524886
1983-12-23,1.053294,1.066139,1.048156,1.063570,0.736717,2009529
1983-12-27,1.063570,1.063570,1.048156,1.050725,0.727819,3790370
1983-12-28,1.053294,1.073846,1.053294,1.073846,0.743835,3916878
1983-12-29,1.076415,1.091829,1.076415,1.084122,0.750953,7789965
1983-12-30,1.084122,1.099536,1.081553,1.084122,0.750953,6354587
1984-01-03,1.084122,1.096967,1.081553,1.081553,0.749174,4106640
1984-01-04,1.084122,1.114951,1.084122,1.089260,0.754512,11069437
1984-01-05,1.089260,1.104674,1.084122,1.094398,0.758071,18786417
1984-01-06,1.094398,1.096967,1.078984,1.084122,0.750953,5673391
1984-01-09,1.084122,1.086691,1.076415,1.084122,0.750953,5240345
1984-01-10,1.084122,1.084122,1.040449,1.048156,0.726040,10879676
1984-01-11,1.048156,1.048156,1.027604,1.045587,0.724260,10354181
1984-01-12,1.045587,1.068708,1.045587,1.063570,0.736717,11069437
1984-01-13,1.063570,1.094398,1.061001,1.078984,0.747394,14801419
1984-01-16,1.078984,1.104674,1.078984,1.099536,0.761630,12543740
1984-01-17,1.099536,1.102105,1.071277,1.078984,0.747394,11030512
1984-01-18,1.086691,1.120089,1.086691,1.117520,0.774087,18757223
1984-01-19,1.117520,1.125227,1.107243,1.120089,0.775867,11302990
1984-01-20,1.114951,1.114951,1.084122,1.086691,0.752732,4194222
1984-01-23,1.086691,1.099536,1.081553,1.089260,0.754512,5644197
1984-01-24,1.089260,1.102105,1.081553,1.081553,0.749174,6101571
1984-01-25,1.081553,1.094398,1.078984,1.081553,0.749174,4748910
1984-01-26,1.086691,1.099536,1.086691,1.089260,0.754512,6150228
1984-01-27,1.089260,1.109813,1.089260,1.109813,0.768749,3274607
1984-01-30,1.114951,1.130365,1.114951,1.130365,0.782985,7157425
1984-01-31,1.132934,1.163762,1.132934,1.156055,0.800780,30138064
1984-02-01,1.156055,1.161193,1.138072,1.140641,0.790103,11794425
1984-02-02,1.140641,1.145779,1.125227,1.135503,0.786543,5391181
1984-02-03,1.135503,1.145779,1.120089,1.127796,0.781205,4228282
1984-02-06,1.117520,1.117520,1.089260,1.112382,0.770528,9887076
1984-02-07,1.112382,1.112382,1.094398,1.104674,0.765189,9736239
1984-02-08,1.104674,1.109813,1.073846,1.078984,0.747394,3912012
1984-02-09,1.078984,1.081553,1.055863,1.068708,0.740276,5989660
1984-02-10,1.068708,1.078984,1.063570,1.076415,0.745615,4194222
1984-02-13,1.076415,1.078984,1.058432,1.066139,0.738496,3342727
1984-02-14,1.066139,1.066139,1.040449,1.053294,0.729599,8500355
1984-02-15,1.053294,1.058432,1.004483,1.004483,0.695788,16441156
1984-02-16,1.004483,1.032742,1.004483,1.017328,0.704686,6865484
1984-02-17,1.017328,1.022466,1.001914,1.001914,0.694009,6349721
1984-02-21,1.007052,1.027604,1.007052,1.012190,0.701127,7011455
1984-02-22,1.007052,1.007052,0.996776,1.001914,0.694009,7536949
1984-02-23,1.001914,1.025035,0.994207,1.022466,0.708245,9604866
1984-02-24,1.025035,1.058432,1.025035,1.053294,0.729599,11351647
1984-02-27,1.050725,1.050725,1.035311,1.050725,0.727819,3707653
1984-02-28,1.045587,1.045587,1.022466,1.027604,0.711804,6753573
1984-02-29,1.027604,1.037880,1.022466,1.027604,0.711804,11721439
1984-03-01,1.027604,1.073846,1.022466,1.071277,0.742055,19418956
1984-03-02,1.071277,1.073846,1.055863,1.066139,0.738496,9570806
1984-03-05,1.063570,1.063570,1.040449,1.043018,0.722481,4909478
1984-03-06,1.043018,1.050725,1.040449,1.043018,0.722481,1883021
1984-03-07,1.035311,1.035311,1.027604,1.035311,0.717142,4048251
1984-03-08,1.035311,1.043018,1.019897,1.037880,0.723229,10154688
1984-03-09,1.043018,1.078984,1.043018,1.073846,0.748292,13959655
1984-03-12,1.073846,1.102105,1.068708,1.102105,0.767983,18431221
1984-03-13,1.102105,1.176607,1.096967,1.166331,0.812738,9872478
1984-03-14,1.166331,1.238263,1.166331,1.184314,0.825269,47888089
1984-03-15,1.184314,1.189452,1.163762,1.168900,0.814528,12670248
1984-03-16,1.168900,1.192021,1.153486,1.156055,0.805577,15142017
1984-03-19,1.156055,1.212573,1.135503,1.207435,0.841381,24552255
1984-03-20,1.207435,1.287074,1.204866,1.253677,0.873603,91528434
1984-03-21,1.253677,1.305057,1.253677,1.302488,0.907617,70747086
1984-03-22,1.294781,1.294781,1.248539,1.263953,0.880764,50457172
1984-03-23,1.263953,1.323040,1.256246,1.312764,0.914778,48744450
1984-03-26,1.312764,1.353868,1.299919,1.312764,0.914778,57210745
1984-03-27,1.310195,1.310195,1.279367,1.292212,0.900456,31592904
1984-03-28,1.292212,1.315333,1.266522,1.315333,0.916567,42535834
1984-03-29,1.315333,1.346161,1.256246,1.335885,0.930889,978003
1984-03-30,1.335885,1.397542,1.323040,1.374421,0.957742,19628180
1984-04-02,1.369283,1.369283,1.325609,1.330747,0.927308,48783376
1984-04-03,1.330747,1.374421,1.320471,1.369283,0.954162,74445008
1984-04-04,1.369283,1.384697,1.346161,1.356438,0.945211,30176989
1984-04-05,1.356438,1.376990,1.346161,1.369283,0.954162,26800203
1984-04-06,1.369283,1.387266,1.356438,1.376990,0.959533,31018753
1984-04-09,1.376990,1.376990,1.351299,1.361576,0.948791,21700963
1984-04-10,1.361576,1.379559,1.348730,1.369283,0.954162,35787126
1984-04-11,1.369283,1.371852,1.305057,1.317902,0.918358,53984795
1984-04-12,1.317902,1.330747,1.284505,1.330747,0.927308,69384693
1984-04-13,1.330747,1.330747,1.302488,1.315333,0.916567,14295388
1984-04-16,1.315333,1.317902,1.279367,1.307626,0.911197,12397770
1984-04-17,1.307626,1.315333,1.256246,1.269091,0.884344,16752560
1984-04-18,1.271660,1.297350,1.271660,1.279367,0.891505,21355499
1984-04-19,1.279367,1.287074,1.253677,1.253677,0.873603,20951647
1984-04-23,1.253677,1.258815,1.220280,1.222849,0.852122,21092752
1984-04-24,1.222849,1.240832,1.220280,1.227987,0.855703,13555803
1984-04-25,1.227987,1.294781,1.215142,1.294781,0.902246,21822605
1984-04-26,1.294781,1.346161,1.294781,1.330747,0.927308,41295084
1984-04-27,1.330747,1.330747,1.292212,1.310195,0.912988,18781551
1984-04-30,1.307626,1.307626,1.287074,1.292212,0.900456,11677648
1984-05-01,1.299919,1.361576,1.299919,1.356438,0.945211,93275215
1984-05-02,1.356438,1.356438,1.325609,1.335885,0.930889,43163507
1984-05-03,1.335885,1.341023,1.323040,1.325609,0.923728,11687380
1984-05-04,1.325609,1.328178,1.305057,1.315333,0.916567,8675520
1984-05-07,1.315333,1.330747,1.310195,1.325609,0.923728,4004460
1984-05-08,1.325609,1.325609,1.307626,1.312764,0.914778,8339787
1984-05-09,1.312764,1.320471,1.302488,1.317902,0.918358,4817030
1984-05-10,1.317902,1.320471,1.274229,1.289643,0.898666,12485352
1984-05-11,1.289643,1.292212,1.271660,1.289643,0.898666,10227674
1984-05-14,1.289643,1.328178,1.274229,1.315333,0.916567,10003852
1984-05-15,1.315333,1.320471,1.299919,1.307626,0.911197,5892347
1984-05-16,1.307626,1.320471,1.281936,1.305057,0.909407,21087886
1984-05-17,1.305057,1.341023,1.253677,1.305057,0.909407,35665484
1984-05-18,1.302488,1.302488,1.256246,1.299919,0.905826,77948302
1984-05-21,1.299919,1.320471,1.281936,1.289643,0.898666,41990877
1984-05-22,1.289643,1.305057,1.276798,1.294781,0.902246,50846427
1984-05-23,1.302488,1.364145,1.302488,1.361576,0.948791,95416118
1984-05-24,1.361576,1.364145,1.323040,1.343592,0.936259,56004055
1984-05-25,1.343592,1.428370,1.341023,1.407818,0.981014,55390978
1984-05-29,1.384697,1.384697,1.310195,1.317902,0.918358,44253421
1984-05-30,1.315333,1.315333,1.274229,1.294781,0.902246,32590370
1984-05-31,1.294781,1.305057,1.266522,1.284505,0.895086,35777395
1984-06-01,1.317902,1.335885,1.317902,1.320471,0.920148,41562696
1984-06-04,1.320471,1.356438,1.320471,1.330747,0.927308,28250177
1984-06-05,1.330747,1.333316,1.297350,1.320471,0.920148,26965636
1984-06-06,1.320471,1.343592,1.274229,1.330747,0.927308,76882717
1984-06-07,1.330747,1.346161,1.305057,1.335885,0.935223,64772022
1984-06-08,1.335885,1.374421,1.315333,1.315333,0.920834,51075114
1984-06-11,1.315333,1.315333,1.114951,1.114951,0.780551,72537658
1984-06-12,1.053294,1.053294,0.996776,1.043018,0.730193,149425241
1984-06-13,1.043018,1.050725,1.007052,1.007052,0.705014,42341206
1984-06-14,1.007052,1.025035,0.981362,1.004483,0.703215,32712012
1984-06-15,1.004483,1.017328,0.994207,1.017328,0.712208,17287785
1984-06-18,1.017328,1.030173,0.999345,1.017328,0.712208,30322960
1984-06-19,1.017328,1.019897,0.999345,1.007052,0.705014,9035580
1984-06-20,1.007052,1.007052,0.978793,1.007052,0.705014,15351242
1984-06-21,1.007052,1.019897,0.996776,1.004483,0.703215,11721439
1984-06-22,1.004483,1.032742,0.999345,1.025035,0.717604,16426559
1984-06-25,0.983931,0.983931,0.950534,0.953103,0.667245,35188647
1984-06-26,0.958241,0.971086,0.958241,0.963379,0.674439,26187126
1984-06-27,0.963379,0.976224,0.960810,0.968517,0.678037,14159149
1984-06-28,0.968517,0.978793,0.953103,0.958241,0.670843,13555803
1984-06-29,0.960810,0.973655,0.960810,0.973655,0.681634,12407501
1984-07-02,0.968517,0.968517,0.947965,0.950534,0.665447,23452610
1984-07-03,0.950534,0.950534,0.929982,0.937689,0.656455,14003447
1984-07-05,0.937689,0.953103,0.935120,0.945396,0.661850,22221591
1984-07-06,0.945396,0.945396,0.935120,0.945396,0.661850,10324987
1984-07-09,0.945396,0.965948,0.935120,0.965948,0.676238,10782362
1984-07-10,0.965948,0.981362,0.960810,0.978793,0.685230,11327319
1984-07-11,0.978793,0.983931,0.971086,0.981362,0.687029,6549214
1984-07-12,0.981362,0.989069,0.973655,0.986500,0.690626,7536949
1984-07-13,0.986500,1.063570,0.986500,1.063570,0.744581,29383882
1984-07-16,1.053294,1.053294,1.017328,1.037880,0.726596,26566650
1984-07-17,1.037880,1.117520,1.030173,1.086691,0.760767,47459909
1984-07-18,1.104674,1.138072,1.104674,1.117520,0.782350,43815509
1984-07-19,1.117520,1.117520,1.096967,1.099536,0.769760,14781956
1984-07-20,1.094398,1.094398,1.048156,1.078984,0.755372,26493664
1984-07-23,1.078984,1.112382,1.063570,1.109813,0.776955,18912924
1984-07-24,1.109813,1.112382,1.081553,1.091829,0.764364,8432235
1984-07-25,1.096967,1.125227,1.096967,1.117520,0.782350,12431830
1984-07-26,1.120089,1.140641,1.120089,1.120089,0.784149,12426964
1984-07-27,1.120089,1.127796,1.084122,1.107243,0.775155,8403041
1984-07-30,1.107243,1.122658,1.102105,1.104674,0.773357,3970400
1984-07-31,1.104674,1.114951,1.084122,1.084122,0.758969,5897212
1984-08-01,1.089260,1.130365,1.089260,1.130365,0.791343,17180740
1984-08-02,1.130365,1.145779,1.112382,1.140641,0.798536,11925798
1984-08-03,1.140641,1.163762,1.127796,1.161193,0.812924,16110289
1984-08-06,1.161193,1.163762,1.140641,1.145779,0.802133,11468424
1984-08-07,1.145779,1.163762,1.135503,1.145779,0.802133,9736239
1984-08-08,1.145779,1.161193,1.145779,1.148348,0.803932,6894678
1984-08-09,1.148348,1.158624,1.145779,1.150917,0.805730,4953269
1984-08-10,1.150917,1.161193,1.150917,1.150917,0.805730,8359250
1984-08-13,1.150917,1.150917,1.125227,1.150917,0.805730,6393512
1984-08-14,1.145779,1.145779,1.130365,1.135503,0.794939,7463964
1984-08-15,1.140641,1.181745,1.140641,1.156055,0.809328,12660517
1984-08-16,1.156055,1.184314,1.156055,1.181745,0.827312,8500355
1984-08-17,1.181745,1.210004,1.168900,1.184314,0.829111,11512215
1984-08-20,1.184314,1.202297,1.184314,1.184314,0.829111,14373239
1984-08-21,1.184314,1.189452,1.174038,1.179176,0.825514,8889610
1984-08-22,1.179176,1.186883,1.153486,1.161193,0.812924,6690319
1984-08-23,1.161193,1.181745,1.153486,1.174038,0.821917,8441967
1984-08-24,1.174038,1.184314,1.156055,1.163762,0.814723,5697719
1984-08-27,1.161193,1.161193,1.135503,1.158624,0.811126,8130563
1984-08-28,1.145779,1.145779,1.132934,1.140641,0.798536,2277141
1984-08-29,1.143210,1.153486,1.143210,1.148348,0.803932,6013989
1984-08-30,1.148348,1.158624,1.148348,1.153486,0.807529,4700253
1984-08-31,1.153486,1.163762,1.150917,1.158624,0.811126,2452306
1984-09-04,1.158624,1.158624,1.150917,1.156055,0.809328,2101977
1984-09-05,1.156055,1.156055,1.148348,1.156055,0.809328,3576280
1984-09-06,1.158624,1.189452,1.158624,1.166331,0.816521,11682514
1984-09-07,1.166331,1.194590,1.158624,1.184314,0.829111,21511201
1984-09-10,1.184314,1.189452,1.174038,1.176607,0.823715,4272073
1984-09-11,1.176607,1.235694,1.161193,1.233125,0.863283,19803345
1984-09-12,1.230556,1.230556,1.210004,1.212573,0.848895,15039838
1984-09-13,1.212573,1.212573,1.204866,1.207435,0.849618,6048049
1984-09-14,1.207435,1.302488,1.207435,1.287074,0.905656,24746883
1984-09-17,1.287074,1.325609,1.269091,1.307626,0.920117,21968576
1984-09-18,1.302488,1.302488,1.263953,1.274229,0.896618,25408616
1984-09-19,1.274229,1.315333,1.274229,1.294781,0.911079,23759149
1984-09-20,1.294781,1.307626,1.276798,1.289643,0.907464,13434161
1984-09-21,1.289643,1.310195,1.274229,1.310195,0.921925,10519615
1984-09-24,1.289643,1.289643,1.207435,1.238263,0.871310,24897719
1984-09-25,1.238263,1.245970,1.217711,1.230556,0.865887,10743436
1984-09-26,1.230556,1.240832,1.194590,1.199728,0.844195,8359250
1984-09-27,1.202297,1.215142,1.202297,1.210004,0.851425,3795236
1984-09-28,1.210004,1.222849,1.210004,1.210004,0.851425,6695185
1984-10-01,1.199728,1.199728,1.166331,1.166331,0.820695,7133097
1984-10-02,1.166331,1.233125,1.161193,1.192021,0.838771,13959655
1984-10-03,1.192021,1.230556,1.166331,1.217711,0.856848,22236189
1984-10-04,1.217711,1.253677,1.120089,1.132934,0.797195,205867207
1984-10-05,1.132934,1.140641,1.102105,1.120089,0.788156,21666903
1984-10-08,1.120089,1.143210,1.120089,1.143210,0.804425,8398175
1984-10-09,1.148348,1.179176,1.148348,1.179176,0.829733,14397567
1984-10-10,1.179176,1.199728,1.179176,1.192021,0.838771,16197871
1984-10-11,1.192021,1.199728,1.192021,1.192021,0.838771,7702382
1984-10-12,1.192021,1.207435,1.186883,1.194590,0.840579,7016320
1984-10-15,1.194590,1.215142,1.192021,1.210004,0.851425,5585808
1984-10-16,1.210004,1.220280,1.204866,1.207435,0.849618,3727116
1984-10-17,1.207435,1.210004,1.192021,1.202297,0.846002,3921744
1984-10-18,1.202297,1.217711,1.199728,1.212573,0.853233,5298733
1984-10-19,1.212573,1.222849,1.174038,1.186883,0.835156,8641460
1984-10-22,1.186883,1.186883,1.176607,1.184314,0.833349,5858287
1984-10-23,1.184314,1.202297,1.179176,1.197159,0.842387,8067309
1984-10-24,1.199728,1.210004,1.199728,1.207435,0.849618,4359655
1984-10-25,1.204866,1.204866,1.186883,1.186883,0.835156,4709985
1984-10-26,1.186883,1.189452,1.176607,1.189452,0.836964,3931475
1984-10-29,1.189452,1.189452,1.171469,1.176607,0.827926,6437304
1984-10-30,1.176607,1.184314,1.176607,1.181745,0.831541,5571211
1984-10-31,1.181745,1.184314,1.174038,1.176607,0.827926,2671262
1984-11-01,1.176607,1.184314,1.171469,1.171469,0.824310,2573948
1984-11-02,1.171469,1.171469,1.156055,1.163762,0.818887,2418246
1984-11-05,1.163762,1.168900,1.156055,1.163762,0.818887,2262544
1984-11-06,1.163762,1.171469,1.163762,1.171469,0.824310,3435175
1984-11-07,1.171469,1.179176,1.166331,1.174038,0.826118,2622605
1984-11-08,1.184314,1.207435,1.184314,1.189452,0.836964,7094171
1984-11-09,1.189452,1.199728,1.184314,1.197159,0.842387,4744045
1984-11-12,1.197159,1.202297,1.194590,1.199728,0.844195,1304004
1984-11-13,1.199728,1.199728,1.186883,1.186883,0.835156,2097111
1984-11-14,1.186883,1.199728,1.186883,1.199728,0.844195,3138368
1984-11-15,1.199728,1.199728,1.189452,1.197159,0.842387,4291536
1984-11-16,1.197159,1.199728,1.189452,1.197159,0.842387,1965737
1984-11-19,1.192021,1.192021,1.181745,1.184314,0.833349,2617739
1984-11-20,1.184314,1.184314,1.166331,1.168900,0.822502,3070248
1984-11-21,1.168900,1.168900,1.156055,1.166331,0.820695,5186822
1984-11-23,1.166331,1.174038,1.163762,1.174038,0.826118,3201622
1984-11-26,1.174038,1.197159,1.174038,1.189452,0.836964,4612671
1984-11-27,1.189452,1.194590,1.181745,1.186883,0.835156,1401318
1984-11-28,1.197159,1.222849,1.197159,1.212573,0.853233,10626660
1984-11-29,1.212573,1.215142,1.202297,1.204866,0.847810,3761176
1984-11-30,1.204866,1.207435,1.197159,1.204866,0.847810,3882818
1984-12-03,1.204866,1.204866,1.189452,1.199728,0.844195,3303801
1984-12-04,1.199728,1.199728,1.181745,1.184314,0.837654,4607805
1984-12-05,1.184314,1.184314,1.163762,1.176607,0.832203,6091840
1984-12-06,1.176607,1.179176,1.171469,1.176607,0.832203,5624734
1984-12-07,1.176607,1.184314,1.176607,1.181745,0.835837,3663862
1984-12-10,1.181745,1.184314,1.171469,1.176607,0.832203,3858490
1984-12-11,1.176607,1.186883,1.176607,1.184314,0.837654,2997263
1984-12-12,1.184314,1.189452,1.181745,1.181745,0.835837,1717587
1984-12-13,1.181745,1.192021,1.181745,1.189452,0.841288,2471769
1984-12-14,1.189452,1.202297,1.189452,1.202297,0.850373,4739179
1984-12-17,1.202297,1.207435,1.194590,1.207435,0.854007,3323264
1984-12-18,1.207435,1.243401,1.207435,1.243401,0.879445,66805879
1984-12-19,1.243401,1.245970,1.240832,1.243401,0.879445,6558946
1984-12-20,1.243401,1.248539,1.235694,1.238263,0.875811,4782970
1984-12-21,1.238263,1.251108,1.238263,1.243401,0.879445,3537354
1984-12-24,1.248539,1.256246,1.248539,1.248539,0.883079,2822098
1984-12-26,1.248539,1.248539,1.243401,1.245970,0.881263,1041257
1984-12-27,1.245970,1.245970,1.238263,1.245970,0.881263,2306336
1984-12-28,1.245970,1.248539,1.240832,1.243401,0.879445,3172428
1984-12-31,1.243401,1.248539,1.230556,1.230556,0.870360,4554283
1985-01-02,1.233125,1.238263,1.233125,1.235694,0.873995,1707856
1985-01-03,1.233125,1.233125,1.222849,1.225418,0.866726,11901470
1985-01-04,1.222849,1.222849,1.217711,1.220280,0.863092,3323264
1985-01-07,1.225418,1.243401,1.225418,1.235694,0.873995,3381652
1985-01-08,1.235694,1.245970,1.230556,1.243401,0.879445,2997263
1985-01-09,1.248539,1.269091,1.248539,1.263953,0.893982,9444298
1985-01-10,1.263953,1.297350,1.263953,1.294781,0.915786,13273594
1985-01-11,1.294781,1.302488,1.292212,1.299919,0.919420,9784896
1985-01-14,1.299919,1.335885,1.294781,1.335885,0.944858,11950127
1985-01-15,1.335885,1.335885,1.299919,1.315333,0.930322,10563406
1985-01-16,1.315333,1.335885,1.315333,1.328178,0.939408,25661632
1985-01-17,1.328178,1.361576,1.328178,1.353868,0.957578,17404562
1985-01-18,1.353868,1.374421,1.351299,1.361576,0.963030,17156412
1985-01-21,1.361576,1.402680,1.356438,1.400111,0.990284,22786011
1985-01-22,1.400111,1.446353,1.397542,1.415525,1.001187,28775672
1985-01-23,1.415525,1.459198,1.402680,1.459198,1.032076,12037709
1985-01-24,1.459198,1.469474,1.433508,1.433508,1.013906,23204460
1985-01-25,1.433508,1.438646,1.423232,1.428370,1.010272,7245008
1985-01-28,1.428370,1.441215,1.425801,1.430939,1.012090,3002129
1985-01-29,1.436077,1.459198,1.436077,1.456629,1.030259,5254942
1985-01-30,1.464336,1.520854,1.464336,1.510578,1.068417,24206792
1985-01-31,1.510578,1.543975,1.505440,1.528561,1.081137,12996249
1985-02-01,1.528561,1.528561,1.508009,1.510578,1.068417,7634263
1985-02-04,1.510578,1.525992,1.502871,1.520854,1.075685,3503294
1985-02-05,1.525992,1.546544,1.525992,1.536268,1.086587,9327522
1985-02-06,1.536268,1.549113,1.528561,1.531130,1.082953,8714445
1985-02-07,1.536268,1.559389,1.536268,1.549113,1.095672,11264065
1985-02-08,1.549113,1.572234,1.543975,1.559389,1.102940,3639534
1985-02-11,1.559389,1.559389,1.538837,1.556820,1.101123,9142625
1985-02-12,1.554251,1.554251,1.541406,1.549113,1.095672,2812367
1985-02-13,1.549113,1.585079,1.549113,1.574803,1.113842,6364318
1985-02-14,1.592786,1.639029,1.592786,1.639029,1.159269,9273999
1985-02-15,1.639029,1.667288,1.595355,1.613339,1.141099,14110492
1985-02-19,1.613339,1.621046,1.592786,1.610770,1.139282,6140497
1985-02-20,1.603063,1.603063,1.577372,1.590217,1.124745,4982463
1985-02-21,1.569665,1.569665,1.561958,1.569665,1.110208,13278459
1985-02-22,1.569665,1.572234,1.559389,1.572234,1.112025,6023720
1985-02-25,1.572234,1.574803,1.567096,1.572234,1.112025,5347390
1985-02-26,1.572234,1.603063,1.572234,1.595355,1.128379,9502686
1985-02-27,1.595355,1.608201,1.592786,1.595355,1.128379,4009326
1985-02-28,1.595355,1.600493,1.585079,1.600493,1.132013,3843893
1985-03-01,1.600493,1.610770,1.567096,1.572234,1.112025,7303396
1985-03-04,1.572234,1.587648,1.572234,1.585079,1.121111,7546680
1985-03-05,1.585079,1.585079,1.569665,1.577372,1.120016,5113837
1985-03-06,1.577372,1.577372,1.559389,1.567096,1.112720,7356918
1985-03-07,1.561958,1.561958,1.531130,1.549113,1.099952,6354587
1985-03-08,1.541406,1.541406,1.520854,1.538837,1.092655,4048251
1985-03-11,1.531130,1.531130,1.513147,1.525992,1.083534,3863355
1985-03-12,1.525992,1.569665,1.520854,1.564527,1.110896,5099240
1985-03-13,1.564527,1.579941,1.556820,1.574803,1.118192,2880487
1985-03-14,1.574803,1.577372,1.564527,1.572234,1.116368,754181
1985-03-15,1.572234,1.577372,1.551682,1.577372,1.120016,3410846
1985-03-18,1.577372,1.590217,1.569665,1.585079,1.125489,3610340
1985-03-19,1.595355,1.644167,1.595355,1.641598,1.165621,5478763
1985-03-20,1.641598,1.641598,1.613339,1.633891,1.160148,6670857
1985-03-21,1.633891,1.641598,1.626184,1.633891,1.160148,1917081
1985-03-22,1.633891,1.649305,1.628753,1.644167,1.167445,3595743
1985-03-25,1.644167,1.644167,1.633891,1.644167,1.167445,3070248
1985-03-26,1.644167,1.644167,1.618477,1.639029,1.163796,3532489
1985-03-27,1.636460,1.636460,1.615908,1.626184,1.154676,2423112
1985-03-28,1.623615,1.623615,1.595355,1.603063,1.138259,3386518
1985-03-29,1.603063,1.631322,1.577372,1.618477,1.149204,14188343
1985-04-01,1.608201,1.608201,1.577372,1.590217,1.129137,2982666
1985-04-02,1.590217,1.597924,1.579941,1.585079,1.125489,4685656
1985-04-03,1.582510,1.582510,1.567096,1.569665,1.114544,4101774
1985-04-04,1.569665,1.582510,1.567096,1.582510,1.123664,1576483
1985-04-08,1.582510,1.628753,1.582510,1.628753,1.156500,4719716
1985-04-09,1.628753,1.646736,1.623615,1.633891,1.160148,4719716
1985-04-10,1.631322,1.631322,1.608201,1.618477,1.149204,3216219
1985-04-11,1.618477,1.623615,1.613339,1.615908,1.147379,2101977
1985-04-12,1.615908,1.636460,1.608201,1.636460,1.161972,3055651
1985-04-15,1.636460,1.641598,1.623615,1.639029,1.163796,3658996
1985-04-16,1.639029,1.654443,1.633891,1.644167,1.167445,4817030
1985-04-17,1.644167,1.646736,1.636460,1.646736,1.169268,1425646
1985-04-18,1.646736,1.654443,1.628753,1.636460,1.161972,5128434
1985-04-19,1.636460,1.644167,1.631322,1.644167,1.167445,1420781
1985-04-22,1.639029,1.639029,1.628753,1.633891,1.160148,2442575
1985-04-23,1.633891,1.636460,1.613339,1.631322,1.158324,2909681
1985-04-24,1.631322,1.633891,1.618477,1.623615,1.152851,5021389
1985-04-25,1.623615,1.623615,1.615908,1.623615,1.152851,3566548
1985-04-26,1.623615,1.623615,1.603063,1.605632,1.140082,1226153
1985-04-29,1.603063,1.603063,1.577372,1.587648,1.127313,1615408
1985-04-30,1.579941,1.579941,1.564527,1.574803,1.118192,3863355
1985-05-01,1.572234,1.572234,1.538837,1.538837,1.092655,2817233
1985-05-02,1.538837,1.572234,1.528561,1.567096,1.112720,7040649
1985-05-03,1.567096,1.587648,1.556820,1.582510,1.123664,3863355
1985-05-06,1.582510,1.597924,1.577372,1.577372,1.120016,1644602
1985-05-07,1.577372,1.582510,1.561958,1.579941,1.121841,5795033
1985-05-08,1.579941,1.590217,1.574803,1.590217,1.129137,2934009
1985-05-09,1.590217,1.623615,1.587648,1.623615,1.152851,3303801
1985-05-10,1.623615,1.659581,1.621046,1.657012,1.176565,12008515
1985-05-13,1.651874,1.651874,1.631322,1.639029,1.163796,3367055
1985-05-14,1.636460,1.636460,1.610770,1.610770,1.143731,4987329
1985-05-15,1.610770,1.639029,1.608201,1.631322,1.158324,7371515
1985-05-16,1.631322,1.641598,1.628753,1.641598,1.165621,2943740
1985-05-17,1.641598,1.687840,1.639029,1.680133,1.192982,14387836
1985-05-20,1.685271,1.721237,1.685271,1.716099,1.218520,9468626
1985-05-21,1.716099,1.731513,1.708392,1.723806,1.223992,10952661
1985-05-22,1.716099,1.716099,1.695547,1.705823,1.211224,6700051
1985-05-23,1.705823,1.716099,1.703254,1.705823,1.211224,3746579
1985-05-24,1.705823,1.708392,1.695547,1.705823,1.211224,2875621
1985-05-28,1.705823,1.708392,1.692978,1.708392,1.213048,2549620
1985-05-29,1.708392,1.741789,1.698116,1.741789,1.236761,9454029
1985-05-30,1.757203,1.844549,1.757203,1.841980,1.312548,21014901
1985-05-31,1.808583,1.808583,1.777755,1.788031,1.274106,11015915
1985-06-03,1.788031,1.790600,1.772617,1.777755,1.266783,2642068
1985-06-04,1.777755,1.798307,1.772617,1.793169,1.277767,3517892
1985-06-05,1.788031,1.788031,1.775186,1.777755,1.266783,2067917
1985-06-06,1.777755,1.780324,1.770048,1.780324,1.268614,1381855
1985-06-07,1.780324,1.788031,1.770048,1.782893,1.270444,3118905
1985-06-10,1.782893,1.785462,1.772617,1.785462,1.272275,3128637
1985-06-11,1.785462,1.798307,1.780324,1.795738,1.279597,4992195
1985-06-12,1.795738,1.859964,1.782893,1.849688,1.318041,11035378
1985-06-13,1.839411,1.839411,1.790600,1.800876,1.283259,7439635
1985-06-14,1.800876,1.808583,1.790600,1.800876,1.283259,6159959
1985-06-17,1.800876,1.829135,1.790600,1.829135,1.303396,6627065
1985-06-18,1.829135,1.849688,1.816290,1.836842,1.308887,8456564
1985-06-19,1.836842,1.857395,1.813721,1.816290,1.294243,9016118
1985-06-20,1.818859,1.836842,1.818859,1.834273,1.307057,3649265
1985-06-21,1.834273,1.857395,1.831704,1.847118,1.316210,4943538
1985-06-24,1.847118,1.893361,1.836842,1.888223,1.345500,7639128
1985-06-25,1.888223,1.911344,1.885654,1.911344,1.361976,9887076
1985-06-26,1.911344,1.929327,1.898499,1.916482,1.365637,4096908
1985-06-27,1.924189,1.952448,1.924189,1.947310,1.387604,7172022
1985-06-28,1.947310,1.952448,1.926758,1.929327,1.374790,5838824
1985-07-01,1.929327,1.929327,1.893361,1.913913,1.363806,4607805
1985-07-02,1.913913,1.913913,1.890792,1.898499,1.352822,3006994
1985-07-03,1.895930,1.895930,1.883085,1.890792,1.347330,2427978
1985-07-05,1.890792,1.890792,1.880516,1.885654,1.343669,6062646
1985-07-08,1.880516,1.880516,1.857395,1.865102,1.329025,3649265
1985-07-09,1.847118,1.847118,1.813721,1.816290,1.294243,9604866
1985-07-10,1.816290,1.831704,1.759772,1.788031,1.274106,13156817
1985-07-11,1.788031,1.818859,1.788031,1.818859,1.296073,6811961
1985-07-12,1.818859,1.829135,1.803445,1.803445,1.285089,11064572
1985-07-15,1.803445,1.803445,1.790600,1.803445,1.285089,2914546
1985-07-16,1.803445,1.836842,1.803445,1.836842,1.308887,7590471
1985-07-17,1.836842,1.854826,1.831704,1.849688,1.318041,5668525
1985-07-18,1.841980,1.841980,1.829135,1.839411,1.310718,4748910
1985-07-19,1.844549,1.859964,1.844549,1.849688,1.318041,12855144
1985-07-22,1.849688,1.854826,1.841980,1.849688,1.318041,5624734
1985-07-23,1.849688,1.859964,1.803445,1.811152,1.290581,16382767
1985-07-24,1.808583,1.808583,1.780324,1.782893,1.270444,9225342
1985-07-25,1.782893,1.803445,1.757203,1.798307,1.281428,6646528
1985-07-26,1.798307,1.813721,1.785462,1.813721,1.292412,4038520
1985-07-29,1.800876,1.800876,1.782893,1.795738,1.279597,2598277
1985-07-30,1.788031,1.788031,1.777755,1.788031,1.274106,3498429
1985-07-31,1.788031,1.793169,1.782893,1.790600,1.275937,3702788
1985-08-01,1.818859,1.859964,1.818859,1.854826,1.321703,14519209
1985-08-02,1.854826,1.885654,1.849688,1.862533,1.327194,7288799
1985-08-05,1.862533,1.867671,1.849688,1.854826,1.321703,7473695
1985-08-06,1.852257,1.852257,1.839411,1.849688,1.318041,6228079
1985-08-07,1.849688,1.849688,1.823997,1.836842,1.308887,5167359
1985-08-08,1.836842,1.841980,1.826566,1.834273,1.307057,5809630
1985-08-09,1.831704,1.831704,1.823997,1.831704,1.305226,943943
1985-08-12,1.826566,1.826566,1.808583,1.816290,1.294243,5284136
1985-08-13,1.806014,1.806014,1.795738,1.798307,1.281428,1542423
1985-08-14,1.798307,1.823997,1.795738,1.821428,1.297904,4272073
1985-08-15,1.821428,1.826566,1.811152,1.813721,1.292412,1887886
1985-08-16,1.813721,1.823997,1.808583,1.808583,1.288751,3079980
1985-08-19,1.808583,1.823997,1.808583,1.823997,1.299734,2471769
1985-08-20,1.826566,1.847118,1.826566,1.836842,1.308887,1994932
1985-08-21,1.836842,1.847118,1.795738,1.834273,1.307057,3041054
1985-08-22,1.829135,1.829135,1.811152,1.818859,1.296073,3187025
1985-08-23,1.818859,1.818859,1.808583,1.818859,1.296073,2622605
1985-08-26,1.818859,1.829135,1.808583,1.813721,1.292412,2160365
1985-08-27,1.811152,1.811152,1.800876,1.803445,1.285089,2330664
1985-08-28,1.803445,1.829135,1.803445,1.826566,1.301565,2671262
1985-08-29,1.826566,1.841980,1.823997,1.839411,1.310718,3469235
1985-08-30,1.839411,1.841980,1.829135,1.836842,1.308887,2233350
1985-09-03,1.836842,1.836842,1.811152,1.813721,1.292412,1576483
1985-09-04,1.806014,1.806014,1.798307,1.803445,1.285089,1289407
1985-09-05,1.803445,1.806014,1.798307,1.803445,1.285089,1474303
1985-09-06,1.803445,1.813721,1.800876,1.813721,1.292412,3021591
1985-09-09,1.813721,1.813721,1.806014,1.811152,1.290581,2038723
1985-09-10,1.811152,1.831704,1.803445,1.806014,1.291316,18985910
1985-09-11,1.806014,1.806014,1.793169,1.795738,1.283969,3313533
1985-09-12,1.788031,1.788031,1.728944,1.731513,1.238047,5629600
1985-09-13,1.731513,1.744358,1.705823,1.728944,1.236210,8802027
1985-09-16,1.705823,1.705823,1.682702,1.692978,1.210495,6597871
1985-09-17,1.700685,1.721237,1.700685,1.713530,1.225190,5123568
1985-09-18,1.718668,1.736651,1.718668,1.731513,1.238047,6315661
1985-09-19,1.736651,1.754634,1.736651,1.754634,1.254579,3892549
1985-09-20,1.754634,1.759772,1.746927,1.757203,1.256416,6257273
1985-09-23,1.764910,1.782893,1.764910,1.782893,1.274784,2831830
1985-09-24,1.782893,1.782893,1.759772,1.762341,1.260090,2092245
1985-09-25,1.762341,1.764910,1.757203,1.759772,1.258253,1143436
1985-09-26,1.754634,1.754634,1.728944,1.731513,1.238047,6738976
1985-09-30,1.731513,1.736651,1.710961,1.723806,1.232537,2500963
1985-10-01,1.713530,1.713530,1.703254,1.708392,1.221516,1338064
1985-10-02,1.708392,1.749496,1.705823,1.739220,1.243558,3328130
1985-10-03,1.739220,1.795738,1.739220,1.785462,1.276622,3970400
1985-10-04,1.782893,1.782893,1.757203,1.757203,1.256416,3201622
1985-10-07,1.757203,1.775186,1.752065,1.770048,1.265600,4427775
1985-10-08,1.770048,1.772617,1.752065,1.757203,1.256416,4247745
1985-10-09,1.759772,1.772617,1.759772,1.772617,1.267437,3352458
1985-10-10,1.772617,1.793169,1.764910,1.793169,1.282132,5361987
1985-10-11,1.793169,1.818859,1.790600,1.818859,1.300500,7337456
1985-10-14,1.818859,1.844549,1.818859,1.841980,1.317032,6257273
1985-10-15,1.841980,1.847118,1.826566,1.829135,1.307848,8081906
1985-10-16,1.831704,1.841980,1.831704,1.841980,1.317032,4607805
1985-10-17,1.841980,1.865102,1.831704,1.849688,1.322544,6534617
1985-10-18,1.849688,1.862533,1.844549,1.852257,1.324381,5289002
1985-10-21,1.849688,1.849688,1.839411,1.839411,1.315196,1936543
1985-10-22,1.839411,1.844549,1.834273,1.834273,1.311522,2826964
1985-10-23,1.834273,1.841980,1.823997,1.836842,1.313359,3931475
1985-10-24,1.836842,1.847118,1.829135,1.829135,1.307848,3975266
1985-10-25,1.829135,1.829135,1.813721,1.816290,1.298664,1085048
1985-10-28,1.816290,1.821428,1.798307,1.806014,1.291316,3503294
1985-10-29,1.811152,1.829135,1.811152,1.826566,1.306011,4554283
1985-10-30,1.826566,1.834273,1.818859,1.829135,1.307848,1960872
1985-10-31,1.829135,1.890792,1.826566,1.890792,1.351933,4651597
1985-11-01,1.890792,1.906206,1.885654,1.890792,1.351933,6919007
1985-11-04,1.890792,1.890792,1.875378,1.880516,1.344586,1269944
1985-11-05,1.885654,1.906206,1.885654,1.898499,1.357444,2909681
1985-11-06,1.898499,1.919051,1.893361,1.911344,1.366629,5780436
1985-11-07,1.911344,1.929327,1.901068,1.906206,1.362954,2174962
1985-11-08,1.906206,1.924189,1.901068,1.911344,1.366629,3211353
1985-11-11,1.911344,1.975569,1.911344,1.973000,1.410713,7994323
1985-11-12,1.973000,2.019242,1.967862,2.008966,1.436429,9123163
1985-11-13,2.008966,2.008966,1.965293,1.965293,1.405202,5931272
1985-11-14,1.970431,2.006397,1.970431,2.006397,1.434592,7094171
1985-11-15,2.006397,2.011535,1.996121,1.996121,1.427244,2189559
1985-11-18,1.993552,1.993552,1.970431,1.975569,1.412550,2788039
1985-11-19,1.975569,1.983276,1.962724,1.965293,1.405202,2622605
1985-11-20,1.965293,1.967862,1.952448,1.962724,1.403365,1702990
1985-11-21,1.962724,1.988414,1.962724,1.978138,1.414386,7741308
1985-11-22,1.980707,2.014104,1.980707,2.011535,1.438266,2462038
1985-11-25,2.011535,2.014104,1.973000,1.978138,1.414386,1766244
1985-11-26,1.978138,1.983276,1.962724,1.983276,1.418060,1620274
1985-11-27,1.990983,2.034656,1.990983,2.019242,1.443776,5668525
1985-11-29,2.019242,2.044932,2.019242,2.034656,1.454798,4471566
1985-12-02,2.029518,2.029518,1.998690,2.001259,1.430918,987734
1985-12-03,2.001259,2.006397,1.983276,1.996121,1.427244,4495895
1985-12-04,2.008966,2.091174,2.008966,2.086036,1.491535,7892144
1985-12-05,2.086036,2.101451,2.080898,2.098882,1.500719,17117486
1985-12-06,2.098882,2.098882,2.083467,2.096313,1.498883,3654131
1985-12-09,2.096313,2.132279,2.088605,2.132279,1.529096,6938469
1985-12-10,2.134848,2.219625,2.134848,2.206780,1.582523,7016320
1985-12-11,2.206780,2.227332,2.199073,2.206780,1.582523,7186619
1985-12-12,2.206780,2.206780,2.173383,2.181090,1.564100,4354790
1985-12-13,2.181090,2.219625,2.173383,2.211918,1.586207,17574861
1985-12-16,2.211918,2.301833,2.209349,2.286419,1.639633,8495489
1985-12-17,2.286419,2.286419,2.250453,2.255591,1.617525,7405575
1985-12-18,2.255591,2.258160,2.229901,2.235039,1.602788,3011860
1985-12-19,2.235039,2.263298,2.232470,2.263298,1.623053,10597466
1985-12-20,2.265867,2.414870,2.265867,2.332661,1.672794,13993715
1985-12-23,2.324954,2.324954,2.299264,2.312109,1.658056,3629802
1985-12-24,2.312109,2.312109,2.260729,2.273574,1.630422,3907146
1985-12-26,2.273574,2.276143,2.217056,2.260729,1.621211,6909275
1985-12-27,2.260729,2.286419,2.260729,2.278712,1.634106,3478966
1985-12-30,2.276143,2.276143,2.260729,2.276143,1.632264,1839230
1985-12-31,2.281281,2.332661,2.281281,2.319816,1.663583,4753776
1986-01-02,2.319816,2.342938,2.309540,2.314678,1.659898,6354587
1986-01-03,2.314678,2.332661,2.306971,2.332661,1.672794,11721439
1986-01-06,2.332661,2.371197,2.330092,2.363490,1.694902,4466700
1986-01-07,2.376335,2.453405,2.376335,2.453405,1.759382,4919209
1986-01-08,2.453405,2.471388,2.414870,2.425146,1.739117,5162494
1986-01-09,2.425146,2.425146,2.342938,2.350645,1.685690,9303193
1986-01-10,2.350645,2.373766,2.332661,2.353214,1.687533,4388849
1986-01-13,2.353214,2.466250,2.353214,2.466250,1.768593,5138165
1986-01-14,2.466250,2.553596,2.453405,2.522768,1.809123,22085352
1986-01-15,2.522768,2.543320,2.491940,2.502216,1.794385,10397973
1986-01-16,2.502216,2.504785,2.466250,2.466250,1.768593,6267005
1986-01-17,2.466250,2.497078,2.458543,2.497078,1.790700,7381247
1986-01-20,2.497078,2.497078,2.461112,2.473957,1.774119,3756310
1986-01-21,2.473957,2.481664,2.378904,2.409732,1.728064,7692651
1986-01-22,2.409732,2.435422,2.394318,2.394318,1.717009,4296401
1986-01-23,2.386611,2.386611,2.358352,2.373766,1.702271,12358844
1986-01-24,2.376335,2.409732,2.376335,2.409732,1.728064,8996655
1986-01-27,2.425146,2.445698,2.425146,2.430284,1.742801,4607805
1986-01-28,2.430284,2.440560,2.425146,2.435422,1.746485,2393918
1986-01-29,2.435422,2.440560,2.427715,2.430284,1.742801,5663659
1986-01-30,2.430284,2.432853,2.394318,2.402025,1.722537,22226457
1986-01-31,2.402025,2.445698,2.394318,2.430284,1.742801,31991891
1986-02-03,2.430284,2.455974,2.427715,2.448267,1.755697,10432032
1986-02-04,2.448267,2.471388,2.445698,2.450836,1.757540,11774962
1986-02-05,2.450836,2.458543,2.384042,2.417439,1.733590,12212874
1986-02-06,2.417439,2.435422,2.409732,2.422577,1.737275,6583274
1986-02-07,2.422577,2.448267,2.402025,2.448267,1.755697,4320730
1986-02-10,2.466250,2.538182,2.466250,2.535613,1.818334,12388039
1986-02-11,2.543320,2.584424,2.543320,2.566441,1.840442,13541206
1986-02-12,2.569010,2.628098,2.569010,2.604977,1.868077,10135226
1986-02-13,2.604977,2.656357,2.594701,2.656357,1.904922,7556412
1986-02-14,2.656357,2.671771,2.640943,2.653788,1.903081,6690319
1986-02-18,2.653788,2.669202,2.630667,2.653788,1.903081,5303599
1986-02-19,2.651219,2.651219,2.592132,2.597270,1.862551,9030715
1986-02-20,2.597270,2.597270,2.527906,2.581855,1.851496,8159757
1986-02-21,2.584424,2.620391,2.584424,2.617822,1.877289,5177091
1986-02-24,2.617822,2.661495,2.615253,2.651219,1.901238,3688191
1986-02-25,2.651219,2.718013,2.651219,2.692323,1.930714,5858287
1986-02-26,2.692323,2.710306,2.674340,2.707737,1.941767,5303599
1986-02-27,2.707737,2.792514,2.692323,2.787376,1.998878,6485960
1986-02-28,2.787376,2.908120,2.787376,2.861878,2.052305,10115763
1986-03-03,2.861878,2.861878,2.805359,2.859309,2.050462,7459098
1986-03-04,2.859309,2.990328,2.854171,2.949224,2.114943,6807096
1986-03-05,2.936379,2.936379,2.856740,2.931241,2.102046,8758236
1986-03-06,2.990328,2.990328,2.897844,2.938948,2.107573,8114749
1986-03-07,2.938948,2.949224,2.887568,2.908120,2.085467,5194121
1986-03-10,2.897844,2.897844,2.836188,2.877292,2.063359,5748809
1986-03-11,2.877292,2.877292,2.753979,2.753979,1.974929,25277243
1986-03-12,2.784807,2.877292,2.784807,2.856740,2.053525,13623923
1986-03-13,2.856740,2.918396,2.856740,2.908120,2.090459,6985910
1986-03-14,2.908120,2.949224,2.867016,2.928672,2.105232,8220578
1986-03-17,2.918396,2.918396,2.815635,2.846464,2.046137,3685758
1986-03-18,2.836188,2.836188,2.795083,2.825911,2.031364,4248961
1986-03-19,2.836188,2.877292,2.836188,2.877292,2.068299,3150532
1986-03-20,2.877292,2.908120,2.867016,2.908120,2.090459,3804967
1986-03-21,2.908120,2.908120,2.795083,2.815635,2.023977,5342524
1986-03-24,2.825911,2.887568,2.825911,2.877292,2.068299,5330360
1986-03-25,2.877292,2.928672,2.856740,2.897844,2.083071,6392296
1986-03-26,2.897844,3.082813,2.897844,3.041708,2.186486,5843690
1986-03-27,3.041708,3.123917,3.041708,3.082813,2.216033,6361885
1986-03-31,3.082813,3.093089,3.051984,3.082813,2.216033,4290319
1986-04-01,3.082813,3.103365,3.000604,3.021156,2.171714,6678155
1986-04-02,3.021156,3.021156,2.928672,3.000604,2.156938,4789052
1986-04-03,3.000604,3.072536,3.000604,3.041708,2.186486,9112215
1986-04-04,3.041708,3.041708,2.949224,2.980052,2.142166,4752560
1986-04-07,2.969776,2.969776,2.897844,2.959500,2.127393,5554181
1986-04-08,3.000604,3.154745,3.000604,3.123917,2.245581,15764825
1986-04-09,3.206125,3.298609,3.206125,3.267781,2.348995,23184997
1986-04-10,3.278057,3.391094,3.278057,3.349990,2.408089,11169184
1986-04-11,3.349990,3.380818,3.308885,3.349990,2.408089,23355297
1986-04-14,3.349990,3.370542,3.329438,3.360266,2.415477,4854739
1986-04-15,3.360266,3.555510,3.360266,3.555510,2.555825,8894475
1986-04-16,3.627443,3.904896,3.627443,3.843240,2.762656,24450076
1986-04-17,3.843240,3.904896,3.822688,3.894620,2.799588,17212367
1986-04-18,3.894620,3.894620,3.719927,3.843240,2.762656,14232134
1986-04-21,3.863792,4.110417,3.863792,4.059036,2.917778,21968576
1986-04-22,4.059036,4.110417,4.007656,4.028208,2.895617,14597060
1986-04-23,3.966552,3.966552,3.761031,3.935724,2.829136,21250887
1986-04-24,3.966552,4.089865,3.966552,4.007656,2.880843,11877141
1986-04-25,4.007656,4.017932,3.915172,3.966552,2.851296,9901673
1986-04-28,3.966552,3.997380,3.843240,3.863792,2.777430,7821591
1986-04-29,3.853516,3.853516,3.627443,3.750755,2.696173,13988849
1986-04-30,3.730203,3.730203,3.658271,3.689099,2.651854,8971110
1986-05-01,3.689099,3.699375,3.647995,3.699375,2.659241,7626964
1986-05-02,3.740479,3.822688,3.740479,3.812411,2.740495,9770299
1986-05-05,3.812411,3.843240,3.740479,3.761031,2.703561,4824328
1986-05-06,3.761031,3.802135,3.740479,3.781583,2.718334,4649164
1986-05-07,3.761031,3.761031,3.658271,3.709651,2.666628,5760973
1986-05-08,3.709651,3.761031,3.709651,3.750755,2.696173,3353675
1986-05-09,3.750755,3.812411,3.719927,3.802135,2.733108,3857273
1986-05-12,3.802135,3.863792,3.781583,3.843240,2.762656,3618855
1986-05-13,3.843240,3.863792,3.781583,3.802135,2.733108,3843893
1986-05-14,3.791859,3.791859,3.689099,3.719927,2.674013,3352458
1986-05-15,3.719927,3.730203,3.658271,3.689099,2.651854,3856057
1986-05-16,3.678823,3.678823,3.565786,3.586339,2.577986,6451901
1986-05-19,3.586339,3.627443,3.576063,3.617167,2.600147,3508160
1986-05-20,3.617167,3.730203,3.576063,3.730203,2.681401,8344653
1986-05-21,3.730203,3.771307,3.709651,3.740479,2.688787,4617537
1986-05-22,3.740479,3.781583,3.730203,3.771307,2.710948,5039635
1986-05-23,3.791859,3.853516,3.791859,3.812411,2.740495,3662646
1986-05-27,3.822688,3.894620,3.822688,3.863792,2.777430,6040750
1986-05-28,3.863792,3.935724,3.853516,3.915172,2.814363,5380233
1986-05-29,3.915172,3.915172,3.843240,3.874068,2.784816,5611353
1986-05-30,3.874068,3.966552,3.863792,3.863792,2.777430,6026153
1986-06-02,3.863792,3.904896,3.832964,3.863792,2.782165,4210035
1986-06-03,3.863792,3.956276,3.853516,3.956276,2.848759,5922757
1986-06-04,3.956276,4.089865,3.956276,4.079589,2.937552,9051394
1986-06-05,4.079589,4.110417,4.028208,4.089865,2.944951,5965332
1986-06-06,4.110417,4.233729,4.110417,4.213177,3.033744,13076533
1986-06-09,4.213177,4.213177,4.079589,4.110417,2.959750,6285251
1986-06-10,4.110417,4.130969,3.976828,4.100141,2.952351,6515155
1986-06-11,4.100141,4.141245,4.048760,4.120693,2.967150,6522453
1986-06-12,4.141245,4.213177,4.141245,4.192625,3.018945,6730461
1986-06-13,4.192625,4.295385,4.192625,4.213177,3.033744,6635580
1986-06-16,4.213177,4.213177,4.130969,4.172073,3.004147,4504410
1986-06-17,4.172073,4.172073,4.089865,4.120693,2.967150,4222200
1986-06-18,4.110417,4.110417,4.048760,4.110417,2.959750,3003345
1986-06-19,4.110417,4.172073,4.100141,4.130969,2.974549,3669944
1986-06-20,4.130969,4.233729,4.110417,4.172073,3.004147,4166244
1986-06-23,4.172073,4.192625,4.141245,4.141245,2.981948,3268525
1986-06-24,4.141245,4.172073,4.141245,4.151521,2.989348,4207603
1986-06-25,4.213177,4.387870,4.213177,4.377594,3.152134,12164217
1986-06-26,4.377594,4.500906,4.367318,4.470078,3.218727,10528130
1986-06-27,4.470078,4.500906,4.449526,4.480354,3.226127,4728231
1986-06-30,4.480354,4.511182,4.470078,4.500906,3.240926,4076229
1986-07-01,4.500906,4.500906,4.398146,4.470078,3.218727,6782767
1986-07-02,4.459802,4.459802,4.377594,4.408422,3.174331,3849975
1986-07-03,4.408422,4.408422,4.244005,4.326214,3.115137,4157729
1986-07-07,4.244005,4.244005,4.069313,4.100141,2.952351,10585302
1986-07-08,4.007656,4.007656,3.915172,4.007656,2.885756,11445312
1986-07-09,4.028208,4.161797,4.028208,4.120693,2.967150,8178003
1986-07-10,4.120693,4.182349,4.059036,4.100141,2.952351,6045616
1986-07-11,4.100141,4.120693,4.069313,4.089865,2.944951,3528839
1986-07-14,4.079589,4.079589,3.874068,3.874068,2.789565,9707045
1986-07-15,3.874068,3.874068,3.689099,3.771307,2.715570,12131374
1986-07-16,3.771307,3.904896,3.771307,3.894620,2.804363,7066194
1986-07-17,3.935724,4.028208,3.935724,3.997380,2.878356,5668525
1986-07-18,3.997380,4.110417,3.915172,4.089865,2.944951,7202433
1986-07-21,4.089865,4.110417,4.038484,4.100141,2.952351,4899747
1986-07-22,4.100141,4.161797,4.059036,4.100141,2.952351,4786619
1986-07-23,4.100141,4.151521,4.038484,4.069313,2.930152,4745261
1986-07-24,4.089865,4.130969,4.089865,4.110417,2.959750,4539686
1986-07-25,4.110417,4.141245,4.089865,4.100141,2.952351,2240649
1986-07-28,4.100141,4.130969,3.894620,3.915172,2.819162,6106437
1986-07-29,3.915172,3.997380,3.915172,3.976828,2.863558,3809833
1986-07-30,3.976828,4.089865,3.966552,4.028208,2.900554,5174658
1986-07-31,4.028208,4.028208,3.976828,3.976828,2.863558,2851292
1986-08-01,3.966552,3.966552,3.843240,3.874068,2.789565,5517689
1986-08-04,3.874068,3.874068,3.740479,3.863792,2.782165,6828991
1986-08-05,3.863792,3.863792,3.730203,3.771307,2.715570,4919209
1986-08-06,3.771307,3.791859,3.617167,3.709651,2.671174,10241054
1986-08-07,3.719927,3.791859,3.719927,3.730203,2.685973,4199088
1986-08-08,3.730203,3.740479,3.668547,3.689099,2.656375,2750329
1986-08-11,3.709651,3.832964,3.709651,3.812411,2.745167,5177091
1986-08-12,3.812411,3.966552,3.812411,3.946000,2.841361,4787836
1986-08-13,3.946000,3.956276,3.884344,3.925448,2.826560,6198885
1986-08-14,3.915172,3.915172,3.832964,3.832964,2.759967,2829397
1986-08-15,3.832964,3.884344,3.781583,3.802135,2.737769,3527623
1986-08-18,3.781583,3.781583,3.627443,3.761031,2.708170,5376584
1986-08-19,3.761031,3.791859,3.699375,3.699375,2.663776,7832539
1986-08-20,3.719927,3.791859,3.719927,3.781583,2.722970,4421693
1986-08-21,3.781583,3.812411,3.730203,3.740479,2.693372,3941206
1986-08-22,3.740479,3.761031,3.719927,3.730203,2.685973,2308768
1986-08-25,3.730203,3.761031,3.668547,3.678823,2.648976,3436391
1986-08-26,3.678823,3.719927,3.637719,3.637719,2.619378,6131982
1986-08-27,3.637719,3.637719,3.493854,3.617167,2.604580,13502281
1986-08-28,3.647995,3.699375,3.647995,3.689099,2.656375,4674709
1986-08-29,3.730203,3.771307,3.730203,3.750755,2.700771,4707552
1986-09-02,3.750755,3.781583,3.565786,3.596615,2.589782,5033553
1986-09-03,3.586339,3.586339,3.421922,3.504130,2.523186,12285859
1986-09-04,3.504130,3.534958,3.432198,3.442474,2.478790,5439838
1986-09-05,3.442474,3.463026,3.278057,3.360266,2.419595,19462747
1986-09-08,3.360266,3.370542,3.267781,3.370542,2.426996,8462646
1986-09-09,3.370542,3.421922,3.370542,3.380818,2.434395,5821794
1986-09-10,3.380818,3.380818,3.278057,3.288333,2.367799,7380030
1986-09-11,3.216401,3.216401,3.051984,3.072536,2.212413,13745565
1986-09-12,3.072536,3.185573,2.980052,3.134193,2.256810,12164217
1986-09-15,3.154745,3.226677,3.154745,3.206125,2.313460,11416118
1986-09-16,3.195849,3.195849,3.103365,3.165021,2.283800,3976483
1986-09-17,3.165021,3.165021,3.051984,3.062260,2.209650,5937354
1986-09-18,3.062260,3.062260,3.000604,3.010880,2.172575,3821997
1986-09-19,3.010880,3.021156,2.969776,3.010880,2.172575,4890015
1986-09-22,3.010880,3.031432,2.959500,2.980052,2.150330,5539584
1986-09-23,2.980052,3.093089,2.959500,3.093089,2.231896,5487278
1986-09-24,3.093089,3.308885,3.093089,3.308885,2.387608,17151546
1986-09-25,3.308885,3.319161,3.123917,3.195849,2.306045,13623923
1986-09-26,3.195849,3.319161,3.154745,3.236953,2.335704,8413989
1986-09-29,3.206125,3.206125,3.134193,3.144469,2.268970,4363305
1986-09-30,3.165021,3.278057,3.165021,3.247229,2.343118,6847238
1986-10-01,3.247229,3.370542,3.247229,3.370542,2.432099,10068322
1986-10-02,3.370542,3.432198,3.329438,3.349990,2.417269,6105220
1986-10-03,3.349990,3.401370,3.298609,3.339714,2.409853,7151343
1986-10-06,3.339714,3.380818,3.319161,3.380818,2.439514,8045413
1986-10-07,3.380818,3.432198,3.339714,3.411646,2.461758,9233857
1986-10-08,3.411646,3.473302,3.380818,3.421922,2.469172,5471465
1986-10-09,3.421922,3.452750,3.360266,3.370542,2.432099,5265890
1986-10-10,3.370542,3.391094,3.349990,3.360266,2.424683,2715053
1986-10-13,3.360266,3.391094,3.329438,3.391094,2.446928,1530258
1986-10-14,3.401370,3.442474,3.401370,3.401370,2.454343,5465383
1986-10-15,3.401370,3.483578,3.401370,3.473302,2.506247,4827978
1986-10-16,3.483578,3.534958,3.483578,3.504130,2.528492,5233046
1986-10-17,3.504130,3.524682,3.463026,3.493854,2.521077,5174658
1986-10-20,3.483578,3.483578,3.432198,3.452750,2.491418,3250279
1986-10-21,3.452750,3.504130,3.452750,3.493854,2.521077,3391384
1986-10-22,3.493854,3.534958,3.493854,3.514406,2.535908,4169894
1986-10-23,3.555510,3.617167,3.555510,3.606891,2.602642,7338672
1986-10-24,3.606891,3.647995,3.534958,3.534958,2.550737,3852408
1986-10-27,3.534958,3.576063,3.514406,3.555510,2.565567,2278358
1986-10-28,3.555510,3.596615,3.555510,3.565786,2.572981,3751445
1986-10-29,3.565786,3.586339,3.545234,3.576063,2.580397,2682210
1986-10-30,3.606891,3.637719,3.606891,3.617167,2.610057,5022605
1986-10-31,3.617167,3.627443,3.576063,3.606891,2.602642,2955905
1986-11-03,3.606891,3.627443,3.586339,3.606891,2.602642,2108059
1986-11-04,3.586339,3.586339,3.555510,3.576063,2.580397,3527623
1986-11-05,3.576063,3.606891,3.514406,3.596615,2.595227,3820781
1986-11-06,3.596615,3.627443,3.576063,3.606891,2.602642,3967968
1986-11-07,3.606891,3.668547,3.586339,3.658271,2.639717,4278155
1986-11-10,3.658271,3.678823,3.627443,3.678823,2.654546,4716067
1986-11-11,3.678823,3.678823,3.647995,3.678823,2.654546,2547187
1986-11-12,3.678823,3.689099,3.647995,3.647995,2.632301,3196756
1986-11-13,3.647995,3.689099,3.524682,3.534958,2.550737,4785403
1986-11-14,3.534958,3.658271,3.473302,3.483578,2.513662,4684440
1986-11-17,3.483578,3.483578,3.411646,3.463026,2.498833,3893766
1986-11-18,3.463026,3.473302,3.308885,3.319161,2.395024,6696401
1986-11-19,3.319161,3.380818,3.257505,3.339714,2.409853,7543031
1986-11-20,3.360266,3.514406,3.360266,3.514406,2.535908,7371515
1986-11-21,3.534958,3.637719,3.534958,3.637719,2.624887,7563710
1986-11-24,3.637719,3.689099,3.586339,3.596615,2.595227,3256361
1986-11-25,3.596615,3.606891,3.545234,3.606891,2.602642,3660213
1986-11-26,3.596615,3.596615,3.565786,3.586339,2.587813,3584795
1986-11-28,3.586339,3.586339,3.545234,3.545234,2.558152,1555803
1986-12-01,3.545234,3.617167,3.493854,3.555510,2.565567,3646832
1986-12-02,3.596615,3.709651,3.596615,3.699375,2.674324,7541814
1986-12-03,3.699375,3.740479,3.689099,3.699375,2.674324,5428890
1986-12-04,3.689099,3.689099,3.627443,3.627443,2.622323,2715053
1986-12-05,3.637719,3.678823,3.637719,3.668547,2.652037,4694171
1986-12-08,3.668547,3.709651,3.647995,3.668547,2.652037,3660213
1986-12-09,3.668547,3.678823,3.637719,3.637719,2.629751,1824633
1986-12-10,3.637719,3.730203,3.606891,3.730203,2.696609,4193006
1986-12-11,3.730203,3.740479,3.678823,3.709651,2.681751,5151546
1986-12-12,3.740479,3.812411,3.740479,3.771307,2.726324,6253624
1986-12-15,3.771307,3.812411,3.699375,3.730203,2.696609,4746477
1986-12-16,3.730203,3.750755,3.699375,3.719927,2.689181,3695489
1986-12-17,3.719927,3.730203,3.699375,3.709651,2.681751,8889610
1986-12-18,3.719927,3.761031,3.719927,3.740479,2.704038,6400811
1986-12-19,3.719927,3.719927,3.637719,3.709651,2.681751,8270451
1986-12-22,3.699375,3.699375,3.617167,3.658271,2.644608,5381450
1986-12-23,3.658271,3.658271,3.596615,3.627443,2.622323,5875317
1986-12-24,3.627443,3.627443,3.576063,3.576063,2.585179,3329346
1986-12-26,3.576063,3.586339,3.545234,3.576063,2.585179,4296401
1986-12-29,3.576063,3.606891,3.545234,3.555510,2.570321,3637101
1986-12-30,3.545234,3.545234,3.452750,3.483578,2.518321,7200000
1986-12-31,3.483578,3.565786,3.483578,3.545234,2.562892,22941713
1987-01-02,3.617167,3.709651,3.617167,3.689099,2.666894,4484947
1987-01-05,3.802135,3.925448,3.802135,3.915172,2.830326,14232134
1987-01-06,3.915172,4.038484,3.915172,3.946000,2.852612,13137354
1987-01-07,3.946000,4.059036,3.935724,4.028208,2.912040,11896604
1987-01-08,4.028208,4.038484,3.997380,4.007656,2.897183,8362899
1987-01-09,4.007656,4.079589,3.956276,3.987104,2.882326,5949518
1987-01-12,3.987104,4.028208,3.925448,4.017932,2.904612,6843588
1987-01-13,4.017932,4.110417,3.966552,4.110417,2.971470,9044095
1987-01-14,4.110417,4.192625,4.100141,4.161797,3.008614,10546376
1987-01-15,4.161797,4.223453,4.151521,4.151521,3.001185,6332691
1987-01-16,4.151521,4.172073,4.089865,4.110417,2.971470,9074506
1987-01-19,4.110417,4.192625,4.069313,4.192625,3.030899,7277851
1987-01-20,4.254281,4.346766,4.254281,4.285109,3.097758,11427065
1987-01-21,4.285109,4.521458,4.223453,4.398146,3.179475,14232134
1987-01-22,4.398146,4.603667,4.398146,4.603667,3.328047,21165737
1987-01-23,4.603667,4.685875,4.244005,4.326214,3.127472,22990370
1987-01-26,4.326214,4.511182,4.305661,4.500906,3.253760,13258996
1987-01-27,4.500906,4.603667,4.490630,4.521458,3.268617,10208211
1987-01-28,4.521458,4.562563,4.480354,4.521458,3.268617,8712012
1987-01-29,4.521458,4.583115,4.511182,4.542010,3.283475,5355905
1987-01-30,4.572839,4.655047,4.572839,4.644771,3.357761,9905322
1987-02-02,4.644771,4.665323,4.562563,4.634495,3.350333,4988545
1987-02-03,4.634495,4.716703,4.624219,4.685875,3.387477,6242676
1987-02-04,4.685875,4.778359,4.675599,4.778359,3.454334,8277750
1987-02-05,4.778359,4.788635,4.706427,4.757807,3.439476,8103801
1987-02-06,4.757807,4.768083,4.521458,4.603667,3.328047,6989559
1987-02-09,4.603667,4.655047,4.521458,4.521458,3.268617,4964217
1987-02-10,4.521458,4.531734,4.398146,4.500906,3.253760,7061328
1987-02-11,4.500906,4.593391,4.500906,4.572839,3.305761,5771921
1987-02-12,4.572839,4.685875,4.562563,4.675599,3.380048,6009123
1987-02-13,4.675599,4.850292,4.634495,4.809188,3.476620,8576989
1987-02-17,4.809188,4.932500,4.768083,4.932500,3.565765,10638824
1987-02-18,4.932500,4.932500,4.809188,4.840016,3.498905,7962696
1987-02-19,4.840016,4.870844,4.798911,4.860568,3.513762,3756310
1987-02-20,4.860568,4.860568,4.747531,4.850292,3.506335,3240547
1987-02-23,4.850292,4.850292,4.747531,4.829740,3.491478,2879270
1987-02-24,4.829740,4.870844,4.747531,4.809188,3.476620,3632235
1987-02-25,4.809188,4.881120,4.798911,4.829740,3.491478,7875114
1987-02-26,4.829740,4.829740,4.737255,4.737255,3.424619,5353472
1987-02-27,4.747531,4.881120,4.747531,4.881120,3.528620,5239128
1987-03-02,4.881120,4.881120,4.798911,4.819464,3.484049,3409630
1987-03-03,4.819464,4.870844,4.819464,4.840016,3.498905,2081298
1987-03-04,4.840016,4.983880,4.840016,4.932500,3.565765,8213279
1987-03-05,4.932500,4.983880,4.891396,4.953052,3.580622,7612367
1987-03-06,4.922224,4.922224,4.829740,4.911948,3.550907,4684440
1987-03-09,4.911948,5.086641,4.911948,5.055813,3.659808,7676837
1987-03-10,5.055813,5.076365,4.942776,4.973604,3.600300,5301166
1987-03-11,4.973604,5.055813,4.932500,4.983880,3.607738,5445920
1987-03-12,4.983880,5.004432,4.932500,4.963328,3.592860,3234465
1987-03-13,4.963328,4.973604,4.901672,4.911948,3.555667,3969184
1987-03-16,4.860568,4.860568,4.768083,4.809188,3.481282,4042169
1987-03-17,4.840016,4.983880,4.840016,4.983880,3.607738,6623416
1987-03-18,4.983880,5.035260,4.932500,4.983880,3.607738,5492144
1987-03-19,4.983880,4.983880,4.922224,4.942776,3.577983,2128738
1987-03-20,4.953052,4.994156,4.953052,4.983880,3.607738,4981247
1987-03-23,5.004432,5.117469,5.004432,5.096917,3.689564,7019970
1987-03-24,5.096917,5.220229,5.076365,5.220229,3.778827,6505423
1987-03-25,5.220229,5.251057,5.158573,5.240781,3.793703,4227065
1987-03-26,5.261333,5.322990,5.261333,5.322990,3.853214,5198986
1987-03-27,5.322990,5.374370,5.240781,5.261333,3.808581,6367968
1987-03-30,5.199677,5.199677,5.014708,5.117469,3.704441,9581754
1987-03-31,5.117469,5.168849,5.076365,5.127745,3.711880,4414394
1987-04-01,5.127745,5.158573,5.055813,5.158573,3.734195,3575063
1987-04-02,5.189401,5.312714,5.189401,5.292161,3.830897,4925291
1987-04-03,5.292161,5.456578,5.261333,5.436026,3.935038,7198784
1987-04-06,5.456578,5.528510,5.456578,5.507958,3.987108,5104105
1987-04-07,5.507958,5.610719,5.415474,5.415474,3.920161,6977395
1987-04-08,5.415474,5.477130,5.384646,5.425750,3.927600,5424024
1987-04-09,5.425750,5.446302,5.261333,5.292161,3.830897,5556614
1987-04-10,5.292161,5.302438,5.230505,5.281885,3.823459,5666092
1987-04-13,5.281885,5.281885,5.117469,5.127745,3.711880,4381551
1987-04-14,5.117469,5.117469,5.014708,5.076365,3.674686,8587937
1987-04-15,5.076365,5.158573,5.076365,5.158573,3.734195,7189052
1987-04-16,5.189401,5.312714,5.189401,5.261333,3.808581,4955702
1987-04-20,5.261333,5.312714,5.189401,5.199677,3.763950,4008109
1987-04-21,5.199677,5.302438,5.138021,5.302438,3.838334,4869336
1987-04-22,5.302438,5.333266,5.199677,5.220229,3.778827,4638216
1987-04-23,5.220229,5.292161,5.148297,5.251057,3.801143,6634364
1987-04-24,5.168849,5.168849,5.035260,5.086641,3.682124,7916472
1987-04-27,5.076365,5.076365,4.891396,5.024984,3.637492,12407501
1987-04-28,5.045536,5.209953,5.045536,5.199677,3.763950,7498023
1987-04-29,5.199677,5.343542,5.199677,5.271609,3.816020,4937456
1987-04-30,5.271609,5.343542,5.261333,5.281885,3.823459,3948505
1987-05-01,5.281885,5.302438,5.220229,5.240781,3.793703,2566650
1987-05-04,5.240781,5.281885,5.199677,5.240781,3.793703,2441358
1987-05-05,5.261333,5.446302,5.261333,5.425750,3.927600,7167157
1987-05-06,5.425750,5.507958,5.425750,5.446302,3.942478,6440953
1987-05-07,5.446302,5.487406,5.415474,5.415474,3.920161,5111404
1987-05-08,5.415474,5.477130,5.343542,5.364094,3.882967,3275824
1987-05-11,5.364094,5.425750,5.312714,5.312714,3.845774,4092043
1987-05-12,5.312714,5.353818,5.261333,5.353818,3.875531,3287988
1987-05-13,5.353818,5.374370,5.220229,5.333266,3.860652,3308667
1987-05-14,5.322990,5.322990,5.220229,5.220229,3.778827,3363406
1987-05-15,5.199677,5.199677,5.127745,5.138021,3.719318,4600507
1987-05-18,5.107193,5.107193,4.932500,5.096917,3.689564,4326812
1987-05-19,5.096917,5.127745,4.942776,5.004432,3.622616,4533604
1987-05-20,4.994156,4.994156,4.911948,4.932500,3.570544,7578307
1987-05-21,4.973604,5.045536,4.973604,5.014708,3.630054,4381551
1987-05-22,5.014708,5.045536,5.014708,5.024984,3.637492,2103193
1987-05-26,5.086641,5.220229,5.086641,5.220229,3.778827,4404663
1987-05-27,5.220229,5.261333,5.199677,5.261333,3.808581,3741713
1987-05-28,5.261333,5.333266,5.220229,5.312714,3.845774,2886569
1987-05-29,5.312714,5.364094,5.251057,5.261333,3.808581,3441257
1987-06-01,5.261333,5.302438,5.240781,5.240781,3.798452,2222402
1987-06-02,5.240781,5.281885,5.189401,5.240781,3.798452,2042372
1987-06-03,5.271609,5.322990,5.271609,5.322990,3.858037,2331880
1987-06-04,5.312714,5.312714,5.261333,5.281885,3.828244,7968779
1987-06-05,5.281885,5.353818,5.261333,5.302438,3.843140,4481298
1987-06-08,5.312714,5.456578,5.312714,5.446302,3.947411,3786721
1987-06-09,5.446302,5.528510,5.394922,5.507958,3.992098,5481196
1987-06-10,5.528510,5.672375,5.528510,5.600443,4.059129,8705930
1987-06-11,5.600443,5.631271,5.528510,5.590167,4.051684,4037304
1987-06-12,5.590167,5.641547,5.518234,5.549063,4.021893,3245413
1987-06-15,5.559339,5.641547,5.559339,5.579891,4.044236,5543234
1987-06-16,5.579891,5.579891,5.518234,5.559339,4.029340,2018044
1987-06-17,5.579891,5.662099,5.579891,5.631271,4.081475,5759757
1987-06-18,5.631271,5.723755,5.600443,5.713479,4.141058,4551850
1987-06-19,5.713479,5.744307,5.682651,5.734031,4.155954,7254739
1987-06-22,5.744307,5.898448,5.744307,5.888172,4.267671,8135428
1987-06-23,5.888172,5.949828,5.847068,5.888172,4.267671,7075925
1987-06-24,5.888172,5.960104,5.836792,5.939552,4.304912,4544551
1987-06-25,5.939552,5.990932,5.888172,5.919000,4.290018,3686974
1987-06-26,5.919000,6.021760,5.888172,6.021760,4.364496,4134617
1987-06-29,6.021760,6.021760,5.919000,5.960104,4.319809,3260010
1987-06-30,5.960104,5.980656,5.816240,5.939552,4.304912,4498327
1987-07-01,5.908724,5.908724,5.836792,5.857344,4.245330,3319615
1987-07-02,5.857344,5.919000,5.847068,5.919000,4.290018,2845210
1987-07-06,5.919000,5.960104,5.908724,5.949828,4.312361,3820781
1987-07-07,5.949828,5.970380,5.949828,5.970380,4.327258,2651799
1987-07-08,5.970380,6.001208,5.888172,5.888172,4.267671,5452002
1987-07-09,5.867620,5.867620,5.775135,5.805964,4.208090,4511708
1987-07-10,5.805964,5.847068,5.795688,5.836792,4.230432,3206488
1987-07-13,5.836792,5.836792,5.734031,5.836792,4.230432,3258794
1987-07-14,5.836792,5.898448,5.816240,5.898448,4.275120,2954688
1987-07-15,5.898448,5.919000,5.826516,5.836792,4.230432,3570198
1987-07-16,5.836792,5.867620,5.785411,5.867620,4.252778,2577598
1987-07-17,5.867620,5.867620,5.775135,5.795688,4.200643,4051901
1987-07-20,5.754583,5.754583,5.672375,5.692927,4.126163,4325596
1987-07-21,5.692927,5.713479,5.579891,5.672375,4.111266,6155094
1987-07-22,5.672375,5.723755,5.641547,5.723755,4.148506,3020375
1987-07-23,5.775135,5.877896,5.775135,5.826516,4.222988,5988444
1987-07-24,5.826516,5.867620,5.785411,5.805964,4.208090,2347694
1987-07-27,5.805964,5.888172,5.805964,5.877896,4.260224,2871972
1987-07-28,5.877896,5.960104,5.857344,5.929276,4.297465,5775570
1987-07-29,5.929276,5.980656,5.877896,5.980656,4.334707,3171211
1987-07-30,5.980656,5.990932,5.919000,5.949828,4.312361,2996047
1987-07-31,5.949828,5.949828,5.908724,5.929276,4.297465,2774658
1987-08-03,5.929276,6.093693,5.867620,6.011484,4.357048,5408211
1987-08-04,5.990932,5.990932,5.857344,5.929276,4.297465,4921642
1987-08-05,5.939552,6.073141,5.939552,6.073141,4.401738,3478966
1987-08-06,6.083417,6.237557,6.083417,6.175901,4.476216,8390877
1987-08-07,6.196453,6.268385,6.196453,6.247833,4.528351,5017739
1987-08-10,6.247833,6.412250,6.227281,6.412250,4.647519,6067511
1987-08-11,6.432802,6.494458,6.432802,6.494458,4.707100,7519919
1987-08-12,6.494458,6.515010,6.432802,6.473906,4.692207,4673492
1987-08-13,6.473906,6.484182,6.391698,6.412250,4.647519,4156513
1987-08-14,6.412250,6.494458,6.381422,6.484182,4.699653,2616523
1987-08-17,6.484182,6.576667,6.473906,6.576667,4.766685,4909478
1987-08-18,6.494458,6.494458,6.422526,6.473906,4.692207,5195337
1987-08-19,6.432802,6.432802,6.330042,6.401974,4.640070,4922859
1987-08-20,6.401974,6.545839,6.391698,6.535563,4.736895,4424126
1987-08-21,6.556115,6.710255,6.556115,6.710255,4.863509,4886366
1987-08-24,6.689703,6.689703,6.597219,6.628047,4.803926,4852306
1987-08-25,6.689703,6.782188,6.689703,6.741083,4.885853,5802331
1987-08-26,6.741083,6.761635,6.638323,6.669151,4.833717,3313533
1987-08-27,6.638323,6.638323,6.556115,6.617771,4.796477,3229600
1987-08-28,6.576667,6.576667,6.463630,6.473906,4.692207,4146782
1987-08-31,6.473906,6.576667,6.391698,6.576667,4.766685,4626052
1987-09-01,6.576667,6.617771,6.463630,6.463630,4.684758,3577496
1987-09-02,6.463630,6.473906,6.237557,6.278661,4.550694,8572124
1987-09-03,6.278661,6.319766,6.073141,6.145073,4.453871,8033249
1987-09-04,6.145073,6.165625,6.103969,6.134797,4.446425,3480182
1987-09-08,6.083417,6.083417,5.898448,5.960104,4.319809,9732590
1987-09-09,5.960104,6.001208,5.939552,5.960104,4.319809,6322960
1987-09-10,6.011484,6.217005,6.011484,6.217005,4.506007,7597770
1987-09-11,6.217005,6.463630,6.206729,6.422526,4.654966,5335226
1987-09-14,6.422526,6.545839,6.330042,6.391698,4.632622,3340294
1987-09-15,6.371146,6.371146,6.278661,6.330042,4.587936,2215104
1987-09-16,6.278661,6.278661,6.134797,6.145073,4.458505,6129549
1987-09-17,6.145073,6.206729,6.021760,6.042313,4.383947,6237810
1987-09-18,6.042313,6.073141,5.949828,6.073141,4.406316,9770299
1987-09-21,6.073141,6.134797,5.970380,5.980656,4.339214,4398581
1987-09-22,5.980656,6.124521,5.877896,6.124521,4.443594,6804663
1987-09-23,6.186177,6.288938,6.186177,6.247833,4.533062,7808211
1987-09-24,6.258109,6.432802,6.258109,6.330042,4.592709,3836594
1987-09-25,6.330042,6.350594,6.288938,6.319766,4.585253,2882919
1987-09-28,6.350594,6.473906,6.350594,6.432802,4.667266,6203751
1987-09-29,6.432802,6.494458,6.360870,6.381422,4.629985,4398581
1987-09-30,6.381422,6.412250,6.319766,6.371146,4.622529,3527623
1987-10-01,6.371146,6.494458,6.371146,6.494458,4.711998,5129650
1987-10-02,6.494458,6.576667,6.453354,6.556115,4.756733,4907045
1987-10-05,6.556115,6.556115,6.371146,6.422526,4.659809,3002129
1987-10-06,6.391698,6.391698,6.124521,6.217005,4.510694,5422808
1987-10-07,6.217005,6.288938,6.093693,6.288938,4.562885,4966650
1987-10-08,6.288938,6.330042,6.083417,6.155349,4.465960,5321845
1987-10-09,6.155349,6.175901,6.052589,6.062865,4.398860,3359757
1987-10-12,6.021760,6.021760,5.929276,5.970380,4.331758,4515357
1987-10-13,6.001208,6.114245,6.001208,6.114245,4.436136,7152560
1987-10-14,6.114245,6.145073,5.816240,5.836792,4.234833,9176685
1987-10-15,5.826516,5.826516,5.703203,5.713479,4.145363,12285859
1987-10-16,5.713479,5.764859,5.302438,5.333266,3.869505,16471566
1987-10-19,4.768083,4.768083,3.761031,3.781583,2.743695,23739686
1987-10-20,3.781583,4.233729,3.391094,4.089865,2.967367,29355905
1987-10-21,4.439250,4.942776,4.439250,4.870844,3.533998,19636695
1987-10-22,4.572839,4.572839,4.130969,4.346766,3.153760,21531880
1987-10-23,4.346766,4.439250,4.130969,4.192625,3.041923,12710390
1987-10-26,4.151521,4.151521,3.781583,3.781583,2.743695,11861328
1987-10-27,3.781583,4.141245,3.781583,3.946000,2.862987,14110492
1987-10-28,3.946000,4.048760,3.719927,3.987104,2.892809,11458692
1987-10-29,3.987104,4.357042,3.987104,4.223453,3.064290,8679169
1987-10-30,4.439250,4.603667,4.439250,4.542010,3.295417,13623923
1987-11-02,4.542010,4.747531,4.449526,4.706427,3.414707,7560061
1987-11-03,4.603667,4.603667,4.172073,4.357042,3.161214,11221490
1987-11-04,4.357042,4.408422,4.223453,4.274833,3.101568,8569691
1987-11-05,4.295385,4.511182,4.295385,4.480354,3.250683,7727927
1987-11-06,4.480354,4.552286,4.428974,4.439250,3.220859,5082210
1987-11-09,4.377594,4.377594,4.254281,4.264557,3.094113,5850988
1987-11-10,4.254281,4.254281,4.110417,4.182349,3.034467,7968779
1987-11-11,4.192625,4.264557,4.192625,4.213177,3.056833,4032438
1987-11-12,4.213177,4.398146,4.213177,4.357042,3.161214,7809427
1987-11-13,4.357042,4.459802,4.346766,4.346766,3.153760,6136847
1987-11-16,4.418698,4.521458,4.418698,4.449526,3.228316,7555195
1987-11-17,4.439250,4.439250,4.295385,4.336490,3.146302,4382767
1987-11-18,4.336490,4.562563,4.285109,4.521458,3.280507,5619868
1987-11-19,4.500906,4.500906,4.295385,4.367318,3.168670,5694070
1987-11-20,4.367318,4.387870,4.213177,4.357042,3.161214,8670654
1987-11-23,4.357042,4.418698,4.315938,4.377594,3.176126,3235682
1987-11-24,4.428974,4.603667,4.428974,4.562563,3.310328,8922453
1987-11-25,4.562563,4.644771,4.542010,4.624219,3.355063,3896199
1987-11-27,4.613943,4.613943,4.500906,4.500906,3.265594,2638419
1987-11-30,4.346766,4.346766,4.192625,4.305661,3.123935,7519919
1987-12-01,4.305661,4.418698,4.295385,4.326214,3.138847,5438621
1987-12-02,4.326214,4.418698,4.254281,4.336490,3.146302,5196553
1987-12-03,4.336490,4.377594,4.130969,4.130969,2.997189,6034668
1987-12-04,4.120693,4.120693,3.966552,4.069313,2.952454,8902990
1987-12-07,4.100141,4.315938,4.100141,4.274833,3.101568,4987329
1987-12-08,4.346766,4.500906,4.346766,4.490630,3.258138,7800912
1987-12-09,4.500906,4.613943,4.500906,4.562563,3.310328,15813482
1987-12-10,4.562563,4.768083,4.439250,4.552286,3.302871,13502281
1987-12-11,4.552286,4.655047,4.490630,4.500906,3.265594,6288900
1987-12-14,4.572839,4.747531,4.572839,4.726979,3.429618,9415104
1987-12-15,4.747531,4.860568,4.747531,4.809188,3.489265,8501571
1987-12-16,4.809188,4.901672,4.778359,4.860568,3.526542,6363102
1987-12-17,4.860568,4.911948,4.655047,4.655047,3.377428,9634060
1987-12-18,4.685875,4.911948,4.685875,4.881120,3.541454,10159554
1987-12-21,4.881120,4.973604,4.870844,4.953052,3.593643,5764622
1987-12-22,4.953052,4.963328,4.881120,4.963328,3.601099,4060416
1987-12-23,4.973604,5.096917,4.973604,5.086641,3.690568,8575773
1987-12-24,5.086641,5.168849,5.024984,5.168849,3.750214,3065383
1987-12-28,5.086641,5.086641,4.942776,4.973604,3.608555,4470350
1987-12-29,4.973604,4.994156,4.891396,4.953052,3.593643,5606488
1987-12-30,4.953052,4.983880,4.932500,4.942776,3.586190,5625950
1987-12-31,4.891396,4.891396,4.809188,4.870844,3.533998,5736645
1988-01-04,4.953052,5.138021,4.953052,5.117469,3.712937,7141612
1988-01-05,5.168849,5.364094,5.168849,5.199677,3.772580,11937962
1988-01-06,5.199677,5.240781,5.148297,5.220229,3.787491,7072276
1988-01-07,5.220229,5.240781,5.127745,5.240781,3.802403,7287582
1988-01-08,5.220229,5.220229,4.768083,4.798911,3.481809,8167055
1988-01-11,4.829740,4.973604,4.829740,4.973604,3.608555,7848353
1988-01-12,4.963328,4.963328,4.696151,4.798911,3.486419,8877446
1988-01-13,4.798911,4.953052,4.726979,4.860568,3.531212,5941004
1988-01-14,4.860568,4.953052,4.819464,4.850292,3.523747,3174861
1988-01-15,4.963328,5.076365,4.963328,4.973604,3.613333,8784997
1988-01-18,4.983880,5.035260,4.983880,5.004432,3.635731,2988748
1988-01-19,4.994156,4.994156,4.932500,4.942776,3.590937,4169894
1988-01-20,4.911948,4.911948,4.624219,4.696151,3.411762,7822808
1988-01-21,4.696151,4.778359,4.644771,4.768083,3.464022,6327826
1988-01-22,4.768083,4.819464,4.716703,4.747531,3.449090,3116472
1988-01-25,4.757807,4.881120,4.757807,4.881120,3.546143,4255043
1988-01-26,4.881120,4.901672,4.819464,4.829740,3.508815,3650482
1988-01-27,4.829740,4.860568,4.716703,4.768083,3.464022,3898632
1988-01-28,4.768083,4.809188,4.685875,4.737255,3.441625,6118601
1988-01-29,4.737255,4.809188,4.706427,4.778359,3.471487,5177091
1988-02-01,4.778359,4.881120,4.726979,4.757807,3.456555,3694273
1988-02-02,4.757807,4.757807,4.706427,4.737255,3.441625,6774252
1988-02-03,4.737255,4.757807,4.552286,4.603667,3.344575,7172022
1988-02-04,4.603667,4.613943,4.521458,4.542010,3.299781,5197770
1988-02-05,4.552286,4.613943,4.552286,4.552286,3.307244,4075013
1988-02-08,4.542010,4.542010,4.439250,4.459802,3.240055,7198784
1988-02-09,4.500906,4.583115,4.500906,4.583115,3.329642,5004359
1988-02-10,4.583115,4.716703,4.542010,4.696151,3.411762,7980943
1988-02-11,4.716703,4.829740,4.716703,4.788635,3.478953,5336442
1988-02-12,4.788635,4.881120,4.788635,4.840016,3.516281,5029904
1988-02-16,4.840016,4.850292,4.788635,4.850292,3.523747,3311100
1988-02-17,4.850292,4.901672,4.778359,4.850292,3.523747,4931374
1988-02-18,4.829740,4.829740,4.716703,4.737255,3.441625,4619970
1988-02-19,4.737255,4.788635,4.706427,4.788635,3.478953,4612671
1988-02-22,4.788635,4.911948,4.778359,4.891396,3.553610,6017638
1988-02-23,4.891396,4.994156,4.891396,4.983880,3.620799,6318094
1988-02-24,5.004432,5.086641,5.004432,5.045536,3.665589,7319209
1988-02-25,5.045536,5.127745,4.953052,4.963328,3.605867,9052610
1988-02-26,4.963328,5.014708,4.911948,4.932500,3.583469,3311100
1988-02-29,4.953052,5.045536,4.953052,5.045536,3.665589,5765839
1988-03-01,5.045536,5.107193,5.045536,5.076365,3.687990,6113735
1988-03-02,5.076365,5.148297,5.076365,5.117469,3.717853,4273289
1988-03-03,5.117469,5.138021,5.055813,5.117469,3.717853,3767258
1988-03-04,5.107193,5.107193,4.973604,4.994156,3.628264,6013989
1988-03-07,4.994156,5.076365,4.983880,5.066089,3.680525,2595844
1988-03-08,5.076365,5.168849,5.076365,5.117469,3.717853,3093360
1988-03-09,5.168849,5.230505,5.168849,5.199677,3.777575,5591891
1988-03-10,5.189401,5.189401,5.055813,5.055813,3.673058,5078561
1988-03-11,5.055813,5.096917,4.963328,5.076365,3.687990,4044602
1988-03-14,5.076365,5.179125,5.055813,5.179125,3.762644,4398581
1988-03-15,5.179125,5.179125,5.107193,5.148297,3.740248,2302686
1988-03-16,5.148297,5.220229,5.117469,5.220229,3.792508,3825646
1988-03-17,5.220229,5.281885,5.209953,5.261333,3.822370,6226863
1988-03-18,5.261333,5.281885,5.189401,5.251057,3.814902,5990877
1988-03-21,5.220229,5.220229,5.107193,5.179125,3.762644,3510593
1988-03-22,5.179125,5.189401,5.096917,5.148297,3.740248,2700456
1988-03-23,5.148297,5.199677,5.138021,5.158573,3.747714,2989965
1988-03-24,5.138021,5.138021,4.922224,5.014708,3.643196,5577293
1988-03-25,5.014708,5.045536,4.953052,4.963328,3.605867,2404866
1988-03-28,4.932500,4.932500,4.840016,4.911948,3.568541,4463051
1988-03-29,4.922224,5.004432,4.922224,4.983880,3.620799,4697821
1988-03-30,4.983880,5.004432,4.840016,4.891396,3.553610,5677040
1988-03-31,4.881120,4.881120,4.778359,4.860568,3.531212,4138267
1988-04-04,4.860568,4.860568,4.706427,4.726979,3.434160,6884947
1988-04-05,4.726979,4.778359,4.624219,4.675599,3.396833,10368779
1988-04-06,4.675599,4.809188,4.644771,4.809188,3.493885,12285859
1988-04-07,4.809188,4.891396,4.788635,4.798911,3.486419,7620882
1988-04-08,4.798911,4.798911,4.696151,4.737255,3.441625,9070857
1988-04-11,4.737255,4.757807,4.665323,4.685875,3.404297,7294881
1988-04-12,4.685875,4.706427,4.624219,4.644771,3.374435,10991586
1988-04-13,4.644771,4.675599,4.562563,4.655047,3.387897,8287481
1988-04-14,4.613943,4.613943,4.521458,4.542010,3.305632,8087988
1988-04-15,4.542010,4.624219,4.521458,4.603667,3.350505,7240142
1988-04-18,4.603667,4.613943,4.572839,4.572839,3.328069,3408414
1988-04-19,4.572839,4.696151,4.572839,4.572839,3.328069,7920122
1988-04-20,4.572839,4.613943,4.552286,4.562563,3.320590,3775773
1988-04-21,4.562563,4.583115,4.459802,4.511182,3.283194,8064876
1988-04-22,4.521458,4.572839,4.521458,4.521458,3.290674,3423011
1988-04-25,4.552286,4.634495,4.552286,4.624219,3.365462,6051698
1988-04-26,4.624219,4.747531,4.624219,4.747531,3.455205,5629600
1988-04-27,4.747531,4.809188,4.726979,4.757807,3.462683,6814394
1988-04-28,4.757807,4.768083,4.726979,4.757807,3.462683,3544653
1988-04-29,4.757807,4.757807,4.665323,4.726979,3.440248,3368272
1988-05-02,4.726979,4.798911,4.716703,4.788635,3.485121,4301267
1988-05-03,4.788635,4.829740,4.768083,4.778359,3.477642,3808616
1988-05-04,4.778359,4.798911,4.706427,4.716703,3.432770,2629904
1988-05-05,4.716703,4.726979,4.675599,4.706427,3.425292,2202940
1988-05-06,4.706427,4.768083,4.685875,4.696151,3.417812,2723568
1988-05-09,4.696151,4.726979,4.685875,4.706427,3.425292,2334313
1988-05-10,4.706427,4.726979,4.665323,4.675599,3.402855,2145768
1988-05-11,4.644771,4.644771,4.583115,4.603667,3.350505,4785403
1988-05-12,4.603667,4.644771,4.572839,4.572839,3.328069,3127420
1988-05-13,4.572839,4.624219,4.572839,4.593391,3.343025,3227167
1988-05-16,4.593391,4.675599,4.583115,4.675599,3.402855,2987532
1988-05-17,4.675599,4.747531,4.644771,4.685875,3.410333,3025241
1988-05-18,4.685875,4.685875,4.624219,4.644771,3.380419,4264774
1988-05-19,4.644771,4.644771,4.583115,4.624219,3.365462,4257476
1988-05-20,4.613943,4.613943,4.511182,4.562563,3.320590,3200405
1988-05-23,4.562563,4.583115,4.480354,4.511182,3.283194,2916979
1988-05-24,4.511182,4.562563,4.490630,4.552286,3.313108,2446224
1988-05-25,4.572839,4.634495,4.572839,4.603667,3.350505,3926609
1988-05-26,4.624219,4.696151,4.624219,4.696151,3.417812,4890015
1988-05-27,4.696151,4.706427,4.675599,4.675599,3.402855,1841662
1988-05-31,4.675599,4.768083,4.665323,4.768083,3.470164,3764825
1988-06-01,4.778359,4.973604,4.778359,4.901672,3.567389,13867207
1988-06-02,4.901672,4.973604,4.891396,4.973604,3.619740,7831323
1988-06-03,4.973604,5.055813,4.963328,5.035260,3.664611,5393614
1988-06-06,5.035260,5.055813,4.994156,5.035260,3.664611,4239230
1988-06-07,5.035260,5.035260,4.983880,5.014708,3.649656,5082210
1988-06-08,5.024984,5.127745,5.024984,5.117469,3.724445,6211049
1988-06-09,5.117469,5.189401,5.107193,5.158573,3.754359,6634364
1988-06-10,5.158573,5.199677,5.066089,5.189401,3.776796,7378814
1988-06-13,5.189401,5.199677,5.168849,5.179125,3.769315,3270958
1988-06-14,5.179125,5.251057,5.138021,5.168849,3.761837,7372732
1988-06-15,5.168849,5.168849,5.076365,5.107193,3.716965,3730765
1988-06-16,5.066089,5.066089,5.014708,5.045536,3.672089,4376685
1988-06-17,5.045536,5.055813,4.983880,5.055813,3.679571,5580943
1988-06-20,5.055813,5.117469,5.024984,5.107193,3.716965,2177395
1988-06-21,5.117469,5.189401,5.117469,5.138021,3.739401,6981044
1988-06-22,5.240781,5.333266,5.240781,5.271609,3.836624,10994019
1988-06-23,5.281885,5.374370,5.281885,5.333266,3.881498,12139888
1988-06-24,5.333266,5.394922,5.312714,5.343542,3.888978,6339990
1988-06-27,5.322990,5.322990,5.230505,5.230505,3.806712,3821997
1988-06-28,5.230505,5.240781,5.158573,5.179125,3.769315,7330157
1988-06-29,5.179125,5.230505,5.127745,5.168849,3.761837,5881399
1988-06-30,5.168849,5.199677,5.148297,5.179125,3.769315,4773239
1988-07-01,5.179125,5.220229,5.179125,5.220229,3.799232,2402433
1988-07-05,5.220229,5.230505,5.158573,5.230505,3.806712,3547086
1988-07-06,5.230505,5.312714,5.230505,5.251057,3.821666,6728028
1988-07-07,5.240781,5.240781,5.158573,5.209953,3.791754,5909377
1988-07-08,5.209953,5.209953,5.107193,5.117469,3.724445,3367055
1988-07-11,5.117469,5.189401,5.107193,5.138021,3.745419,3218652
1988-07-12,5.138021,5.138021,5.024984,5.055813,3.685492,3738064
1988-07-13,5.055813,5.086641,4.994156,5.055813,3.685492,5156412
1988-07-14,5.055813,5.086641,5.035260,5.066089,3.692983,3455854
1988-07-15,5.066089,5.096917,5.066089,5.086641,3.707964,4663761
1988-07-18,5.096917,5.168849,5.096917,5.168849,3.767890,4611455
1988-07-19,5.168849,5.230505,5.148297,5.220229,3.805346,4639432
1988-07-20,5.209953,5.209953,5.138021,5.168849,3.767890,5104105
1988-07-21,5.168849,5.209953,5.096917,5.096917,3.715455,2898733
1988-07-22,5.096917,5.107193,5.024984,5.024984,3.663019,2712620
1988-07-25,5.024984,5.035260,4.932500,4.963328,3.618073,4446021
1988-07-26,4.963328,5.014708,4.942776,4.994156,3.640546,2066700
1988-07-27,4.994156,5.066089,4.994156,5.004432,3.648038,2088596
1988-07-28,5.004432,5.117469,5.004432,5.076365,3.700474,4296401
1988-07-29,5.107193,5.199677,5.107193,5.189401,3.782873,6555297
1988-08-01,5.189401,5.220229,5.168849,5.209953,3.797855,1593512
1988-08-02,5.209953,5.240781,5.168849,5.189401,3.782873,2700456
1988-08-03,5.189401,5.271609,5.189401,5.251057,3.827816,3528839
1988-08-04,5.251057,5.292161,5.209953,5.209953,3.797855,3073898
1988-08-05,5.209953,5.220229,5.168849,5.189401,3.782873,2292955
1988-08-08,5.189401,5.230505,5.179125,5.209953,3.797855,1735834
1988-08-09,5.209953,5.230505,5.117469,5.138021,3.745419,3877952
1988-08-10,5.117469,5.117469,5.014708,5.045536,3.677998,4083528
1988-08-11,5.045536,5.096917,4.994156,5.096917,3.715455,3607907
1988-08-12,5.096917,5.168849,5.066089,5.148297,3.752909,2364724
1988-08-15,5.148297,5.148297,5.096917,5.096917,3.715455,2083730
1988-08-16,5.096917,5.117469,5.024984,5.076365,3.700474,5522554
1988-08-17,5.076365,5.148297,5.076365,5.127745,3.737927,4061632
1988-08-18,5.127745,5.148297,5.086641,5.086641,3.707964,3016726
1988-08-19,5.086641,5.117469,5.055813,5.055813,3.685492,2702889
1988-08-22,5.055813,5.107193,5.024984,5.024984,3.663019,2232134
1988-08-23,5.024984,5.035260,4.942776,4.942776,3.603092,2251597
1988-08-24,4.973604,5.055813,4.973604,5.055813,3.685492,4607805
1988-08-25,5.055813,5.055813,4.994156,5.014708,3.655529,2348910
1988-08-26,5.014708,5.076365,4.973604,5.066089,3.692983,2042372
1988-08-29,5.066089,5.127745,5.055813,5.117469,3.730438,1879372
1988-08-30,5.117469,5.168849,5.117469,5.148297,3.752909,2098327
1988-08-31,5.148297,5.179125,5.127745,5.148297,3.752909,2014394
1988-09-01,5.117469,5.117469,5.045536,5.045536,3.677998,3961885
1988-09-02,5.086641,5.209953,5.086641,5.158573,3.760400,5008008
1988-09-06,5.158573,5.199677,5.148297,5.199677,3.790363,4793918
1988-09-07,5.199677,5.230505,5.148297,5.168849,3.767890,5473898
1988-09-08,5.168849,5.220229,5.138021,5.220229,3.805346,2979017
1988-09-09,5.220229,5.364094,5.199677,5.353818,3.902724,8619564
1988-09-12,5.343542,5.343542,5.302438,5.333266,3.887743,5821794
1988-09-13,5.302438,5.302438,5.240781,5.251057,3.827816,6173340
1988-09-14,5.251057,5.302438,5.189401,5.199677,3.790363,3457070
1988-09-15,5.199677,5.230505,5.168849,5.168849,3.767890,2947390
1988-09-16,5.168849,5.230505,5.148297,5.230505,3.812837,4420476
1988-09-19,5.230505,5.230505,5.168849,5.179125,3.775381,2165231
1988-09-20,5.179125,5.209953,5.158573,5.189401,3.782873,2073999
1988-09-21,5.189401,5.220229,5.168849,5.199677,3.790363,3538571
1988-09-22,5.199677,5.261333,5.189401,5.199677,3.790363,3268525
1988-09-23,5.199677,5.220229,5.179125,5.189401,3.782873,1993715
1988-09-26,5.179125,5.179125,5.127745,5.179125,3.775381,2065484
1988-09-27,5.179125,5.220229,5.158573,5.199677,3.790363,2519209
1988-09-28,5.199677,5.240781,5.189401,5.199677,3.790363,2554486
1988-09-29,5.199677,5.292161,5.189401,5.271609,3.842798,6644095
1988-09-30,5.271609,5.374370,5.271609,5.333266,3.887743,8550228
1988-10-03,5.333266,5.333266,5.209953,5.312714,3.872763,4010542
1988-10-04,5.312714,5.322990,5.292161,5.292161,3.857780,1220071
1988-10-05,5.292161,5.343542,5.261333,5.312714,3.872763,2879270
1988-10-06,5.312714,5.322990,5.281885,5.281885,3.850291,2348910
1988-10-07,5.292161,5.384646,5.292161,5.384646,3.931318,8231526
1988-10-10,5.384646,5.466854,5.364094,5.456578,3.983834,6004257
1988-10-11,5.456578,5.487406,5.415474,5.436026,3.968831,3839027
1988-10-12,5.415474,5.415474,5.353818,5.384646,3.931318,2878054
1988-10-13,5.384646,5.384646,5.343542,5.384646,3.931318,2760061
1988-10-14,5.394922,5.446302,5.394922,5.436026,3.968831,4160162
1988-10-17,5.436026,5.446302,5.394922,5.425750,3.961327,2161581
1988-10-18,5.425750,5.466854,5.405198,5.456578,3.983834,2108059
1988-10-19,5.456578,5.466854,5.353818,5.394922,3.938818,3880385
1988-10-20,5.394922,5.507958,5.384646,5.507958,4.021347,5494577
1988-10-21,5.507958,5.549063,5.466854,5.538786,4.043855,5267106
1988-10-24,5.538786,5.610719,5.518234,5.590167,4.081366,4111505
1988-10-25,5.590167,5.620995,5.579891,5.579891,4.073867,3061733
1988-10-26,5.579891,5.590167,5.549063,5.549063,4.051357,2519209
1988-10-27,5.538786,5.538786,5.487406,5.507958,4.021347,2593411
1988-10-28,5.507958,5.528510,5.446302,5.446302,3.976331,1520527
1988-10-31,5.446302,5.456578,5.405198,5.446302,3.976331,2233350
1988-11-01,5.436026,5.436026,5.374370,5.384646,3.931318,1868424
1988-11-02,5.384646,5.384646,5.302438,5.333266,3.893805,2571515
1988-11-03,5.333266,5.343542,5.292161,5.322990,3.886302,2528941
1988-11-04,5.302438,5.302438,5.230505,5.251057,3.833784,3735631
1988-11-07,5.230505,5.230505,5.127745,5.179125,3.781267,5068829
1988-11-08,5.179125,5.230505,5.168849,5.189401,3.788770,4312215
1988-11-09,5.189401,5.220229,5.168849,5.199677,3.796272,2474202
1988-11-10,5.199677,5.220229,5.158573,5.189401,3.788770,2592195
1988-11-11,5.158573,5.158573,5.055813,5.086641,3.713745,4930157
1988-11-14,5.086641,5.107193,4.983880,5.035260,3.676231,4283021
1988-11-15,5.035260,5.035260,4.973604,4.983880,3.638719,6325393
1988-11-16,4.983880,5.117469,4.983880,4.983880,3.638719,5668525
1988-11-17,5.014708,5.076365,5.014708,5.035260,3.676231,3459503
1988-11-18,5.055813,5.117469,5.055813,5.107193,3.728749,4235580
1988-11-21,5.107193,5.168849,5.045536,5.168849,3.773764,3541004
1988-11-22,5.168849,5.199677,5.158573,5.179125,3.781267,4228282
1988-11-23,5.179125,5.189401,5.148297,5.158573,3.766263,2309985
1988-11-25,5.138021,5.138021,5.076365,5.086641,3.713745,1105727
1988-11-28,5.086641,5.127745,5.055813,5.096917,3.721246,2245514
1988-11-29,5.096917,5.158573,5.076365,5.117469,3.736252,2745464
1988-11-30,5.127745,5.220229,5.127745,5.209953,3.803774,4386417
1988-12-01,5.209953,5.220229,5.168849,5.168849,3.773764,1650684
1988-12-02,5.168849,5.179125,5.096917,5.179125,3.781267,3649265
1988-12-05,5.179125,5.302438,5.179125,5.240781,3.826281,3860922
1988-12-06,5.240781,5.322990,5.220229,5.322990,3.886302,3938773
1988-12-07,5.333266,5.364094,5.333266,5.364094,3.916312,5319412
1988-12-08,5.364094,5.374370,5.333266,5.353818,3.908810,2843994
1988-12-09,5.353818,5.425750,5.343542,5.394922,3.938818,4245312
1988-12-12,5.394922,5.405198,5.333266,5.353818,3.908810,2628687
1988-12-13,5.353818,5.405198,5.322990,5.405198,3.946321,3334212
1988-12-14,5.405198,5.415474,5.353818,5.384646,3.931318,4172326
1988-12-15,5.384646,5.415474,5.364094,5.374370,3.923815,2788039
1988-12-16,5.374370,5.374370,5.333266,5.364094,3.916312,4492245
1988-12-19,5.364094,5.415474,5.353818,5.405198,3.946321,2514344
1988-12-20,5.405198,5.425750,5.384646,5.384646,3.931318,3527623
1988-12-21,5.364094,5.364094,5.281885,5.322990,3.886302,3542220
1988-12-22,5.322990,5.384646,5.312714,5.343542,3.901307,2374455
1988-12-23,5.353818,5.405198,5.353818,5.353818,3.908810,1123974
1988-12-27,5.353818,5.374370,5.322990,5.353818,3.908810,1305220
1988-12-28,5.353818,5.374370,5.353818,5.374370,3.923815,1276026
1988-12-29,5.374370,5.487406,5.374370,5.477130,3.998839,4589559
1988-12-30,5.477130,5.507958,5.405198,5.405198,3.946321,2590978
1989-01-03,5.405198,5.405198,5.333266,5.405198,3.946321,3547086
1989-01-04,5.415474,5.538786,5.415474,5.538786,4.043855,10317689
1989-01-05,5.538786,5.538786,5.487406,5.528510,4.036352,6495692
1989-01-06,5.538786,5.590167,5.538786,5.569615,4.066361,4801216
1989-01-09,5.569615,5.610719,5.538786,5.590167,4.087399,5442271
1989-01-10,5.590167,5.651823,5.579891,5.631271,4.117455,5342524
1989-01-11,5.631271,5.662099,5.610719,5.641547,4.124969,5258591
1989-01-12,5.641547,5.692927,5.641547,5.662099,4.139996,4679574
1989-01-13,5.662099,5.713479,5.631271,5.641547,4.124969,6797364
1989-01-16,5.641547,5.692927,5.631271,5.651823,4.132482,6133198
1989-01-17,5.641547,5.641547,5.600443,5.631271,4.117455,3669944
1989-01-18,5.631271,5.672375,5.590167,5.672375,4.147510,3526406
1989-01-19,5.672375,5.692927,5.590167,5.590167,4.087399,5278054
1989-01-20,5.600443,5.662099,5.600443,5.641547,4.124969,5758540
1989-01-23,5.682651,5.795688,5.682651,5.734031,4.192591,14570299
1989-01-24,5.734031,5.908724,5.734031,5.877896,4.297782,9699747
1989-01-25,5.898448,5.960104,5.898448,5.919000,4.327836,9653523
1989-01-26,5.919000,5.990932,5.888172,5.980656,4.372916,8514952
1989-01-27,6.021760,6.124521,6.021760,6.103969,4.463082,12000000
1989-01-30,6.114245,6.175901,6.114245,6.145073,4.493136,9191282
1989-01-31,6.145073,6.175901,6.042313,6.165625,4.508162,6212266
1989-02-01,6.165625,6.175901,6.114245,6.145073,4.493136,4205170
1989-02-02,6.145073,6.165625,6.093693,6.114245,4.470596,3082413
1989-02-03,6.114245,6.145073,6.073141,6.093693,4.455567,2425545
1989-02-06,6.093693,6.093693,5.949828,6.021760,4.402971,2367157
1989-02-07,6.021760,6.237557,6.021760,6.206729,4.538216,6638013
1989-02-08,6.206729,6.237557,6.155349,6.165625,4.508162,5697719
1989-02-09,6.155349,6.155349,6.093693,6.155349,4.500648,4494678
1989-02-10,6.114245,6.114245,6.032036,6.032036,4.410487,5247643
1989-02-13,6.032036,6.093693,6.021760,6.093693,4.455567,3615205
1989-02-14,6.093693,6.134797,6.093693,6.114245,4.470596,2364724
1989-02-15,6.103969,6.103969,6.062865,6.093693,4.455567,3528839
1989-02-16,6.114245,6.165625,6.114245,6.145073,4.493136,3312316
1989-02-17,6.145073,6.186177,6.134797,6.175901,4.515676,3281906
1989-02-21,6.175901,6.186177,6.134797,6.186177,4.523189,3087278
1989-02-22,6.186177,6.186177,6.073141,6.083417,4.448054,3677243
1989-02-23,6.083417,6.083417,5.980656,6.083417,4.448054,4753776
1989-02-24,6.062865,6.062865,5.939552,5.980656,4.372916,4778104
1989-02-27,5.980656,6.042313,5.939552,6.021760,4.402971,4763507
1989-02-28,6.021760,6.093693,6.021760,6.083417,4.448054,3314749
1989-03-01,6.093693,6.165625,6.093693,6.114245,4.470596,5287785
1989-03-02,6.134797,6.196453,6.134797,6.165625,4.508162,3757527
1989-03-03,6.165625,6.319766,6.155349,6.278661,4.590813,5919108
1989-03-06,6.371146,6.453354,6.371146,6.381422,4.665946,7039432
1989-03-07,6.381422,6.412250,6.299214,6.330042,4.628379,5347390
1989-03-08,6.319766,6.319766,6.258109,6.258109,4.575784,5557831
1989-03-09,6.258109,6.258109,6.227281,6.227281,4.553245,2320933
1989-03-10,6.227281,6.288938,6.206729,6.278661,4.590813,2404866
1989-03-13,6.299214,6.340318,6.299214,6.309490,4.613354,3163913
1989-03-14,6.309490,6.340318,6.268385,6.278661,4.590813,5296300
1989-03-15,6.278661,6.350594,6.278661,6.350594,4.643409,3678459
1989-03-16,6.371146,6.473906,6.371146,6.453354,4.718543,5470248
1989-03-17,6.340318,6.340318,6.288938,6.340318,4.635894,5863153
1989-03-20,6.309490,6.309490,6.186177,6.206729,4.538216,5046934
1989-03-21,6.227281,6.278661,6.227281,6.258109,4.575784,7154992
1989-03-22,6.278661,6.319766,6.278661,6.299214,4.605841,3605474
1989-03-23,6.299214,6.319766,6.206729,6.237557,4.560758,3179726
1989-03-27,6.237557,6.258109,6.217005,6.247833,4.568271,2212671
1989-03-28,6.247833,6.340318,6.247833,6.247833,4.568271,3059301
1989-03-29,6.288938,6.340318,6.288938,6.340318,4.635894,3813482
1989-03-30,6.340318,6.453354,6.340318,6.391698,4.673463,5291434
1989-03-31,6.412250,6.463630,6.412250,6.453354,4.718543,2144551
1989-04-03,6.473906,6.607495,6.473906,6.576667,4.808705,6648961
1989-04-04,6.576667,6.607495,6.535563,6.576667,4.808705,3154181
1989-04-05,6.566391,6.566391,6.504734,6.504734,4.756112,2401216
1989-04-06,6.494458,6.494458,6.412250,6.443078,4.711030,3305018
1989-04-07,6.443078,6.556115,6.401974,6.535563,4.778652,3897415
1989-04-10,6.535563,6.586943,6.535563,6.566391,4.808451,2835479
1989-04-11,6.566391,6.597219,6.556115,6.566391,4.808451,2223619
1989-04-12,6.566391,6.586943,6.525286,6.566391,4.808451,1938976
1989-04-13,6.535563,6.535563,6.453354,6.473906,4.740727,2556918
1989-04-14,6.525286,6.628047,6.525286,6.617771,4.846076,4421693
1989-04-17,6.628047,6.720531,6.628047,6.710255,4.913799,6156310
1989-04-18,6.741083,6.802740,6.741083,6.771911,4.958949,5368069
1989-04-19,6.771911,6.936328,6.761635,6.936328,5.079349,5079777
1989-04-20,6.936328,6.956880,6.802740,6.946604,5.086874,8050279
1989-04-21,6.946604,7.008260,6.946604,6.987708,5.116973,5140598
1989-04-24,6.987708,7.069917,6.926052,6.946604,5.086874,5136949
1989-04-25,6.946604,6.987708,6.884948,6.884948,5.041725,3690623
1989-04-26,6.884948,6.956880,6.884948,6.936328,5.079349,2348910
1989-04-27,6.946604,7.049365,6.946604,7.018536,5.139549,2774658
1989-04-28,7.018536,7.049365,6.977432,6.997984,5.124499,3027674
1989-05-01,6.997984,7.049365,6.946604,7.049365,5.162125,1700558
1989-05-02,7.049365,7.131573,7.018536,7.018536,5.139549,3830512
1989-05-03,7.018536,7.059641,6.997984,7.039089,5.154602,3867005
1989-05-04,7.039089,7.059641,6.987708,7.008260,5.132023,1926812
1989-05-05,7.008260,7.080193,6.997984,6.997984,5.124499,3775773
1989-05-08,6.977432,6.977432,6.905500,6.936328,5.079349,3495996
1989-05-09,6.946604,6.997984,6.946604,6.987708,5.116973,3910796
1989-05-10,7.018536,7.069917,7.018536,7.069917,5.177176,2930360
1989-05-11,7.069917,7.172677,7.018536,7.172677,5.252424,5759757
1989-05-12,7.306266,7.573443,7.306266,7.573443,5.545900,11023213
1989-05-15,7.573443,7.881724,7.573443,7.737859,5.666297,11733604
1989-05-16,7.707031,7.707031,7.583719,7.614547,5.575998,8792296
1989-05-17,7.614547,7.665927,7.542615,7.645375,5.598571,7248657
1989-05-18,7.645375,7.717307,7.604271,7.655651,5.606097,5174658
1989-05-19,7.665927,7.727583,7.665927,7.696755,5.636197,5312114
1989-05-22,7.727583,7.850896,7.727583,7.830344,5.734021,4837709
1989-05-23,7.830344,7.830344,7.727583,7.737859,5.666297,4096908
1989-05-24,7.737859,7.768688,7.624823,7.645375,5.598571,3488697
1989-05-25,7.645375,7.727583,7.614547,7.707031,5.643720,3525190
1989-05-26,7.717307,7.758411,7.717307,7.727583,5.658772,3308667
1989-05-30,7.727583,7.758411,7.563167,7.593995,5.560949,3135935
1989-05-31,7.593995,7.707031,7.583719,7.645375,5.598571,5591891
1989-06-01,7.645375,7.707031,7.645375,7.655651,5.606097,4216118
1989-06-02,7.686479,7.758411,7.686479,7.758411,5.681346,4778104
1989-06-05,7.758411,7.799516,7.707031,7.727583,5.658772,3025241
1989-06-06,7.727583,7.758411,7.635099,7.665927,5.613621,3710086
1989-06-07,7.696755,7.778964,7.696755,7.748135,5.673822,3863355
1989-06-08,7.748135,7.820068,7.727583,7.748135,5.673822,3643183
1989-06-09,7.748135,7.799516,7.665927,7.727583,5.658772,3312316
1989-06-12,7.727583,7.727583,7.645375,7.676203,5.621148,2459605
1989-06-13,7.655651,7.655651,7.491234,7.552891,5.530848,3353675
1989-06-14,7.552891,7.583719,7.542615,7.563167,5.538373,3171211
1989-06-15,7.563167,7.563167,7.450130,7.511786,5.500747,4065281
1989-06-16,7.501510,7.501510,7.347370,7.429578,5.440547,12774861
1989-06-19,7.429578,7.491234,7.295990,7.470682,5.470648,5870451
1989-06-20,7.491234,7.593995,7.491234,7.542615,5.523323,6712215
1989-06-21,7.542615,7.707031,7.542615,7.645375,5.598571,5868018
1989-06-22,7.645375,7.778964,7.635099,7.717307,5.651247,4735530
1989-06-23,7.768688,7.840620,7.768688,7.820068,5.726497,8583071
1989-06-26,7.820068,7.902276,7.789240,7.850896,5.749070,4157729
1989-06-27,7.871448,8.118073,7.871448,8.076969,5.914620,8118398
1989-06-28,8.076969,8.076969,7.912552,7.994760,5.854421,3626153
1989-06-29,7.994760,8.005036,7.768688,7.789240,5.703921,4669843
1989-06-30,7.789240,7.789240,7.573443,7.778964,5.696399,4910694
1989-07-03,7.778964,7.778964,7.707031,7.717307,5.651247,1588647
1989-07-05,7.717307,7.850896,7.655651,7.809792,5.718972,4823112
1989-07-06,7.820068,7.963932,7.820068,7.963932,5.831845,3978915
1989-07-07,7.963932,8.035865,7.892000,8.015313,5.869473,4353573
1989-07-10,8.015313,8.046141,7.984484,8.046141,5.899306,3204055
1989-07-11,8.056417,8.118073,8.056417,8.107797,5.944511,2942524
1989-07-12,8.107797,8.128349,8.056417,8.128349,5.959581,2453523
1989-07-13,8.128349,8.210557,8.107797,8.200281,6.012321,4224633
1989-07-14,8.200281,8.241385,8.118073,8.220833,6.027387,5084643
1989-07-17,8.220833,8.436630,8.159177,8.426354,6.178073,7109985
1989-07-18,8.395526,8.395526,8.333870,8.374974,6.140403,6903193
1989-07-19,8.374974,8.416078,8.323594,8.385250,6.147935,14421896
1989-07-20,8.385250,8.416078,8.303042,8.323594,6.102729,5698936
1989-07-21,8.323594,8.364698,8.292766,8.354422,6.125331,3847542
1989-07-24,8.354422,8.374974,8.261938,8.354422,6.125331,4087177
1989-07-25,8.374974,8.631875,8.374974,8.580495,6.291088,7038216
1989-07-26,8.611323,9.155953,8.611323,9.022365,6.615056,16220983
1989-07-27,9.022365,9.073745,8.878500,8.940156,6.554785,7729143
1989-07-28,8.899052,8.899052,8.734635,8.796292,6.449306,5394830
1989-07-31,8.796292,8.847672,8.786016,8.837396,6.479443,2791688
1989-08-01,8.837396,9.125125,8.816844,9.022365,6.615056,5717182
1989-08-02,9.104573,9.536167,9.104573,9.423130,6.908891,9786113
1989-08-03,9.464234,10.234938,9.464234,9.947208,7.293142,22893056
1989-08-04,9.906104,9.906104,9.505339,9.546443,6.999308,16742828
1989-08-07,9.495063,9.495063,9.145677,9.433406,6.916424,16261125
1989-08-08,9.484786,9.895828,9.484786,9.813620,7.195191,12358844
1989-08-09,9.813620,10.019141,9.597823,9.608099,7.044507,9926001
1989-08-10,9.608099,9.690307,9.536167,9.690307,7.104784,6178206
1989-08-11,9.690307,9.885552,9.453958,9.536167,6.991770,8220578
1989-08-14,9.536167,9.556719,9.453958,9.515615,6.976702,5478763
1989-08-15,9.515615,9.587547,9.484786,9.484786,6.954099,4077446
1989-08-16,9.484786,9.577271,9.484786,9.484786,6.954099,3016726
1989-08-17,9.484786,9.536167,9.330646,9.340922,6.848616,6459199
1989-08-18,9.330646,9.330646,9.125125,9.166229,6.720538,7755905
1989-08-21,9.166229,9.453958,9.084021,9.453958,6.931496,5754891
1989-08-22,9.453958,9.484786,9.351198,9.392302,6.886294,7321642
1989-08-23,9.392302,9.433406,9.351198,9.371750,6.871223,5469032
1989-08-24,9.371750,9.659479,9.279266,9.638927,7.067112,6925089
1989-08-25,9.638927,9.690307,9.556719,9.577271,7.021904,3823213
1989-08-28,9.577271,9.597823,9.515615,9.597823,7.036976,2615307
1989-08-29,9.608099,9.680031,9.608099,9.608099,7.044507,3621287
1989-08-30,9.608099,9.823896,9.608099,9.669755,7.089715,4398581
1989-08-31,9.669755,9.669755,9.597823,9.659479,7.082182,2406082
1989-09-01,9.659479,9.813620,9.618375,9.751964,7.149990,4354790
1989-09-05,9.751964,10.049969,9.741688,10.049969,7.368482,6144146
1989-09-06,10.049969,10.142453,9.906104,9.998589,7.330809,7609934
1989-09-07,9.998589,10.091073,9.916380,9.978036,7.315741,3879169
1989-09-08,9.967760,9.967760,9.741688,9.865000,7.232866,4628485
1989-09-11,9.844448,9.844448,9.597823,9.700583,7.112319,3915661
1989-09-12,9.700583,9.731411,9.628651,9.669755,7.089715,3100659
1989-09-13,9.659479,9.659479,9.412854,9.433406,6.916424,5838824
1989-09-14,9.433406,9.464234,9.166229,9.289542,6.810947,7151343
1989-09-15,9.289542,9.382026,9.268990,9.351198,6.856158,8708363
1989-09-18,9.382026,9.649203,9.382026,9.587547,7.029442,4660112
1989-09-19,9.628651,9.803344,9.628651,9.710859,7.119850,5334009
1989-09-20,9.710859,9.731411,9.638927,9.638927,7.067112,3390167
1989-09-21,9.680031,9.793068,9.680031,9.700583,7.112319,4250177
1989-09-22,9.700583,9.741688,9.680031,9.690307,7.104784,2067917
1989-09-25,9.690307,9.793068,9.608099,9.731411,7.134921,2864673
1989-09-26,9.762240,9.978036,9.762240,9.885552,7.247933,6001825
1989-09-27,9.885552,9.957484,9.772516,9.895828,7.255468,4589559
1989-09-28,9.895828,9.926656,9.813620,9.885552,7.247933,3915661
1989-09-29,9.885552,9.988313,9.885552,9.936932,7.285607,5059098
1989-10-02,9.936932,10.286318,9.936932,10.265766,7.526702,7456665
1989-10-03,10.337698,10.502115,10.337698,10.461010,7.669851,11779828
1989-10-04,10.461010,10.543219,10.317146,10.399354,7.624645,9742321
1989-10-05,10.399354,10.461010,10.317146,10.337698,7.579441,7791181
1989-10-06,10.409630,10.563771,10.409630,10.512391,7.714886,5039635
1989-10-09,10.532943,11.067297,10.532943,11.067297,8.122125,8400608
1989-10-10,11.067297,11.200885,10.789844,10.789844,7.918507,10817638
1989-10-11,10.789844,10.851500,10.522667,10.759016,7.895881,7116067
1989-10-12,10.759016,10.933708,10.707635,10.707635,7.858170,5290218
1989-10-13,10.707635,10.779568,10.049969,10.111625,7.420769,7168373
1989-10-16,10.111625,10.183557,9.392302,10.142453,7.443391,21040446
1989-10-17,10.029417,10.029417,9.751964,9.967760,7.315188,12434263
1989-10-18,9.967760,9.978036,9.803344,9.875276,7.247316,7277851
1989-10-19,9.957484,10.337698,9.957484,10.204109,7.488643,6909275
1989-10-20,10.204109,10.276042,10.111625,10.224661,7.503724,7067410
1989-10-23,10.234938,10.563771,10.234938,10.481563,7.692262,6616118
1989-10-24,10.419906,10.419906,9.988313,10.173281,7.466017,13707856
1989-10-25,10.224661,10.440458,10.224661,10.296594,7.556511,6680588
1989-10-26,10.296594,10.389078,10.029417,10.029417,7.360439,8025950
1989-10-27,10.029417,10.132177,9.906104,9.926656,7.285021,6766954
1989-10-30,10.029417,10.183557,10.029417,10.121901,7.428309,5612570
1989-10-31,10.163005,10.234938,10.163005,10.183557,7.473558,5651495
1989-11-01,10.183557,10.245214,10.080797,10.121901,7.428309,3385302
1989-11-02,10.121901,10.224661,10.070521,10.101349,7.413230,4827978
1989-11-03,10.101349,10.173281,10.060245,10.091073,7.405687,3440041
1989-11-06,10.091073,10.173281,9.988313,10.019141,7.352896,6510289
1989-11-07,9.998589,9.998589,9.803344,9.936932,7.292567,8660922
1989-11-08,10.029417,10.152729,10.029417,10.101349,7.413230,5250076
1989-11-09,10.152729,10.286318,10.152729,10.234938,7.511266,7169589
1989-11-10,10.378802,10.461010,10.378802,10.378802,7.616846,4840142
1989-11-13,10.378802,10.430182,10.296594,10.419906,7.647008,3500862
1989-11-14,10.419906,10.430182,10.204109,10.276042,7.541430,3070248
1989-11-15,10.296594,10.543219,10.296594,10.512391,7.714886,4734313
1989-11-16,10.512391,10.625427,10.399354,10.584323,7.767677,6343639
1989-11-17,10.584323,10.748740,10.563771,10.687083,7.843087,6191586
1989-11-20,10.645979,10.645979,10.461010,10.645979,7.812922,4382767
1989-11-21,10.645979,10.687083,10.491839,10.522667,7.722429,3843893
1989-11-22,10.522667,10.604875,10.502115,10.584323,7.767677,2732083
1989-11-24,10.594599,10.666531,10.594599,10.666531,7.828007,2050887
1989-11-27,10.666531,10.759016,10.666531,10.759016,7.895881,4264774
1989-11-28,10.748740,10.748740,10.666531,10.687083,7.843087,2833046
1989-11-29,10.687083,10.748740,10.584323,10.584323,7.767677,3436391
1989-11-30,10.584323,10.666531,10.584323,10.604875,7.782757,2820882
1989-12-01,10.604875,10.810396,10.604875,10.687083,7.843087,6192803
1989-12-04,10.687083,10.717911,10.563771,10.594599,7.775217,3774557
1989-12-05,10.594599,10.666531,10.543219,10.666531,7.828007,4235580
1989-12-06,10.666531,10.913156,10.645979,10.902880,8.001455,6355803
1989-12-07,10.902880,10.902880,10.625427,10.759016,7.895881,4618753
1989-12-08,10.759016,10.861776,10.656255,10.656255,7.820463,4045819
1989-12-11,10.656255,10.830948,10.656255,10.789844,7.918507,3227167
1989-12-12,10.789844,10.830948,10.625427,10.656255,7.820463,3020375
1989-12-13,10.656255,10.779568,10.656255,10.748740,7.888340,5663659
1989-12-14,10.748740,10.872052,10.707635,10.748740,7.888340,5179524
1989-12-15,10.748740,10.769292,10.584323,10.687083,7.843087,7752255
1989-12-18,10.687083,10.728188,10.234938,10.358250,7.601762,6782767
1989-12-19,10.317146,10.317146,9.865000,10.142453,7.443391,16248961
1989-12-20,9.597823,9.597823,9.125125,9.207333,6.757124,29919108
1989-12-21,9.258714,9.433406,9.258714,9.392302,6.892872,14881703
1989-12-22,9.412854,9.495063,9.412854,9.412854,6.907952,8427369
1989-12-26,9.412854,9.453958,9.330646,9.351198,6.862708,2940091
1989-12-27,9.351198,9.351198,8.693531,8.981260,6.591213,17885048
1989-12-28,8.981260,9.351198,8.899052,9.227885,6.772208,11802940
1989-12-29,9.227885,9.443682,9.207333,9.207333,6.757124,7616016
1990-01-02,9.207333,9.515615,9.207333,9.495063,6.968283,6983477
1990-01-03,9.495063,9.577271,9.464234,9.515615,6.983367,8077040
1990-01-04,9.515615,9.608099,9.412854,9.505339,6.975823,7721845
1990-01-05,9.505339,9.597823,9.495063,9.536167,6.998448,3961885
1990-01-08,9.536167,9.680031,9.525891,9.608099,7.058542,6647745
1990-01-09,9.608099,9.659479,9.566995,9.597823,7.050993,5073695
1990-01-10,9.546443,9.546443,9.176505,9.289542,6.824514,11014698
1990-01-11,9.289542,9.474510,9.289542,9.289542,6.824514,5484845
1990-01-12,9.207333,9.207333,8.981260,9.022365,6.628235,10278763
1990-01-15,9.022365,9.104573,8.888776,9.032641,6.635784,5805981
1990-01-16,9.032641,9.197057,8.878500,9.197057,6.756570,9138976
1990-01-17,9.197057,9.361474,9.042917,9.053193,6.650882,8746072
1990-01-18,9.053193,9.084021,8.950432,9.022365,6.628235,6049265
1990-01-19,9.022365,9.135401,8.981260,9.001813,6.613137,7442068
1990-01-22,9.001813,9.042917,8.693531,8.714083,6.401755,7426254
1990-01-23,8.714083,8.837396,8.395526,8.621599,6.333814,13060720
1990-01-24,8.621599,8.734635,8.426354,8.672979,6.371560,9136543
1990-01-25,8.672979,8.816844,8.590771,8.590771,6.311166,6919007
1990-01-26,8.590771,8.683255,8.426354,8.570219,6.296068,6186721
1990-01-29,8.590771,8.755188,8.590771,8.703807,6.394206,5668525
1990-01-30,8.703807,8.703807,8.477734,8.631875,6.341363,5943436
1990-01-31,8.631875,8.703807,8.344146,8.559943,6.288517,9348201
1990-02-01,8.559943,8.621599,8.344146,8.364698,6.145084,7417739
1990-02-02,8.364698,8.642151,8.364698,8.611323,6.326266,9479574
1990-02-05,8.672979,8.868224,8.672979,8.868224,6.514997,6046832
1990-02-06,8.868224,9.001813,8.734635,8.847672,6.499897,6420274
1990-02-07,8.847672,8.981260,8.744911,8.960708,6.582937,6093056
1990-02-08,8.960708,9.073745,8.929880,8.960708,6.582937,5673391
1990-02-09,8.960708,9.063469,8.919604,8.919604,6.552743,3901064
1990-02-12,8.919604,8.919604,8.775740,8.806568,6.469702,2535023
1990-02-13,8.806568,8.878500,8.734635,8.847672,6.499897,4880284
1990-02-14,8.847672,8.981260,8.816844,8.970984,6.590486,3559250
1990-02-15,8.970984,9.084021,8.940156,9.063469,6.658432,4054334
1990-02-16,9.063469,9.104573,9.001813,9.022365,6.628235,3718601
1990-02-20,8.940156,8.940156,8.786016,8.857948,6.507448,5071262
1990-02-21,8.837396,8.837396,8.744911,8.786016,6.454601,5168576
1990-02-22,8.786016,8.909328,8.744911,8.744911,6.424406,4213685
1990-02-23,8.744911,8.755188,8.611323,8.611323,6.326266,5027471
1990-02-26,8.611323,8.827120,8.590771,8.827120,6.484801,4753776
1990-02-27,8.827120,8.940156,8.816844,8.929880,6.560291,5532286
1990-02-28,8.929880,9.042917,8.919604,9.001813,6.613137,5787734
1990-03-01,9.001813,9.032641,8.888776,8.888776,6.530094,4042169
1990-03-02,8.888776,9.022365,8.878500,8.970984,6.590486,4439939
1990-03-05,8.970984,9.104573,8.970984,9.094297,6.681080,4769589
1990-03-06,9.104573,9.238161,9.104573,9.217609,6.771671,6355803
1990-03-07,9.217609,9.299818,9.114849,9.197057,6.756570,4864470
1990-03-08,9.197057,9.248438,9.166229,9.248438,6.794317,2792904
1990-03-09,9.248438,9.248438,9.084021,9.114849,6.696177,2947390
1990-03-12,9.114849,9.227885,9.063469,9.207333,6.764121,2791688
1990-03-13,9.207333,9.371750,9.186781,9.320370,6.847163,4708768
1990-03-14,9.351198,9.505339,9.351198,9.484786,6.967949,5795033
1990-03-15,9.484786,9.566995,9.412854,9.453958,6.945302,3783071
1990-03-16,9.484786,9.577271,9.484786,9.536167,7.005699,6369184
1990-03-19,9.505339,9.505339,9.433406,9.505339,6.983048,5048150
1990-03-20,9.505339,9.618375,9.474510,9.525891,6.998149,6838723
1990-03-21,9.525891,9.566995,9.433406,9.443682,6.937752,4444805
1990-03-22,9.412854,9.412854,9.094297,9.197057,6.756570,9143842
1990-03-23,9.248438,9.412854,9.248438,9.392302,6.900005,5074911
1990-03-26,9.392302,9.474510,9.268990,9.279266,6.816964,3648049
1990-03-27,9.279266,9.392302,9.258714,9.371750,6.884906,3897415
1990-03-28,9.340922,9.340922,9.207333,9.320370,6.847163,9593918
1990-03-29,9.289542,9.289542,9.176505,9.207333,6.764121,2425545
1990-03-30,9.207333,9.227885,9.073745,9.135401,6.711274,3897415
1990-04-02,9.135401,9.145677,8.981260,9.135401,6.711274,5162494
1990-04-03,9.166229,9.371750,9.166229,9.351198,6.869811,7465180
1990-04-04,9.351198,9.423130,9.166229,9.207333,6.764121,6925089
1990-04-05,9.258714,9.402578,9.258714,9.392302,6.900005,6093056
1990-04-06,9.392302,9.392302,9.289542,9.361474,6.886100,4207603
1990-04-09,9.361474,9.443682,9.330646,9.351198,6.878541,10093867
1990-04-10,9.351198,9.371750,9.299818,9.371750,6.893655,2777091
1990-04-11,9.371750,9.525891,9.371750,9.453958,6.954126,4930157
1990-04-12,9.453958,9.505339,9.412854,9.423130,6.931451,3736847
1990-04-16,9.423130,9.505339,9.392302,9.392302,6.908776,4043386
1990-04-17,9.392302,9.433406,9.320370,9.392302,6.908776,5015307
1990-04-18,9.392302,9.392302,9.258714,9.258714,6.810512,6878865
1990-04-19,9.258714,9.310094,9.166229,9.186781,6.757597,4617537
1990-04-20,9.186781,9.268990,9.063469,9.207333,6.772716,6057780
1990-04-23,9.207333,9.207333,9.063469,9.135401,6.719804,5078561
1990-04-24,9.135401,9.186781,9.053193,9.063469,6.666892,6440953
1990-04-25,9.084021,9.155953,9.084021,9.145677,6.727363,2936442
1990-04-26,9.145677,9.238161,9.084021,9.104573,6.697125,6704916
1990-04-27,9.104573,9.114849,9.001813,9.012089,6.629098,4610238
1990-04-30,9.012089,9.114849,8.981260,9.084021,6.682011,4545768
1990-05-01,9.084021,9.155953,9.042917,9.094297,6.689570,4930157
1990-05-02,9.094297,9.155953,9.084021,9.145677,6.727363,2879270
1990-05-03,9.155953,9.217609,9.155953,9.197057,6.765155,4907045
1990-05-04,9.197057,9.268990,9.166229,9.268990,6.818069,3038621
1990-05-07,9.279266,9.351198,9.279266,9.310094,6.848303,3157831
1990-05-08,9.299818,9.299818,9.145677,9.238161,6.795393,4315864
1990-05-09,9.227885,9.227885,9.104573,9.125125,6.712247,3792803
1990-05-10,9.125125,9.155953,8.991536,8.991536,6.613980,4719716
1990-05-11,9.022365,9.268990,9.022365,9.217609,6.780274,7426254
1990-05-14,9.217609,9.351198,9.207333,9.258714,6.810512,6018855
1990-05-15,9.258714,9.320370,9.186781,9.279266,6.825630,4392499
1990-05-16,9.279266,9.320370,9.186781,9.258714,6.810512,3927826
1990-05-17,9.258714,9.310094,9.217609,9.248438,6.802950,4770806
1990-05-18,9.248438,9.464234,9.238161,9.453958,6.954126,8382362
1990-05-21,9.453958,9.608099,9.433406,9.556719,7.029716,11188647
1990-05-22,9.628651,9.823896,9.628651,9.823896,7.226247,9642575
1990-05-23,9.803344,9.803344,9.721135,9.762240,7.180893,4921642
1990-05-24,9.762240,9.803344,9.700583,9.782792,7.196009,3471668
1990-05-25,9.772516,9.772516,9.628651,9.669755,7.112864,2853725
1990-05-29,9.690307,9.865000,9.690307,9.844448,7.241364,5128434
1990-05-30,10.049969,10.337698,10.049969,10.337698,7.604187,15909579
1990-05-31,10.337698,10.676807,10.276042,10.604875,7.800717,11703193
1990-06-01,10.604875,10.728188,10.481563,10.563771,7.770483,10242271
1990-06-04,10.563771,10.625427,10.389078,10.543219,7.755367,6459199
1990-06-05,10.543219,10.789844,10.543219,10.789844,7.936776,9591485
1990-06-06,10.789844,10.913156,10.656255,10.697359,7.868748,8854334
1990-06-07,10.676807,10.676807,10.440458,10.543219,7.755367,4852306
1990-06-08,10.543219,10.543219,10.132177,10.142453,7.460567,8589154
1990-06-11,10.142453,10.419906,10.039693,10.409630,7.657102,6510289
1990-06-12,10.419906,10.748740,10.419906,10.687083,7.861188,9511201
1990-06-13,10.687083,10.820672,10.666531,10.666531,7.846068,7536949
1990-06-14,10.666531,10.676807,10.481563,10.604875,7.800717,4039736
1990-06-15,10.604875,10.902880,10.574047,10.830948,7.967011,12035276
1990-06-18,10.779568,10.779568,10.450734,10.450734,7.687335,8488191
1990-06-19,10.450734,10.666531,10.450734,10.656255,7.838511,7673188
1990-06-20,10.656255,10.728188,10.543219,10.604875,7.800717,4733097
1990-06-21,10.604875,10.861776,10.584323,10.810396,7.951893,5099240
1990-06-22,10.810396,10.861776,10.481563,10.502115,7.725129,6849671
1990-06-25,10.502115,10.563771,10.286318,10.378802,7.634424,4938672
1990-06-26,10.378802,10.502115,10.224661,10.255490,7.543716,6078459
1990-06-27,10.255490,10.502115,10.173281,10.440458,7.679775,5975063
1990-06-28,10.450734,10.635703,10.450734,10.635703,7.823396,4437506
1990-06-29,10.635703,10.697359,10.522667,10.543219,7.755367,4082311
1990-07-02,10.543219,10.656255,10.522667,10.594599,7.793157,3360973
1990-07-03,10.594599,10.769292,10.563771,10.738464,7.898984,5123568
1990-07-05,10.738464,10.769292,10.584323,10.645979,7.830953,4829194
1990-07-06,10.645979,10.800120,10.615151,10.769292,7.921657,4798784
1990-07-09,10.779568,10.995365,10.779568,10.964536,8.074217,7680487
1990-07-10,10.964536,11.036469,10.769292,10.789844,7.945569,6830208
1990-07-11,10.789844,11.057021,10.789844,11.057021,8.142319,6481095
1990-07-12,11.057021,11.077573,10.913156,11.057021,8.142319,6916574
1990-07-13,11.057021,11.221438,11.036469,11.046745,8.134748,7092955
1990-07-16,11.046745,11.057021,10.810396,10.861776,7.998542,6494475
1990-07-17,10.861776,10.943984,10.594599,10.789844,7.945569,7044298
1990-07-18,10.789844,10.810396,10.604875,10.687083,7.869899,5961683
1990-07-19,10.687083,10.728188,10.491839,10.687083,7.869899,6665991
1990-07-20,10.687083,10.830948,10.543219,10.563771,7.779094,6384997
1990-07-23,10.543219,10.543219,10.132177,10.193833,7.506672,12661733
1990-07-24,10.193833,10.193833,9.782792,9.947208,7.325061,13538773
1990-07-25,9.947208,10.049969,9.762240,9.772516,7.196417,10067106
1990-07-26,9.772516,10.173281,9.659479,9.947208,7.325061,8266802
1990-07-27,9.700583,9.700583,9.495063,9.536167,7.022372,17445920
1990-07-30,9.536167,9.700583,9.505339,9.690307,7.135883,7219463
1990-07-31,9.690307,9.803344,9.556719,9.669755,7.120746,7012671
1990-08-01,9.669755,9.700583,9.505339,9.566995,7.045071,5861936
1990-08-02,9.392302,9.392302,9.042917,9.186781,6.765086,14494881
1990-08-03,9.022365,9.022365,8.405802,9.001813,6.628878,28262342
1990-08-06,8.652427,8.652427,8.323594,8.416078,6.197545,15385302
1990-08-07,8.477734,8.672979,8.477734,8.498286,6.258081,15960669
1990-08-08,8.498286,8.878500,8.446906,8.878500,6.538067,15117689
1990-08-09,8.878500,9.032641,8.775740,9.022365,6.644010,9079372
1990-08-10,9.022365,9.022365,8.724359,8.775740,6.462399,7311911
1990-08-13,8.775740,8.970984,8.529115,8.960708,6.598605,7223112
1990-08-14,8.960708,8.991536,8.837396,8.847672,6.515369,6676939
1990-08-15,8.857948,8.991536,8.857948,8.929880,6.575907,5880182
1990-08-16,8.878500,8.878500,8.611323,8.611323,6.341321,5381450
1990-08-17,8.539391,8.539391,8.385250,8.436630,6.212681,9790978
1990-08-20,8.436630,8.570219,8.385250,8.385250,6.174842,7821591
1990-08-21,8.333870,8.333870,8.035865,8.231109,6.061335,13717587
1990-08-22,8.231109,8.344146,8.056417,8.066693,5.940260,10640041
1990-08-23,7.963932,7.963932,7.686479,7.820068,5.758648,15890117
1990-08-24,7.892000,8.076969,7.892000,8.046141,5.925126,9966143
1990-08-27,8.385250,8.529115,8.385250,8.477734,6.242949,11405170
1990-08-28,8.477734,8.631875,8.436630,8.498286,6.258081,7036999
1990-08-29,8.498286,8.631875,8.477734,8.539391,6.288352,5955601
1990-08-30,8.539391,8.570219,8.385250,8.405802,6.189979,5366853
1990-08-31,8.405802,8.508563,8.344146,8.416078,6.197545,6026153
1990-09-04,8.374974,8.374974,8.231109,8.364698,6.159708,6257273
1990-09-05,8.364698,8.467458,8.323594,8.416078,6.197545,4405879
1990-09-06,8.416078,8.416078,8.282490,8.303042,6.114306,4182058
1990-09-07,8.303042,8.405802,8.261938,8.374974,6.167278,4241662
1990-09-10,8.374974,8.508563,8.159177,8.200281,6.038635,4196655
1990-09-11,8.200281,8.282490,8.118073,8.190005,6.031066,6763305
1990-09-12,8.190005,8.272214,8.076969,8.148901,6.000796,6074810
1990-09-13,8.138625,8.138625,7.902276,7.912552,5.826752,5020172
1990-09-14,7.902276,7.902276,7.768688,7.778964,5.728379,7523568
1990-09-17,7.778964,7.809792,7.604271,7.789240,5.735945,4359655
1990-09-18,7.789240,7.789240,7.532339,7.737859,5.698109,9721642
1990-09-19,7.737859,7.789240,7.419302,7.429578,5.471094,8630512
1990-09-20,7.429578,7.429578,7.213781,7.306266,5.380286,10356614
1990-09-21,7.306266,7.429578,7.254885,7.367922,5.425689,10143740
1990-09-24,7.326818,7.326818,7.152125,7.275438,5.357585,7190269
1990-09-25,7.316542,7.470682,7.316542,7.409026,5.455958,8468728
1990-09-26,7.409026,7.439854,7.295990,7.439854,5.478661,6799797
1990-09-27,7.439854,7.491234,7.285714,7.337094,5.402987,6209833
1990-09-28,7.337094,7.450130,7.141849,7.450130,5.486227,7867816
1990-10-01,7.511786,7.933104,7.511786,7.912552,5.826752,10181450
1990-10-02,7.912552,8.076969,7.840620,7.850896,5.781348,10592600
1990-10-03,7.850896,7.881724,7.727583,7.737859,5.698109,6668424
1990-10-04,7.737859,7.768688,7.522063,7.707031,5.675407,5815712
1990-10-05,7.707031,7.799516,7.542615,7.686479,5.669041,7586822
1990-10-08,7.686479,7.850896,7.676203,7.737859,5.706936,3272174
1990-10-09,7.665927,7.665927,7.511786,7.511786,5.540200,4525089
1990-10-10,7.511786,7.655651,7.460406,7.511786,5.540200,8750938
1990-10-11,7.511786,7.604271,7.347370,7.450130,5.494726,9236290
1990-10-12,7.450130,7.522063,7.285714,7.419302,5.471989,20398175
1990-10-15,7.419302,7.491234,7.244609,7.357646,5.426517,12912316
1990-10-16,7.357646,7.398750,7.182953,7.234333,5.335568,6264572
1990-10-17,7.234333,7.285714,7.069917,7.182953,5.297672,7602636
1990-10-18,7.224057,7.563167,7.224057,7.563167,5.578094,9197364
1990-10-19,7.624823,7.768688,7.624823,7.676203,5.661463,8842169
1990-10-22,7.676203,8.035865,7.614547,7.881724,5.813041,7848353
1990-10-23,7.881724,8.076969,7.850896,7.933104,5.850935,11484237
1990-10-24,7.933104,8.005036,7.809792,7.871448,5.805463,5762190
1990-10-25,7.871448,7.933104,7.799516,7.861172,5.797884,4576178
1990-10-26,7.758411,7.758411,7.624823,7.645375,5.638723,5118702
1990-10-29,7.645375,7.645375,7.419302,7.470682,5.509885,4786619
1990-10-30,7.470682,7.583719,7.337094,7.511786,5.540200,6697618
1990-10-31,7.511786,7.655651,7.439854,7.480958,5.517466,5357121
1990-11-01,7.480958,7.604271,7.378198,7.563167,5.578094,5027471
1990-11-02,7.563167,7.830344,7.563167,7.820068,5.767566,5072478
1990-11-05,7.830344,7.994760,7.830344,7.850896,5.790305,5338875
1990-11-06,7.850896,7.861172,7.583719,7.593995,5.600832,5239128
1990-11-07,7.593995,7.686479,7.460406,7.480958,5.517466,5489711
1990-11-08,7.480958,7.593995,7.409026,7.491234,5.525040,5208718
1990-11-09,7.491234,7.655651,7.295990,7.593995,5.600832,8845819
1990-11-12,7.645375,7.768688,7.645375,7.727583,5.699358,3667511
1990-11-13,7.737859,7.953656,7.737859,7.799516,5.752410,5500659
1990-11-14,7.799516,7.892000,7.789240,7.799516,5.752410,3873087
1990-11-15,7.799516,7.861172,7.737859,7.758411,5.722095,4682007
1990-11-16,7.758411,7.840620,7.727583,7.820068,5.767566,6201318
1990-11-19,7.850896,8.159177,7.850896,8.159177,6.017671,9873695
1990-11-20,8.159177,8.251661,8.015313,8.035865,5.926725,6322960
1990-11-21,8.035865,8.035865,7.809792,7.840620,5.782726,10075621
1990-11-23,7.850896,7.943380,7.850896,7.871448,5.805463,1750431
1990-11-26,7.871448,8.035865,7.717307,8.035865,5.926725,5413077
1990-11-27,8.035865,8.159177,7.963932,8.159177,6.017671,7249873
1990-11-28,8.159177,8.241385,7.974208,8.005036,5.903988,7341105
1990-11-29,8.005036,8.056417,7.902276,7.953656,5.866095,4908262
1990-11-30,7.953656,8.303042,7.912552,8.190005,6.040410,8306944
1990-12-03,8.220833,8.385250,8.220833,8.313318,6.131355,7827674
1990-12-04,8.313318,8.446906,8.231109,8.405802,6.199567,5011657
1990-12-05,8.405802,8.714083,8.354422,8.714083,6.426933,6687886
1990-12-06,8.714083,8.940156,8.652427,8.672979,6.396617,14153066
1990-12-07,8.672979,8.672979,8.529115,8.580495,6.328407,4958135
1990-12-10,8.508563,8.508563,8.416078,8.477734,6.252617,5191688
1990-12-11,8.457182,8.457182,8.241385,8.303042,6.123777,4674709
1990-12-12,8.303042,8.539391,8.261938,8.508563,6.275357,5526204
1990-12-13,8.508563,8.672979,8.508563,8.621599,6.358726,7066194
1990-12-14,8.518839,8.518839,8.385250,8.467458,6.245039,4561581
1990-12-17,8.436630,8.436630,8.344146,8.354422,6.161671,3128637
1990-12-18,8.354422,8.508563,8.261938,8.498286,6.267777,9509985
1990-12-19,8.416078,8.416078,8.261938,8.282490,6.108619,4980030
1990-12-20,8.282490,8.292766,8.179729,8.251661,6.085882,4938672
1990-12-21,8.261938,8.364698,8.261938,8.303042,6.123777,5819361
1990-12-24,8.303042,8.323594,8.251661,8.261938,6.093462,1808819
1990-12-26,8.272214,8.385250,8.272214,8.344146,6.154095,2031424
1990-12-27,8.344146,8.436630,8.303042,8.333870,6.146513,2968069
1990-12-28,8.333870,8.426354,8.323594,8.395526,6.191988,3270958
1990-12-31,8.395526,8.405802,8.261938,8.344146,6.154095,2082514
1991-01-02,8.344146,8.436630,8.303042,8.303042,6.123777,4917993
1991-01-03,8.303042,8.364698,8.220833,8.261938,6.093462,6119818
1991-01-04,8.261938,8.282490,8.179729,8.231109,6.070722,5931272
1991-01-07,8.159177,8.159177,8.005036,8.005036,5.903988,5685555
1991-01-08,7.974208,7.974208,7.830344,7.830344,5.775146,11339483
1991-01-09,7.830344,8.015313,7.727583,7.768688,5.729673,9159655
1991-01-10,7.799516,7.922828,7.799516,7.871448,5.805463,3929042
1991-01-11,7.871448,7.871448,7.768688,7.850896,5.790305,3802534
1991-01-14,7.789240,7.789240,7.696755,7.789240,5.753566,4666194
1991-01-15,7.789240,7.789240,7.707031,7.727583,5.708022,3346376
1991-01-16,7.727583,7.933104,7.696755,7.902276,5.837060,5028687
1991-01-17,8.200281,8.385250,8.200281,8.364698,6.178631,17584592
1991-01-18,8.364698,8.477734,8.303042,8.477734,6.262128,11333401
1991-01-21,8.416078,8.416078,8.313318,8.385250,6.193812,3449772
1991-01-22,8.364698,8.364698,8.159177,8.179729,6.042003,6991992
1991-01-23,8.200281,8.354422,8.200281,8.313318,6.140679,5192904
1991-01-24,8.303042,8.303042,8.169453,8.179729,6.042003,11568170
1991-01-25,8.179729,8.416078,8.138625,8.364698,6.178631,9209529
1991-01-28,8.364698,8.446906,8.364698,8.395526,6.201404,4396148
1991-01-29,8.395526,8.539391,8.395526,8.446906,6.239353,6412975
1991-01-30,8.529115,8.899052,8.529115,8.888776,6.565743,14500963
1991-01-31,8.888776,8.940156,8.755188,8.899052,6.573334,7903092
1991-02-01,8.899052,9.351198,8.837396,9.125125,6.740324,14829397
1991-02-04,9.125125,9.577271,9.094297,9.566995,7.066714,13567968
1991-02-05,9.566995,9.854724,9.536167,9.823896,7.256477,16396148
1991-02-06,9.793068,9.793068,9.587547,9.741688,7.195752,11614394
1991-02-07,9.741688,9.823896,9.587547,9.628651,7.112255,9780030
1991-02-08,9.628651,9.638927,9.433406,9.505339,7.021174,6719513
1991-02-11,9.505339,9.721135,9.505339,9.700583,7.165390,5449569
1991-02-12,9.700583,9.988313,9.649203,9.844448,7.271658,14339179
1991-02-13,9.844448,10.008865,9.813620,9.998589,7.385519,6541916
1991-02-14,9.998589,10.101349,9.618375,9.700583,7.165390,8204764
1991-02-15,9.700583,9.834172,9.638927,9.690307,7.157802,7348403
1991-02-19,9.690307,9.823896,9.597823,9.751964,7.203344,7367866
1991-02-20,9.751964,9.782792,9.638927,9.638927,7.119848,4845008
1991-02-21,9.649203,9.823896,9.649203,9.762240,7.210934,6470147
1991-02-22,9.762240,10.255490,9.741688,9.988313,7.377922,11900253
1991-02-25,10.029417,10.214385,10.029417,10.152729,7.499370,6403244
1991-02-26,10.111625,10.111625,9.895828,9.978036,7.370330,5334009
1991-02-27,9.978036,10.245214,9.967760,10.193833,7.529732,6183071
1991-02-28,10.193833,10.358250,10.121901,10.142453,7.491778,6922656
1991-03-01,10.142453,10.193833,9.978036,10.183557,7.522143,4533604
1991-03-04,10.183557,10.265766,10.029417,10.029417,7.408287,4591992
1991-03-05,10.029417,10.358250,9.947208,10.276042,7.590457,6574759
1991-03-06,10.378802,10.502115,10.378802,10.409630,7.689131,8433452
1991-03-07,10.409630,10.522667,10.255490,10.440458,7.711903,5315763
1991-03-08,10.471286,10.666531,10.471286,10.471286,7.734673,4481298
1991-03-11,10.471286,10.584323,10.337698,10.358250,7.651179,3684541
1991-03-12,10.358250,10.440458,10.132177,10.173281,7.514552,4095692
1991-03-13,10.173281,10.378802,10.163005,10.286318,7.598048,3957020
1991-03-14,10.286318,10.378802,10.111625,10.173281,7.514552,6383781
1991-03-15,10.173281,10.214385,9.988313,10.132177,7.484194,7931069
1991-03-18,10.132177,10.214385,10.029417,10.132177,7.484194,2792904
1991-03-19,10.080797,10.080797,9.957484,9.957484,7.355153,5677040
1991-03-20,9.957484,10.091073,9.926656,10.019141,7.400698,4289103
1991-03-21,10.019141,10.049969,9.669755,9.710859,7.172981,4582261
1991-03-22,9.710859,9.875276,9.659479,9.782792,7.226117,4747694
1991-03-25,9.628651,9.628651,9.382026,9.495063,7.013582,8684034
1991-03-26,9.505339,9.803344,9.505339,9.803344,7.241296,4784187
1991-03-27,9.803344,9.988313,9.772516,9.803344,7.241296,5189255
1991-03-28,9.803344,9.854724,9.782792,9.782792,7.226117,2148201
1991-04-01,9.772516,9.772516,9.628651,9.649203,7.127438,2749113
1991-04-02,9.649203,9.875276,9.649203,9.875276,7.294428,3408414
1991-04-03,9.875276,9.926656,9.823896,9.885552,7.302022,3803751
1991-04-04,9.885552,10.060245,9.844448,9.926656,7.332378,5065180
1991-04-05,9.926656,10.049969,9.803344,9.834172,7.264068,4138267
1991-04-08,9.823896,9.823896,9.659479,9.762240,7.221500,2505829
1991-04-09,9.741688,9.741688,9.638927,9.638927,7.130278,4448454
1991-04-10,9.638927,9.669755,9.453958,9.536167,7.054263,5372935
1991-04-11,9.536167,9.556719,9.443682,9.453958,6.993451,6557729
1991-04-12,9.453958,9.556719,9.453958,9.495063,7.023858,4370603
1991-04-15,9.495063,9.597823,9.484786,9.566995,7.077065,4107856
1991-04-16,9.566995,9.916380,9.566995,9.916380,7.335520,5456868
1991-04-17,9.916380,10.101349,9.916380,9.947208,7.358325,6872783
1991-04-18,9.936932,9.936932,9.813620,9.844448,7.282310,4418044
1991-04-19,9.793068,9.793068,9.628651,9.638927,7.130278,6977395
1991-04-22,9.638927,9.690307,9.597823,9.618375,7.115079,3010644
1991-04-23,9.700583,9.803344,9.700583,9.782792,7.236703,3354891
1991-04-24,9.782792,9.834172,9.659479,9.700583,7.175889,2280791
1991-04-25,9.700583,9.700583,9.453958,9.464234,7.001054,3083629
1991-04-26,9.464234,9.484786,9.207333,9.453958,6.993451,10127927
1991-04-29,9.453958,9.556719,9.423130,9.443682,6.985848,7742524
1991-04-30,9.443682,9.577271,9.289542,9.464234,7.001054,7617233
1991-05-01,9.474510,9.680031,9.474510,9.669755,7.153082,5073695
1991-05-02,9.669755,9.834172,9.659479,9.690307,7.168288,5701368
1991-05-03,9.741688,9.926656,9.741688,9.916380,7.335520,5914242
1991-05-06,9.947208,10.091073,9.947208,10.049969,7.434343,7246224
1991-05-07,10.049969,10.173281,9.751964,9.854724,7.289914,8258287
1991-05-08,9.854724,9.906104,9.751964,9.844448,7.282310,6945768
1991-05-09,9.885552,10.152729,9.885552,10.132177,7.495153,5698936
1991-05-10,10.132177,10.173281,9.906104,9.936932,7.350726,4257476
1991-05-13,9.936932,10.019141,9.906104,9.988313,7.388732,3247846
1991-05-14,9.978036,9.978036,9.823896,9.895828,7.320319,4144349
1991-05-15,9.895828,9.906104,9.700583,9.731411,7.198694,4514141
1991-05-16,9.772516,9.875276,9.772516,9.844448,7.282310,2735732
1991-05-17,9.844448,9.875276,9.762240,9.854724,7.289914,5192904
1991-05-20,9.854724,9.957484,9.823896,9.916380,7.335520,3617638
1991-05-21,9.916380,9.998589,9.865000,9.916380,7.335520,4529954
1991-05-22,9.916380,9.967760,9.823896,9.885552,7.312718,4200304
1991-05-23,9.885552,9.978036,9.875276,9.906104,7.327919,5037202
1991-05-24,9.906104,9.957484,9.906104,9.916380,7.335520,6919007
1991-05-28,9.916380,9.988313,9.895828,9.936932,7.350726,4210035
1991-05-29,9.906104,9.906104,9.762240,9.762240,7.221500,6647745
1991-05-30,9.762240,9.762240,9.505339,9.597823,7.099874,19360568
1991-05-31,9.597823,9.618375,9.340922,9.536167,7.054263,14318500
1991-06-03,9.536167,9.762240,9.495063,9.700583,7.175889,8196249
1991-06-04,9.700583,9.700583,9.628651,9.659479,7.145482,4893664
1991-06-05,9.659479,9.700583,9.628651,9.680031,7.160682,6258490
1991-06-06,9.680031,9.710859,9.453958,9.453958,6.993451,4778104
1991-06-07,9.453958,9.556719,9.382026,9.505339,7.031459,5825443
1991-06-10,9.525891,9.638927,9.525891,9.587547,7.092271,2885352
1991-06-11,9.587547,9.649203,9.546443,9.577271,7.084670,3745362
1991-06-12,9.577271,9.577271,9.474510,9.525891,7.046663,3853624
1991-06-13,9.525891,9.577271,9.495063,9.525891,7.046663,3922960
1991-06-14,9.556719,9.618375,9.556719,9.587547,7.092271,5059098
1991-06-17,9.587547,9.587547,9.515615,9.515615,7.039062,2150634
1991-06-18,9.515615,9.577271,9.412854,9.474510,7.008654,4211252
1991-06-19,9.433406,9.433406,9.268990,9.330646,6.902233,6343639
1991-06-20,9.330646,9.330646,9.186781,9.310094,6.887030,5846123
1991-06-21,9.310094,9.351198,9.227885,9.310094,6.887030,5698936
1991-06-24,9.310094,9.382026,9.227885,9.227885,6.826217,5842473
1991-06-25,9.258714,9.351198,9.258714,9.279266,6.864224,4896097
1991-06-26,9.279266,9.340922,9.186781,9.197057,6.803407,4863254
1991-06-27,9.197057,9.268990,9.053193,9.104573,6.734999,4078662
1991-06-28,9.104573,9.186781,9.053193,9.166229,6.780607,4341409
1991-07-01,9.227885,9.351198,9.227885,9.351198,6.917438,4156513
1991-07-02,9.402578,9.803344,9.402578,9.772516,7.229100,9683933
1991-07-03,9.741688,9.741688,9.608099,9.731411,7.198694,8456564
1991-07-05,9.731411,9.803344,9.690307,9.741688,7.206295,2873188
1991-07-08,9.741688,9.813620,9.566995,9.813620,7.270244,4184491
1991-07-09,9.813620,9.895828,9.793068,9.834172,7.285467,4492245
1991-07-10,9.834172,9.978036,9.813620,9.854724,7.300694,6288900
1991-07-11,9.854724,9.978036,9.813620,9.967760,7.384433,4504410
1991-07-12,9.967760,10.060245,9.885552,10.049969,7.445337,5118702
1991-07-15,10.049969,10.080797,10.008865,10.039693,7.437727,3126204
1991-07-16,10.039693,10.049969,9.947208,9.978036,7.392045,2221186
1991-07-17,9.967760,9.967760,9.854724,9.875276,7.315920,2407299
1991-07-18,9.875276,10.091073,9.875276,10.008865,7.414887,4660112
1991-07-19,10.008865,10.029417,9.906104,10.008865,7.414887,3908363
1991-07-22,10.008865,10.060245,9.967760,10.029417,7.430115,2919412
1991-07-23,10.029417,10.080797,9.978036,9.978036,7.392045,2609225
1991-07-24,9.978036,9.978036,9.803344,9.813620,7.270244,3586011
1991-07-25,9.813620,9.865000,9.669755,9.690307,7.178890,4727015
1991-07-26,9.690307,9.741688,9.495063,9.638927,7.140825,10496503
1991-07-29,9.638927,9.710859,9.587547,9.659479,7.156052,5071262
1991-07-30,9.659479,9.854724,9.608099,9.854724,7.300694,4893664
1991-07-31,9.854724,9.947208,9.803344,9.926656,7.353982,3287988
1991-08-01,9.926656,9.978036,9.885552,9.957484,7.376824,2273492
1991-08-02,9.957484,10.029417,9.916380,9.926656,7.353982,3433958
1991-08-05,9.926656,9.926656,9.834172,9.844448,7.293081,1829498
1991-08-06,9.844448,9.978036,9.690307,9.957484,7.376824,4442372
1991-08-07,9.957484,9.998589,9.803344,9.834172,7.285467,3466802
1991-08-08,9.834172,9.895828,9.793068,9.854724,7.300694,3432742
1991-08-09,9.854724,9.926656,9.834172,9.834172,7.285467,2392701
1991-08-12,9.834172,9.936932,9.813620,9.906104,7.338756,2876837
1991-08-13,9.906104,9.988313,9.865000,9.936932,7.361593,3930258
1991-08-14,9.936932,10.060245,9.916380,10.049969,7.445337,5214800
1991-08-15,10.049969,10.101349,9.813620,9.844448,7.293081,4532387
1991-08-16,9.823896,9.823896,9.556719,9.608099,7.117988,10615712
1991-08-19,9.423130,9.423130,9.186781,9.330646,6.912440,9196148
1991-08-20,9.330646,9.453958,9.238161,9.279266,6.874375,6488393
1991-08-21,9.402578,9.618375,9.402578,9.618375,7.125599,8092854
1991-08-22,9.618375,9.659479,9.495063,9.556719,7.079921,4482514
1991-08-23,9.556719,9.751964,9.525891,9.690307,7.178890,5211151
1991-08-26,9.690307,9.834172,9.680031,9.782792,7.247406,3207704
1991-08-27,9.782792,9.823896,9.659479,9.731411,7.209343,2615307
1991-08-28,9.731411,9.813620,9.680031,9.793068,7.255017,2736949
1991-08-29,9.793068,9.813620,9.659479,9.731411,7.209343,4776888
1991-08-30,9.731411,9.762240,9.710859,9.762240,7.232179,2698023
1991-09-03,9.762240,9.793068,9.597823,9.597823,7.110375,2979017
1991-09-04,9.597823,9.597823,9.392302,9.453958,7.003793,4454536
1991-09-05,9.453958,9.484786,9.392302,9.484786,7.026631,4689306
1991-09-06,9.484786,9.546443,9.443682,9.464234,7.011407,3460720
1991-09-09,9.464234,9.525891,9.453958,9.495063,7.034245,1947491
1991-09-10,9.453958,9.453958,9.320370,9.361474,6.935279,4144349
1991-09-11,9.361474,9.423130,9.289542,9.299818,6.889604,3901064
1991-09-12,9.299818,9.351198,9.248438,9.289542,6.881989,4436290
1991-09-13,9.289542,9.330646,9.176505,9.227885,6.836312,4664977
1991-09-16,9.227885,9.340922,9.207333,9.340922,6.920055,3960669
1991-09-17,9.340922,9.402578,9.320370,9.371750,6.942893,2414597
1991-09-18,9.351198,9.351198,9.238161,9.248438,6.851539,2070350
1991-09-19,9.248438,9.248438,9.094297,9.114849,6.752572,5379017
1991-09-20,9.114849,9.238161,9.063469,9.104573,6.744958,5557831
1991-09-23,9.104573,9.248438,9.104573,9.227885,6.836312,3314749
1991-09-24,9.258714,9.412854,9.258714,9.392302,6.958114,4801216
1991-09-25,9.392302,9.433406,9.258714,9.330646,6.912440,5082210
1991-09-26,9.330646,9.464234,9.289542,9.402578,6.965730,3241764
1991-09-27,9.402578,9.515615,9.371750,9.371750,6.942893,3323264
1991-09-30,9.371750,9.382026,9.197057,9.371750,6.942893,5740294
1991-10-01,9.371750,9.412854,9.248438,9.248438,6.851539,3677243
1991-10-02,9.248438,9.330646,9.217609,9.258714,6.859150,3044703
1991-10-03,9.258714,9.310094,9.248438,9.248438,6.851539,3044703
1991-10-04,9.268990,9.433406,9.268990,9.299818,6.889604,4576178
1991-10-07,9.289542,9.289542,9.197057,9.258714,6.869777,3111607
1991-10-08,9.258714,9.340922,9.258714,9.340922,6.930776,3058084
1991-10-09,9.340922,9.361474,9.197057,9.238161,6.854527,2561784
1991-10-10,9.238161,9.340922,9.135401,9.340922,6.930776,3169995
1991-10-11,9.361474,9.525891,9.361474,9.474510,7.029894,6715864
1991-10-14,9.474510,9.546443,9.474510,9.495063,7.045143,3124987
1991-10-15,9.495063,9.546443,9.412854,9.453958,7.014644,2673695
1991-10-16,9.453958,9.700583,9.382026,9.659479,7.167138,6239027
1991-10-17,9.659479,9.659479,9.525891,9.597823,7.121392,5591891
1991-10-18,9.649203,9.844448,9.649203,9.793068,7.266257,6709782
1991-10-21,9.793068,9.793068,9.669755,9.721135,7.212883,3169995
1991-10-22,9.762240,9.978036,9.762240,9.803344,7.273882,8589154
1991-10-23,9.803344,9.895828,9.762240,9.854724,7.312006,3736847
1991-10-24,9.854724,9.865000,9.690307,9.741688,7.228133,3601825
1991-10-25,9.741688,9.823896,9.638927,9.669755,7.174761,3738064
1991-10-28,9.669755,9.772516,9.659479,9.751964,7.235757,3510593
1991-10-29,9.751964,9.967760,9.710859,9.926656,7.365376,6848454
1991-10-30,9.926656,9.967760,9.793068,9.844448,7.304380,4201521
1991-10-31,9.844448,9.844448,9.751964,9.762240,7.243382,3306234
1991-11-01,9.762240,9.895828,9.669755,9.895828,7.342505,4297618
1991-11-04,9.854724,9.854724,9.700583,9.731411,7.220512,3114040
1991-11-05,9.577271,9.577271,9.320370,9.351198,6.938399,10242271
1991-11-06,9.351198,9.392302,9.227885,9.289542,6.892652,8044197
1991-11-07,9.289542,9.433406,9.268990,9.423130,6.991770,5083426
1991-11-08,9.423130,9.556719,9.423130,9.443682,7.007021,4241662
1991-11-11,9.443682,9.464234,9.402578,9.423130,6.991770,2502179
1991-11-12,9.361474,9.361474,9.227885,9.279266,6.885026,8495489
1991-11-13,9.279266,9.299818,9.001813,9.073745,6.732533,12216523
1991-11-14,9.084021,9.197057,9.084021,9.197057,6.824028,8181652
1991-11-15,9.197057,9.227885,8.857948,8.960708,6.648663,11759149
1991-11-18,8.960708,9.042917,8.878500,8.960708,6.648663,8986923
1991-11-19,8.878500,8.878500,8.549667,8.765464,6.503796,15665079
1991-11-20,8.765464,8.857948,8.755188,8.827120,6.549544,5335226
1991-11-21,8.827120,8.878500,8.775740,8.786016,6.519047,4673492
1991-11-22,8.775740,8.775740,8.652427,8.703807,6.458049,4377902
1991-11-25,8.703807,8.744911,8.652427,8.683255,6.442796,4545768
1991-11-26,8.683255,8.775740,8.529115,8.631875,6.404675,7262038
1991-11-27,8.631875,8.683255,8.590771,8.611323,6.389428,3558033
1991-11-29,8.611323,8.652427,8.549667,8.611323,6.389428,1676229
1991-12-02,8.611323,8.837396,8.508563,8.806568,6.534295,5816929
1991-12-03,8.806568,8.960708,8.786016,8.796292,6.526670,3991080
1991-12-04,8.796292,8.857948,8.724359,8.744911,6.488548,4177192
1991-12-05,8.744911,8.775740,8.652427,8.693531,6.450424,2584896
1991-12-06,8.693531,8.744911,8.601047,8.672979,6.435174,4439939
1991-12-09,8.672979,8.724359,8.590771,8.642151,6.412302,4112722
1991-12-10,8.642151,8.652427,8.559943,8.601047,6.381800,3365839
1991-12-11,8.601047,8.621599,8.518839,8.580495,6.366552,5133300
1991-12-12,8.601047,8.765464,8.601047,8.744911,6.488548,5152762
1991-12-13,8.786016,8.929880,8.786016,8.899052,6.602917,4999493
1991-12-16,8.899052,9.032641,8.878500,8.970984,6.656288,4191789
1991-12-17,8.970984,9.022365,8.878500,8.878500,6.587666,3922960
1991-12-18,8.878500,9.012089,8.827120,9.001813,6.679163,3761176
1991-12-19,9.001813,9.001813,8.888776,8.929880,6.625787,2997263
1991-12-20,8.929880,9.063469,8.714083,8.714083,6.465670,12091232
1991-12-23,8.714083,9.022365,8.683255,9.022365,6.694411,8052712
1991-12-24,9.022365,9.238161,9.001813,9.135401,6.778280,6622200
1991-12-26,9.135401,9.166229,9.063469,9.084021,6.740161,3876736
1991-12-27,9.084021,9.320370,9.084021,9.310094,6.907902,4773239
1991-12-30,9.310094,9.484786,9.299818,9.443682,7.007021,6307146
1991-12-31,9.443682,9.484786,9.289542,9.412854,6.984146,5928839
1992-01-02,9.412854,9.536167,9.361474,9.525891,7.068017,6718297
1992-01-03,9.587547,9.844448,9.587547,9.782792,7.258635,8922453
1992-01-06,9.782792,9.926656,9.741688,9.854724,7.322775,10592600
1992-01-07,9.854724,9.895828,9.834172,9.865000,7.330410,5629600
1992-01-08,9.865000,10.142453,9.823896,10.070521,7.483128,13863558
1992-01-09,10.173281,10.543219,10.173281,10.522667,7.819105,15984997
1992-01-10,10.522667,10.553495,10.327422,10.481563,7.788557,8349518
1992-01-13,10.450734,10.450734,10.327422,10.419906,7.742746,6534617
1992-01-14,10.419906,10.769292,10.399354,10.748740,7.987093,10416219
1992-01-15,10.748740,10.995365,10.645979,10.954260,8.139809,11113229
1992-01-16,10.923432,10.923432,10.748740,10.841224,8.055814,10262950
1992-01-17,10.841224,11.057021,10.789844,10.882328,8.086358,10022098
1992-01-20,10.872052,10.872052,10.728188,10.810396,8.032910,6327826
1992-01-21,10.810396,10.810396,10.502115,10.604875,7.880190,7763203
1992-01-22,10.625427,10.830948,10.625427,10.830948,8.048179,7134313
1992-01-23,10.789844,10.789844,10.687083,10.738464,7.979453,5846123
1992-01-24,10.738464,11.046745,10.707635,10.943984,8.132172,4284237
1992-01-27,10.943984,11.077573,10.861776,10.892604,8.093994,7320426
1992-01-28,11.252266,11.632479,11.252266,11.632479,8.643774,20190167
1992-01-29,11.632479,11.766068,11.406406,11.406406,8.475785,14205373
1992-01-30,11.406406,11.406406,11.159781,11.406406,8.475785,9078155
1992-01-31,11.406406,11.447510,11.221438,11.221438,8.338343,5313330
1992-02-03,11.221438,11.550271,11.180333,11.498891,8.544506,6112519
1992-02-04,11.498891,11.663307,11.334474,11.653031,8.659045,8316675
1992-02-05,11.653031,11.745516,11.622203,11.704411,8.697226,7332590
1992-02-06,11.704411,11.848276,11.550271,11.550271,8.582691,4264774
1992-02-07,11.550271,11.581099,11.406406,11.478339,8.529236,6411759
1992-02-10,11.478339,11.858552,11.468063,11.817448,8.781220,6679372
1992-02-11,11.817448,12.033245,11.786620,11.951036,8.880487,6923872
1992-02-12,11.951036,11.961313,11.827724,11.868828,8.819397,6038317
1992-02-13,11.838000,11.838000,11.591375,11.632479,8.643774,5177091
1992-02-14,11.632479,11.755792,11.529719,11.755792,8.735403,3959453
1992-02-18,11.755792,12.187385,11.735240,12.043521,8.949207,10292144
1992-02-19,12.033245,12.033245,11.920208,11.971589,8.895758,12197060
1992-02-20,12.033245,12.495667,12.033245,12.475115,9.269915,13015712
1992-02-21,12.475115,12.742292,12.413458,12.567599,9.338642,15821997
1992-02-24,12.577875,12.732016,12.577875,12.690911,9.430267,7480993
1992-02-25,12.690911,12.721740,12.444286,12.588151,9.353909,7917689
1992-02-26,12.598427,12.927260,12.598427,12.803948,9.514262,9215611
1992-02-27,12.803948,12.803948,12.660083,12.670359,9.414994,5393614
1992-02-28,12.670359,12.752568,12.536771,12.639531,9.392087,7315560
1992-03-02,12.639531,12.711464,12.588151,12.701188,9.437903,5296300
1992-03-03,12.701188,12.732016,12.608703,12.732016,9.460810,4117587
1992-03-04,12.732016,12.906708,12.680635,12.762844,9.483719,6950634
1992-03-05,12.762844,12.855328,12.701188,12.773120,9.491351,7240142
1992-03-06,12.773120,12.814224,12.680635,12.762844,9.483719,5655144
1992-03-09,12.752568,12.752568,12.464839,12.464839,9.262276,5552965
1992-03-10,12.464839,12.526495,12.341526,12.464839,9.262276,8401825
1992-03-11,12.464839,12.526495,12.166833,12.218214,9.079018,6393512
1992-03-12,12.207938,12.207938,11.889380,12.105177,8.995020,9994121
1992-03-13,12.136005,12.269594,12.136005,12.249042,9.101923,5724480
1992-03-16,12.249042,12.331250,12.125729,12.331250,9.163010,5039635
1992-03-17,12.331250,12.495667,12.331250,12.392906,9.208827,5264673
1992-03-18,12.392906,12.485391,12.362078,12.444286,9.247006,3676026
1992-03-19,12.444286,12.526495,12.434010,12.454563,9.254640,3034972
1992-03-20,12.454563,12.516219,12.320974,12.320974,9.155377,6999290
1992-03-23,12.320974,12.382630,12.300422,12.320974,9.155377,4048251
1992-03-24,12.320974,12.320974,12.146281,12.156557,9.033201,4093259
1992-03-25,12.156557,12.362078,12.146281,12.290146,9.132466,5119919
1992-03-26,12.290146,12.341526,12.136005,12.166833,9.040836,4800000
1992-03-27,12.166833,12.207938,12.105177,12.146281,9.025568,3791586
1992-03-30,12.146281,12.454563,12.136005,12.382630,9.201188,5077344
1992-03-31,12.382630,12.690911,12.382630,12.464839,9.262276,6472580
1992-04-01,12.464839,12.690911,12.351802,12.670359,9.414994,6863051
1992-04-02,12.711464,12.958089,12.711464,12.865604,9.560077,10731272
1992-04-03,12.865604,13.030021,12.660083,13.019745,9.674613,8855550
1992-04-06,13.019745,13.112229,12.845052,13.071125,9.725689,8651191
1992-04-07,13.030021,13.030021,12.670359,12.690911,9.442787,8772833
1992-04-08,12.567599,12.567599,12.156557,12.300422,9.152237,16261125
1992-04-09,12.300422,12.475115,12.187385,12.434010,9.251637,10933198
1992-04-10,12.454563,12.649807,12.454563,12.557323,9.343390,8132995
1992-04-13,12.557323,12.639531,12.505943,12.526495,9.320449,4256260
1992-04-14,12.526495,12.608703,12.269594,12.290146,9.144595,10681399
1992-04-15,12.290146,12.331250,12.177109,12.331250,9.175174,8073391
1992-04-16,12.331250,12.660083,12.310698,12.495667,9.297514,10976989
1992-04-20,12.495667,12.577875,12.372354,12.423734,9.243990,7886062
1992-04-21,12.423734,12.618979,12.413458,12.464839,9.274574,6715864
1992-04-22,12.464839,12.618979,12.444286,12.608703,9.381618,5132083
1992-04-23,12.608703,12.721740,12.505943,12.547047,9.335742,6432438
1992-04-24,12.547047,12.629255,12.403182,12.434010,9.251637,4270857
1992-04-27,12.382630,12.382630,12.207938,12.269594,9.129301,6827775
1992-04-28,12.218214,12.218214,12.002417,12.105177,9.006968,10148606
1992-04-29,12.105177,12.300422,12.074349,12.207938,9.083426,6749924
1992-04-30,12.146281,12.146281,11.971589,11.981865,8.915216,6762088
1992-05-01,11.981865,12.105177,11.940760,12.002417,8.930504,6703700
1992-05-04,12.033245,12.207938,12.033245,12.156557,9.045197,5965332
1992-05-05,12.156557,12.207938,12.136005,12.177109,9.060487,4055550
1992-05-06,12.177109,12.351802,12.146281,12.351802,9.190468,5029904
1992-05-07,12.351802,12.413458,12.300422,12.331250,9.175174,3742930
1992-05-08,12.331250,12.392906,12.259318,12.351802,9.190468,3983781
1992-05-11,12.341526,12.341526,12.249042,12.331250,9.175174,4253827
1992-05-12,12.279870,12.279870,12.146281,12.197661,9.075781,4964217
1992-05-13,12.197661,12.516219,12.177109,12.495667,9.297514,10132793
1992-05-14,12.495667,12.505943,12.362078,12.362078,9.198115,5186822
1992-05-15,12.362078,12.649807,12.279870,12.567599,9.351041,12652002
1992-05-18,13.071125,13.071125,12.660083,13.030021,9.695105,9441561
1992-05-19,13.030021,13.523271,13.030021,13.441063,10.000943,16136746
1992-05-20,13.358854,13.358854,12.865604,12.947813,9.633934,15886467
1992-05-21,12.824500,12.824500,12.577875,12.660083,9.419851,10838013
1992-05-22,12.660083,12.742292,12.454563,12.454563,9.266931,8502788
1992-05-26,12.454563,12.495667,12.125729,12.290146,9.144595,7779929
1992-05-27,12.290146,12.290146,12.002417,12.290146,9.144595,7270552
1992-05-28,12.290146,12.618979,12.207938,12.577875,9.358682,4654029
1992-05-29,12.577875,12.742292,12.413458,12.495667,9.297514,3811353
1992-06-01,12.495667,12.701188,12.372354,12.701188,9.450438,3960061
1992-06-02,12.742292,13.153333,12.742292,12.824500,9.542187,6117081
1992-06-03,12.824500,12.947813,12.701188,12.865604,9.572767,4147998
1992-06-04,12.865604,12.906708,12.166833,12.249042,9.114008,8428890
1992-06-05,12.002417,12.002417,11.632479,12.002417,8.930504,12112823
1992-06-08,12.002417,12.249042,11.879104,12.207938,9.083426,4583477
1992-06-09,12.207938,12.290146,12.002417,12.043521,8.961091,3745362
1992-06-10,12.043521,12.084625,11.755792,11.879104,8.838753,5255246
1992-06-11,11.879104,12.125729,11.796896,12.084625,8.991674,4214901
1992-06-12,12.084625,12.290146,12.043521,12.043521,8.961091,3303497
1992-06-15,12.043521,12.166833,11.961313,12.125729,9.022262,2869539
1992-06-16,12.125729,12.249042,12.002417,12.002417,8.930504,2526204
1992-06-17,12.002417,12.084625,11.838000,11.879104,8.838753,4186315
1992-06-18,11.879104,12.002417,11.838000,11.838000,8.808169,4105119
1992-06-19,11.879104,12.084625,11.879104,12.002417,8.930504,5611657
1992-06-22,11.961313,11.961313,11.755792,11.920208,8.869338,2928839
1992-06-23,11.920208,11.920208,11.385854,11.550271,8.594086,7144957
1992-06-24,11.550271,11.632479,11.426958,11.509167,8.563499,3701875
1992-06-25,11.509167,11.879104,11.509167,11.838000,8.808169,3292245
1992-06-26,11.838000,12.002417,11.591375,11.673583,8.685832,2538368
1992-06-29,11.673583,11.879104,11.673583,11.755792,8.747001,2342220
1992-06-30,11.755792,11.879104,11.714688,11.879104,8.838753,2409123
1992-07-01,11.879104,12.125729,11.838000,12.084625,8.991674,2637202
1992-07-02,12.084625,12.125729,11.796896,11.879104,8.838753,3138976
1992-07-06,11.879104,11.879104,11.385854,11.509167,8.575843,4630613
1992-07-07,11.509167,11.632479,11.344750,11.385854,8.483958,4813989
1992-07-08,11.385854,11.385854,11.221438,11.344750,8.453331,3874607
1992-07-09,11.344750,11.426958,11.262542,11.262542,8.392076,2910289
1992-07-10,11.262542,11.344750,11.180333,11.344750,8.453331,2771313
1992-07-13,11.344750,11.344750,11.180333,11.221438,8.361448,2843690
1992-07-14,11.221438,11.838000,11.180333,11.796896,8.790239,4917385
1992-07-15,11.838000,12.125729,11.838000,12.043521,8.974008,5147897
1992-07-16,12.043521,12.084625,11.838000,11.961313,8.912753,2933097
1992-07-17,11.920208,11.920208,11.755792,11.796896,8.790239,3522149
1992-07-20,11.796896,11.796896,11.591375,11.755792,8.759610,2148201
1992-07-21,11.755792,11.879104,11.755792,11.838000,8.820867,1443893
1992-07-22,11.796896,11.796896,11.632479,11.755792,8.759610,1925291
1992-07-23,11.755792,11.755792,11.550271,11.673583,8.698353,2437101
1992-07-24,11.673583,11.796896,11.550271,11.714688,8.728984,2133300
1992-07-27,11.714688,11.961313,11.673583,11.755792,8.759610,2697719
1992-07-28,11.755792,11.796896,11.632479,11.673583,8.698353,2215408
1992-07-29,11.673583,11.961313,11.632479,11.879104,8.851494,5116270
1992-07-30,11.879104,12.084625,11.879104,11.961313,8.912753,3364318
1992-07-31,11.961313,12.002417,11.796896,11.838000,8.820867,1676837
1992-08-03,11.838000,11.879104,11.755792,11.838000,8.820867,1441156
1992-08-04,11.838000,11.961313,11.632479,11.673583,8.698353,2720527
1992-08-05,11.673583,11.673583,11.550271,11.591375,8.637100,2296908
1992-08-06,11.591375,11.673583,11.550271,11.591375,8.637100,2282615
1992-08-07,11.591375,11.961313,11.591375,11.755792,8.759610,2825748
1992-08-10,11.714688,11.714688,11.550271,11.673583,8.698353,1938064
1992-08-11,11.673583,11.879104,11.591375,11.755792,8.759610,2528332
1992-08-12,11.755792,11.879104,11.714688,11.838000,8.820867,2111708
1992-08-13,11.838000,11.961313,11.796896,11.961313,8.912753,3107045
1992-08-14,11.961313,12.002417,11.879104,11.920208,8.882119,2063051
1992-08-17,11.920208,12.084625,11.920208,11.920208,8.882119,1794222
1992-08-18,11.920208,11.920208,11.673583,11.796896,8.790239,2725393
1992-08-19,11.673583,11.673583,11.344750,11.344750,8.453331,3525798
1992-08-20,11.344750,11.426958,11.221438,11.303646,8.422706,4588039
1992-08-21,11.303646,11.468063,10.974813,11.098125,8.269564,5995743
1992-08-24,10.974813,10.974813,10.769292,10.810396,8.055167,5366853
1992-08-25,10.810396,10.974813,10.769292,10.810396,8.055167,5903294
1992-08-26,10.810396,11.180333,10.810396,11.139229,8.300191,5071566
1992-08-27,11.262542,11.468063,11.262542,11.303646,8.422706,5527116
1992-08-28,11.344750,11.550271,11.344750,11.509167,8.575843,3239331
1992-08-31,11.509167,11.509167,11.303646,11.344750,8.453331,1923771
1992-09-01,11.344750,11.426958,11.262542,11.344750,8.453331,2180132
1992-09-02,11.344750,11.468063,11.303646,11.426958,8.514589,2088292
1992-09-03,11.426958,11.755792,11.426958,11.550271,8.606473,4531475
1992-09-04,11.550271,11.755792,11.426958,11.426958,8.514589,2682210
1992-09-08,11.426958,11.550271,11.344750,11.426958,8.514589,3255144
1992-09-09,11.426958,11.591375,11.303646,11.591375,8.637100,3045008
1992-09-10,11.673583,12.207938,11.673583,12.084625,9.004633,6471668
1992-09-11,12.084625,12.249042,12.043521,12.207938,9.096519,3510593
1992-09-14,12.207938,12.331250,11.961313,12.043521,8.974008,4260213
1992-09-15,12.043521,12.043521,11.920208,11.961313,8.912753,1864166
1992-09-16,11.961313,12.207938,11.879104,12.084625,9.004633,3148403
1992-09-17,12.084625,12.207938,11.961313,12.084625,9.004633,2013482
1992-09-18,12.084625,12.125729,11.961313,12.084625,9.004633,4104207
1992-09-21,12.084625,12.249042,12.084625,12.166833,9.065892,2096199
1992-09-22,12.166833,12.166833,12.002417,12.084625,9.004633,2110796
1992-09-23,12.084625,12.249042,11.961313,12.043521,8.974008,3433654
1992-09-24,12.043521,12.084625,11.879104,11.920208,8.882119,2107146
1992-09-25,11.920208,11.961313,11.796896,11.961313,8.912753,2566650
1992-09-28,11.961313,12.002417,11.879104,12.002417,8.943376,2113837
1992-09-29,12.002417,12.084625,11.920208,12.002417,8.943376,2196249
1992-09-30,12.002417,12.002417,11.879104,11.920208,8.882119,1961480
1992-10-01,11.920208,11.961313,11.673583,11.673583,8.698353,2699240
1992-10-02,11.632479,11.632479,11.468063,11.468063,8.545216,2521946
1992-10-05,11.468063,11.509167,10.933708,11.468063,8.557973,5066092
1992-10-06,11.468063,11.509167,11.139229,11.344750,8.465955,2485758
1992-10-07,11.344750,11.468063,11.098125,11.262542,8.404608,3734415
1992-10-08,11.262542,11.550271,11.139229,11.550271,8.619324,2775266
1992-10-09,11.550271,11.550271,11.262542,11.262542,8.404608,1538165
1992-10-12,11.344750,11.673583,11.344750,11.632479,8.680668,2148201
1992-10-13,11.632479,11.879104,11.632479,11.879104,8.864709,3363102
1992-10-14,11.879104,11.879104,11.509167,11.673583,8.711341,2199290
1992-10-15,11.673583,11.796896,11.550271,11.714688,8.742018,2018348
1992-10-16,11.714688,11.838000,11.632479,11.838000,8.834039,3838723
1992-10-19,11.838000,12.125729,11.755792,11.920208,8.895384,2730563
1992-10-20,11.920208,12.002417,11.796896,11.838000,8.834039,3280081
1992-10-21,11.838000,12.043521,11.632479,11.920208,8.895384,3381044
1992-10-22,11.920208,12.084625,11.838000,12.084625,9.018080,4075013
1992-10-23,12.249042,12.742292,12.249042,12.660083,9.447515,8080993
1992-10-26,12.660083,12.865604,12.413458,12.824500,9.570210,5528028
1992-10-27,12.824500,13.071125,12.824500,13.071125,9.754253,6184896
1992-10-28,13.071125,13.235542,12.906708,13.235542,9.876949,5440446
1992-10-29,13.153333,13.153333,12.906708,13.030021,9.723576,3270654
1992-10-30,13.030021,13.030021,12.742292,12.947813,9.662230,2329143
1992-11-02,12.947813,13.153333,12.701188,13.153333,9.815602,4223416
1992-11-03,13.153333,13.153333,12.865604,13.030021,9.723576,2462646
1992-11-04,13.030021,13.235542,12.947813,13.153333,9.815602,3203751
1992-11-05,13.153333,13.194438,13.030021,13.153333,9.815602,2991789
1992-11-06,13.153333,13.399958,13.071125,13.194438,9.846272,3538571
1992-11-09,13.235542,13.687688,13.235542,13.441063,10.030313,6988039
1992-11-10,13.523271,13.811000,13.523271,13.728792,10.245031,5271363
1992-11-11,13.687688,13.687688,13.358854,13.687688,10.214356,5740294
1992-11-12,13.646583,13.646583,13.399958,13.523271,10.091660,3250279
1992-11-13,13.523271,13.523271,13.317750,13.399958,9.999641,2226660
1992-11-16,13.399958,13.399958,13.071125,13.235542,9.876949,2933705
1992-11-17,13.235542,13.523271,13.235542,13.399958,9.999641,2736645
1992-11-18,13.399958,13.441063,13.194438,13.235542,9.876949,2258895
1992-11-19,13.235542,13.564375,13.030021,13.441063,10.030313,4551546
1992-11-20,13.441063,13.811000,13.441063,13.646583,10.183685,6759959
1992-11-23,13.646583,13.646583,13.441063,13.482167,10.060989,2095286
1992-11-24,13.482167,13.769896,13.441063,13.728792,10.245031,2879878
1992-11-25,13.728792,13.728792,13.399958,13.482167,10.060989,3461024
1992-11-27,13.482167,13.564375,13.399958,13.523271,10.091660,1575570
1992-11-30,13.564375,13.893208,13.564375,13.872656,10.352390,5599493
1992-12-01,13.769896,13.769896,13.112229,13.276646,9.907617,29840041
1992-12-02,13.276646,13.399958,13.112229,13.276646,9.907617,5977800
1992-12-03,13.276646,13.276646,13.030021,13.194438,9.846272,4144957
1992-12-04,13.194438,13.441063,13.153333,13.399958,9.999641,5280182
1992-12-07,13.482167,13.687688,13.482167,13.523271,10.091660,4365129
1992-12-08,13.523271,13.646583,13.482167,13.605479,10.153008,2961683
1992-12-09,13.605479,13.646583,13.317750,13.441063,10.030313,3865788
1992-12-10,13.399958,13.399958,13.112229,13.317750,9.938294,4230715
1992-12-11,13.317750,13.358854,13.112229,13.153333,9.815602,2587633
1992-12-14,13.153333,13.317750,13.153333,13.317750,9.938294,2623213
1992-12-15,13.317750,13.441063,13.276646,13.276646,9.907617,2153979
1992-12-16,13.276646,13.441063,13.153333,13.235542,9.876949,2172225
1992-12-17,13.276646,13.605479,13.276646,13.564375,10.122338,3618855
1992-12-18,13.646583,13.893208,13.646583,13.893208,10.367724,7491941
1992-12-21,13.893208,14.016521,13.769896,13.893208,10.367724,4507451
1992-12-22,13.893208,14.057625,13.852104,13.934313,10.398396,3701571
1992-12-23,13.934313,14.098729,13.893208,13.893208,10.367724,3184896
1992-12-24,13.975417,14.180938,13.975417,14.139833,10.551766,1824024
1992-12-28,14.139833,14.550875,14.057625,14.550875,10.858507,3411759
1992-12-29,14.550875,14.879708,14.468667,14.509771,10.827833,4505322
1992-12-30,14.509771,14.633083,14.263146,14.304250,10.674463,3378307
1992-12-31,14.304250,14.468667,14.139833,14.139833,10.551766,2245819
1993-01-04,14.098729,14.098729,13.811000,14.057625,10.490424,3509985
1993-01-05,14.057625,14.222042,13.934313,14.139833,10.564618,2318196
1993-01-06,14.180938,14.550875,14.180938,14.468667,10.810308,5105930
1993-01-07,14.468667,14.591979,14.057625,14.180938,10.595328,2997871
1993-01-08,14.180938,14.222042,13.852104,14.180938,10.595328,3242980
1993-01-11,14.180938,14.263146,13.893208,13.975417,10.441772,2248555
1993-01-12,13.975417,13.975417,13.728792,13.934313,10.411059,2183173
1993-01-13,13.934313,14.222042,13.811000,14.222042,10.626039,3552560
1993-01-14,14.345354,14.674188,14.345354,14.633083,10.933151,6742625
1993-01-15,14.633083,14.797500,14.591979,14.756396,11.025288,5822707
1993-01-18,14.756396,14.920813,14.633083,14.674188,10.963861,4328332
1993-01-19,14.674188,14.797500,14.509771,14.591979,10.902444,2445312
1993-01-20,14.591979,14.715292,14.509771,14.633083,10.933151,2077952
1993-01-21,14.633083,14.838604,14.550875,14.797500,11.055996,4858084
1993-01-22,14.797500,14.961917,14.468667,14.550875,10.871731,3833249
1993-01-25,14.550875,14.633083,14.098729,14.263146,10.656751,2899645
1993-01-26,14.715292,15.331854,14.715292,15.167438,11.332399,10473087
1993-01-27,15.167438,15.331854,14.756396,14.961917,11.178843,4071059
1993-01-28,14.961917,15.167438,14.756396,15.126333,11.301683,4111505
1993-01-29,15.126333,15.167438,14.961917,15.003021,11.209549,3008515
1993-02-01,15.003021,15.085229,14.838604,15.003021,11.209549,2264369
1993-02-02,15.003021,15.331854,14.920813,15.331854,11.455239,3208616
1993-02-03,15.372958,15.742896,15.372958,15.660688,11.700933,5535935
1993-02-04,15.660688,15.660688,15.372958,15.619583,11.670220,4277243
1993-02-05,15.619583,15.742896,15.455167,15.578479,11.639506,4241967
1993-02-08,15.578479,15.619583,15.372958,15.578479,11.639506,2976584
1993-02-09,15.455167,15.455167,15.208542,15.249646,11.393817,3700355
1993-02-10,15.249646,15.414063,15.044125,15.372958,11.485950,3475925
1993-02-11,15.372958,15.660688,15.331854,15.455167,11.547373,3769995
1993-02-12,15.455167,15.619583,15.331854,15.455167,11.547373,2790471
1993-02-16,15.290750,15.290750,14.550875,14.756396,11.025288,5705018
1993-02-17,14.756396,15.003021,14.674188,14.797500,11.055996,4561581
1993-02-18,14.797500,15.208542,14.797500,14.920813,11.148127,5375063
1993-02-19,14.920813,15.003021,14.715292,14.797500,11.055996,5722048
1993-02-22,14.797500,15.085229,14.756396,15.003021,11.209549,3699138
1993-02-23,15.003021,15.003021,13.975417,14.222042,10.626039,5261024
1993-02-24,14.222042,14.633083,14.222042,14.633083,10.933151,3532793
1993-02-25,14.633083,14.756396,14.509771,14.756396,11.025288,2428282
1993-02-26,14.756396,14.756396,14.550875,14.591979,10.902444,2162798
1993-03-01,14.591979,14.715292,14.304250,14.386458,10.748885,2267106
1993-03-02,14.386458,14.509771,14.098729,14.509771,10.841021,3322960
1993-03-03,14.509771,14.715292,14.509771,14.674188,10.963861,2718094
1993-03-04,14.674188,14.756396,14.468667,14.756396,11.025288,2243082
1993-03-05,14.756396,15.126333,14.674188,14.961917,11.178843,5311505
1993-03-08,14.961917,15.085229,14.756396,15.044125,11.240264,6846021
1993-03-09,15.044125,15.044125,14.879708,14.961917,11.178843,3194932
1993-03-10,14.961917,14.961917,14.468667,14.797500,11.055996,14070654
1993-03-11,14.797500,14.920813,14.591979,14.756396,11.025288,7216422
1993-03-12,14.756396,14.756396,14.509771,14.756396,11.025288,3445514
1993-03-15,14.797500,14.961917,14.797500,14.879708,11.117416,3282818
1993-03-16,14.879708,15.003021,14.797500,14.879708,11.117416,2111708
1993-03-17,14.879708,14.879708,14.550875,14.674188,10.963861,2226660
1993-03-18,14.674188,14.920813,14.633083,14.879708,11.117416,1814293
1993-03-19,14.879708,14.920813,14.591979,14.715292,10.994576,4900355
1993-03-22,14.633083,14.633083,14.509771,14.591979,10.902444,1952661
1993-03-23,14.591979,14.591979,14.468667,14.468667,10.810308,1447542
1993-03-24,14.468667,14.674188,14.304250,14.345354,10.718175,2843386
1993-03-25,14.345354,14.509771,14.304250,14.427563,10.779594,2148201
1993-03-26,14.427563,14.591979,14.427563,14.509771,10.841021,2048454
1993-03-29,14.509771,14.674188,14.222042,14.345354,10.718175,2066396
1993-03-30,14.345354,14.509771,14.345354,14.509771,10.841021,1432945
1993-03-31,14.550875,14.756396,14.550875,14.633083,10.933151,2814800
1993-04-01,14.633083,14.838604,14.591979,14.633083,10.933151,2982666
1993-04-02,14.633083,14.756396,14.386458,14.427563,10.779594,3215915
1993-04-05,14.386458,14.386458,13.934313,13.934313,10.425792,3729245
1993-04-06,13.934313,14.057625,13.646583,13.975417,10.456548,4594121
1993-04-07,13.893208,13.893208,13.358854,13.646583,10.210514,4144045
1993-04-08,13.646583,13.728792,13.317750,13.399958,10.025988,3971921
1993-04-12,13.482167,13.975417,13.482167,13.769896,10.302776,4629701
1993-04-13,13.811000,14.098729,13.811000,13.934313,10.425792,2964724
1993-04-14,13.934313,14.098729,13.564375,13.646583,10.210514,2887177
1993-04-15,13.646583,13.811000,13.564375,13.687688,10.241267,2363811
1993-04-16,13.687688,13.769896,13.441063,13.605479,10.179760,3859098
1993-04-19,13.605479,13.769896,13.441063,13.769896,10.302776,3222301
1993-04-20,13.769896,13.852104,13.399958,13.646583,10.210514,3388343
1993-04-21,13.646583,13.728792,13.317750,13.358854,9.995233,2628079
1993-04-22,13.358854,13.482167,13.112229,13.235542,9.902971,3312012
1993-04-23,13.235542,13.523271,13.153333,13.317750,9.964478,2898125
1993-04-26,13.317750,13.646583,13.317750,13.482167,10.087496,2243994
1993-04-27,13.441063,13.441063,12.865604,13.441063,10.056742,7418044
1993-04-28,13.441063,13.769896,13.235542,13.523271,10.118251,2789255
1993-04-29,13.523271,13.605479,13.235542,13.605479,10.179760,2542321
1993-04-30,13.564375,13.564375,13.194438,13.399958,10.025988,3631931
1993-05-03,13.399958,13.399958,13.112229,13.235542,9.902971,4686569
1993-05-04,13.235542,13.482167,13.153333,13.235542,9.902971,3842980
1993-05-05,13.194438,13.194438,12.906708,12.947813,9.687685,7038824
1993-05-06,12.947813,13.030021,12.577875,12.660083,9.472405,8138165
1993-05-07,12.660083,12.906708,12.618979,12.742292,9.533916,6402027
1993-05-10,12.824500,13.071125,12.824500,12.988917,9.718442,4379118
1993-05-11,12.988917,13.194438,12.988917,13.153333,9.841463,2640851
1993-05-12,13.112229,13.112229,12.865604,13.030021,9.749193,3826863
1993-05-13,12.988917,12.988917,12.701188,12.742292,9.533916,3809529
1993-05-14,12.783396,12.988917,12.783396,12.947813,9.687685,3463457
1993-05-17,12.947813,13.194438,12.947813,13.030021,9.749193,2871059
1993-05-18,13.030021,13.153333,12.988917,13.153333,9.841463,2893259
1993-05-19,13.153333,13.769896,13.071125,13.646583,10.210514,5765839
1993-05-20,13.728792,14.468667,13.728792,14.468667,10.825605,7757729
1993-05-21,14.386458,14.386458,14.016521,14.139833,10.579568,6532184
1993-05-24,14.139833,14.550875,14.016521,14.550875,10.887115,4662544
1993-05-25,14.550875,14.633083,14.345354,14.427563,10.794848,2908464
1993-05-26,14.427563,14.715292,14.304250,14.591979,10.917872,3092448
1993-05-27,14.591979,14.633083,14.468667,14.591979,10.917872,3273999
1993-05-28,14.550875,14.550875,14.386458,14.468667,10.825605,2170705
1993-06-01,14.468667,14.550875,14.386458,14.468667,10.825605,3539483
1993-06-02,14.468667,14.509771,14.345354,14.345354,10.733342,3971313
1993-06-03,14.345354,14.509771,14.263146,14.468667,10.825605,3530664
1993-06-04,14.468667,14.591979,14.345354,14.550875,10.887115,2898733
1993-06-07,14.550875,14.633083,14.468667,14.509771,10.856362,2611961
1993-06-08,14.509771,14.509771,14.016521,14.386458,10.764096,2399088
1993-06-09,14.386458,14.427563,14.180938,14.222042,10.641077,1509883
1993-06-10,14.222042,14.222042,13.934313,14.180938,10.610322,2476635
1993-06-11,14.222042,14.427563,14.222042,14.345354,10.733342,2626254
1993-06-14,14.345354,14.386458,14.222042,14.263146,10.671832,1460618
1993-06-15,14.345354,14.468667,14.345354,14.386458,10.764096,2201723
1993-06-16,14.386458,14.509771,13.975417,14.222042,10.641077,3316574
1993-06-17,14.222042,14.222042,14.098729,14.222042,10.641077,1995236
1993-06-18,14.180938,14.180938,13.975417,14.016521,10.487308,4171110
1993-06-21,14.016521,14.139833,13.934313,14.016521,10.487308,1781754
1993-06-22,14.016521,14.139833,13.811000,14.016521,10.487308,1942930
1993-06-23,14.016521,14.016521,13.276646,13.317750,9.964478,4370603
1993-06-24,13.399958,13.769896,13.399958,13.769896,10.302776,5519209
1993-06-25,13.769896,13.811000,13.482167,13.687688,10.241267,2148201
1993-06-28,13.687688,13.811000,13.687688,13.811000,10.333533,1917689
1993-06-29,13.811000,13.811000,13.399958,13.523271,10.118251,3968880
1993-06-30,13.523271,13.523271,13.317750,13.399958,10.025988,3878561
1993-07-01,13.399958,13.482167,13.317750,13.399958,10.025988,3302585
1993-07-02,13.399958,13.441063,13.194438,13.399958,10.041266,2911505
1993-07-06,13.399958,13.441063,13.071125,13.153333,9.856460,3479878
1993-07-07,13.153333,13.235542,12.701188,12.742292,9.548444,6313229
1993-07-08,12.742292,12.824500,12.207938,12.742292,9.548444,17553269
1993-07-09,12.742292,13.112229,12.701188,12.906708,9.671649,5811455
1993-07-12,12.824500,12.824500,12.249042,12.372354,9.271228,5331880
1993-07-13,12.372354,12.536771,12.207938,12.290146,9.209625,8996959
1993-07-14,12.290146,12.618979,12.290146,12.495667,9.363630,6628282
1993-07-15,12.495667,12.495667,12.249042,12.454563,9.332833,6423315
1993-07-16,12.454563,12.454563,12.331250,12.413458,9.302030,4374557
1993-07-19,12.413458,12.413458,12.002417,12.043521,9.024818,4416219
1993-07-20,12.043521,12.125729,11.838000,12.043521,9.024818,7193310
1993-07-21,12.043521,12.249042,11.920208,11.961313,8.963217,5270147
1993-07-22,11.961313,12.249042,11.920208,12.207938,9.148026,5775874
1993-07-23,12.372354,13.030021,12.372354,12.906708,9.671649,5510086
1993-07-26,13.071125,13.194438,13.071125,13.071125,9.794857,3315357
1993-07-27,13.071125,13.317750,13.071125,13.153333,9.856460,3011556
1993-07-28,13.153333,13.153333,12.988917,13.071125,9.794857,2621085
1993-07-29,13.071125,13.071125,12.495667,12.701188,9.517643,6852103
1993-07-30,12.701188,12.701188,12.166833,12.331250,9.240426,8867106
1993-08-02,12.331250,12.413458,12.207938,12.290146,9.209625,4201825
1993-08-03,12.290146,12.331250,12.166833,12.290146,9.209625,4225241
1993-08-04,12.249042,12.249042,12.002417,12.002417,8.994014,5855854
1993-08-05,12.002417,12.125729,11.920208,12.002417,8.994014,4885454
1993-08-06,12.084625,12.249042,12.084625,12.084625,9.055618,3066295
1993-08-09,12.084625,12.413458,12.084625,12.290146,9.209625,3200710
1993-08-10,12.290146,12.454563,12.043521,12.207938,9.148026,3155398
1993-08-11,12.207938,12.372354,12.043521,12.125729,9.086421,2893867
1993-08-12,12.125729,12.413458,12.002417,12.372354,9.271228,3344856
1993-08-13,12.372354,12.372354,12.166833,12.372354,9.271228,3221693
1993-08-16,12.454563,12.947813,12.454563,12.865604,9.640846,5349214
1993-08-17,12.865604,12.906708,12.660083,12.824500,9.610045,3248758
1993-08-18,12.824500,13.071125,12.783396,12.783396,9.579246,4688697
1993-08-19,12.783396,12.783396,12.618979,12.701188,9.517643,3837202
1993-08-20,12.701188,13.112229,12.577875,13.030021,9.764051,5036290
1993-08-23,12.906708,12.906708,12.701188,12.742292,9.548444,2494273
1993-08-24,12.742292,12.865604,12.742292,12.783396,9.579246,2909377
1993-08-25,12.783396,13.071125,12.783396,12.865604,9.640846,2750634
1993-08-26,12.865604,13.071125,12.701188,12.947813,9.702448,2485150
1993-08-27,12.947813,13.235542,12.906708,13.235542,9.918059,4514445
1993-08-30,13.235542,13.399958,12.947813,13.071125,9.794857,4168677
1993-08-31,13.071125,13.071125,12.824500,12.906708,9.671649,3423923
1993-09-01,12.906708,12.947813,12.783396,12.824500,9.610045,3198581
1993-09-02,12.824500,12.865604,12.618979,12.783396,9.579246,2828485
1993-09-03,12.783396,12.947813,12.618979,12.906708,9.671649,1580436
1993-09-07,12.906708,13.030021,12.742292,12.783396,9.579246,2055144
1993-09-08,12.783396,12.865604,12.660083,12.824500,9.610045,2221186
1993-09-09,12.824500,12.865604,12.536771,12.618979,9.456039,2319716
1993-09-10,12.618979,13.153333,12.536771,13.153333,9.856460,4338064
1993-09-13,13.358854,13.605479,13.358854,13.399958,10.041266,6595743
1993-09-14,13.399958,13.605479,13.358854,13.358854,10.010461,3969792
1993-09-15,13.153333,13.153333,12.413458,12.865604,9.640846,16227978
1993-09-16,12.865604,12.947813,12.783396,12.906708,9.671649,4464876
1993-09-17,12.906708,12.947813,12.660083,12.947813,9.702448,8455347
1993-09-20,12.906708,12.906708,12.660083,12.701188,9.517643,4872377
1993-09-21,12.701188,12.947813,12.536771,12.618979,9.456039,7301267
1993-09-22,12.618979,12.865604,12.331250,12.618979,9.456039,9917790
1993-09-23,12.618979,12.783396,12.413458,12.660083,9.486841,5811759
1993-09-24,12.660083,12.742292,12.536771,12.618979,9.456039,4049468
1993-09-27,12.660083,12.783396,12.660083,12.701188,9.517643,3301977
1993-09-28,12.701188,12.742292,12.495667,12.577875,9.425234,3287988
1993-09-29,12.536771,12.536771,12.331250,12.495667,9.363630,3133806
1993-09-30,12.495667,12.536771,12.413458,12.413458,9.302030,2914546
1993-10-01,12.413458,12.495667,12.207938,12.454563,9.332833,4234060
1993-10-04,12.454563,12.660083,12.372354,12.495667,9.363630,4057070
1993-10-05,12.495667,12.577875,12.372354,12.413458,9.302030,5309681
1993-10-06,12.413458,12.701188,12.372354,12.701188,9.533300,3719513
1993-10-07,12.701188,12.906708,12.618979,12.906708,9.687560,4800608
1993-10-08,12.906708,13.112229,12.742292,12.988917,9.749262,4263862
1993-10-11,12.988917,13.112229,12.906708,13.030021,9.780115,3391384
1993-10-12,13.030021,13.194438,13.030021,13.071125,9.810970,5052103
1993-10-13,13.317750,14.633083,13.317750,14.550875,10.921642,19826761
1993-10-14,14.550875,14.715292,14.222042,14.427563,10.829085,14545971
1993-10-15,14.427563,14.633083,14.263146,14.386458,10.798233,9868829
1993-10-18,14.386458,14.715292,14.263146,14.263146,10.705677,8516472
1993-10-19,14.263146,14.386458,13.852104,13.934313,10.458859,5590674
1993-10-20,13.934313,13.934313,13.728792,13.811000,10.366304,3769387
1993-10-21,13.811000,14.057625,13.687688,13.687688,10.273747,5157324
1993-10-22,13.687688,13.769896,13.564375,13.646583,10.242896,4765028
1993-10-25,13.687688,13.975417,13.687688,13.769896,10.335452,3585403
1993-10-26,13.769896,14.016521,13.728792,13.811000,10.366304,5942524
1993-10-27,13.811000,13.893208,13.728792,13.769896,10.335452,2982970
1993-10-28,13.852104,14.098729,13.852104,13.893208,10.428008,4574354
1993-10-29,13.893208,14.139833,13.893208,14.139833,10.613123,2562392
1993-11-01,14.139833,14.345354,14.098729,14.345354,10.767381,6195844
1993-11-02,14.345354,14.427563,14.016521,14.139833,10.613123,5140598
1993-11-03,14.139833,14.139833,13.893208,13.934313,10.458859,3868829
1993-11-04,13.934313,14.016521,13.811000,13.975417,10.489711,4459402
1993-11-05,13.975417,13.975417,13.564375,13.687688,10.273747,4490117
1993-11-08,13.687688,13.811000,13.564375,13.605479,10.212041,4321946
1993-11-09,13.605479,13.811000,13.523271,13.564375,10.181192,3040446
1993-11-10,13.523271,13.523271,13.194438,13.523271,10.150340,11388140
1993-11-11,13.523271,13.687688,13.235542,13.276646,9.965226,7455753
1993-11-12,13.194438,13.194438,13.071125,13.194438,9.903522,6137456
1993-11-15,13.194438,13.276646,13.071125,13.153333,9.872674,4845008
1993-11-16,13.153333,13.276646,13.071125,13.153333,9.872674,3953371
1993-11-17,13.153333,13.153333,12.865604,12.906708,9.687560,4551850
1993-11-18,12.906708,13.030021,12.865604,12.947813,9.718408,5035378
1993-11-19,12.824500,12.824500,12.660083,12.824500,9.625854,6872783
1993-11-22,12.783396,12.783396,12.454563,12.536771,9.409890,5789255
1993-11-23,12.536771,12.824500,12.495667,12.783396,9.595004,4564927
1993-11-24,12.783396,12.906708,12.701188,12.824500,9.625854,3655651
1993-11-26,12.824500,12.947813,12.701188,12.783396,9.595004,1295489
1993-11-29,12.824500,13.071125,12.824500,12.947813,9.718408,3459199
1993-11-30,13.030021,13.317750,13.030021,13.112229,9.841820,5339483
1993-12-01,13.358854,13.564375,13.358854,13.399958,10.057786,5338571
1993-12-02,13.482167,13.605479,13.482167,13.605479,10.212041,4254739
1993-12-03,13.605479,13.605479,13.441063,13.564375,10.181192,2846731
1993-12-06,13.564375,13.564375,13.399958,13.482167,10.119487,2950431
1993-12-07,13.482167,13.728792,13.441063,13.646583,10.242896,3024633
1993-12-08,13.646583,13.934313,13.646583,13.687688,10.273747,4697821
1993-12-09,13.728792,14.016521,13.728792,13.893208,10.428008,5502179
1993-12-10,13.893208,13.934313,13.769896,13.811000,10.366304,2361379
1993-12-13,13.811000,13.975417,13.769896,13.975417,10.489711,2308464
1993-12-14,13.975417,14.016521,13.769896,13.811000,10.366304,3710998
1993-12-15,13.811000,13.934313,13.769896,13.852104,10.397156,2552357
1993-12-16,13.852104,13.975417,13.811000,13.975417,10.489711,3559250
1993-12-17,13.975417,14.427563,13.934313,14.263146,10.705677,7615712
1993-12-20,14.263146,14.263146,14.057625,14.139833,10.613123,3278865
1993-12-21,14.139833,14.263146,14.057625,14.222042,10.674827,2713533
1993-12-22,14.263146,14.633083,14.263146,14.633083,10.983346,5581247
1993-12-23,14.674188,14.920813,14.674188,14.715292,11.045051,5965028
1993-12-27,14.715292,14.797500,14.509771,14.591979,10.952497,2551140
1993-12-28,14.591979,14.797500,14.386458,14.468667,10.859937,3839027
1993-12-29,14.468667,14.509771,14.263146,14.427563,10.829085,4371820
1993-12-30,14.427563,14.591979,14.304250,14.386458,10.798233,2771313
1993-12-31,14.386458,14.468667,14.016521,14.016521,10.520564,2003142
1994-01-03,14.016521,14.263146,13.728792,14.180938,10.643970,4184795
1994-01-04,14.263146,14.674188,14.263146,14.674188,11.030056,5345565
1994-01-05,14.674188,14.797500,14.674188,14.756396,11.091846,4584997
1994-01-06,14.797500,15.044125,14.797500,14.920813,11.215436,6950634
1994-01-07,14.920813,15.372958,14.920813,15.290750,11.493505,7673796
1994-01-10,15.290750,15.742896,15.208542,15.701792,11.802467,9662950
1994-01-11,15.660688,15.660688,15.414063,15.496271,11.647987,6720426
1994-01-12,15.496271,15.496271,15.208542,15.331854,11.524401,4747086
1994-01-13,15.290750,15.290750,15.126333,15.126333,11.369918,3719209
1994-01-14,15.167438,15.660688,15.167438,15.660688,11.771575,5555702
1994-01-17,15.578479,15.578479,15.331854,15.331854,11.524401,2932184
1994-01-18,15.331854,15.455167,15.208542,15.414063,11.586193,3319311
1994-01-19,15.414063,15.496271,15.249646,15.496271,11.647987,4251394
1994-01-20,15.496271,15.660688,15.455167,15.578479,11.709779,4395540
1994-01-21,15.578479,15.660688,15.496271,15.619583,11.740676,5077040
1994-01-24,15.619583,15.701792,15.414063,15.414063,11.586193,2799290
1994-01-25,15.455167,15.907313,15.455167,15.455167,11.617091,5356817
1994-01-26,15.455167,15.578479,15.331854,15.496271,11.647987,3108566
1994-01-27,15.496271,15.701792,15.331854,15.331854,11.524401,3562899
1994-01-28,15.331854,15.578479,15.208542,15.496271,11.647987,5697111
1994-01-31,15.496271,15.619583,15.331854,15.537375,11.678885,4522960
1994-02-01,15.537375,15.742896,15.372958,15.496271,11.647987,2736036
1994-02-02,15.496271,15.537375,15.290750,15.455167,11.617091,3166954
1994-02-03,15.455167,15.742896,15.331854,15.414063,11.586193,2842473
1994-02-04,15.414063,15.414063,14.797500,14.797500,11.122745,5584288
1994-02-07,14.797500,15.414063,14.756396,15.331854,11.524401,5513431
1994-02-08,15.331854,15.372958,14.879708,15.003021,11.277227,4405271
1994-02-09,15.003021,15.126333,14.715292,14.879708,11.184538,4707552
1994-02-10,14.879708,15.085229,14.838604,15.003021,11.277227,3843893
1994-02-11,15.003021,15.167438,14.920813,15.085229,11.339020,2644805
1994-02-14,15.085229,15.249646,15.085229,15.249646,11.462608,3043183
1994-02-15,15.249646,15.372958,15.249646,15.372958,11.555296,2833654
1994-02-16,15.372958,15.496271,15.331854,15.414063,11.586193,2148201
1994-02-17,15.414063,15.537375,15.085229,15.372958,11.555296,3508768
1994-02-18,15.372958,15.455167,14.879708,14.920813,11.215436,4395236
1994-02-22,15.003021,15.208542,15.003021,15.085229,11.339020,3934820
1994-02-23,15.208542,15.496271,15.208542,15.331854,11.524401,3630411
1994-02-24,15.331854,15.701792,15.249646,15.578479,11.709779,4314952
1994-02-25,15.578479,15.784000,15.372958,15.742896,11.833364,3927217
1994-02-28,15.742896,15.989521,15.537375,15.784000,11.864263,5151850
1994-03-01,15.784000,15.866208,15.372958,15.660688,11.771575,3402636
1994-03-02,15.496271,15.496271,15.290750,15.372958,11.555296,3095793
1994-03-03,15.372958,15.455167,14.715292,15.044125,11.308125,3145362
1994-03-04,15.044125,15.290750,14.920813,15.167438,11.400812,3530360
1994-03-07,15.167438,15.331854,15.126333,15.249646,11.462608,1959655
1994-03-08,15.249646,15.331854,15.126333,15.249646,11.462608,1600811
1994-03-09,15.249646,15.742896,15.167438,15.701792,11.802467,3610340
1994-03-10,15.701792,15.701792,15.290750,15.414063,11.586193,2786518
1994-03-11,15.414063,15.496271,15.249646,15.455167,11.617091,2133604
1994-03-14,15.455167,15.660688,14.961917,15.085229,11.339020,6060821
1994-03-15,15.085229,15.249646,15.003021,15.126333,11.369918,4889407
1994-03-16,15.126333,15.208542,14.961917,15.044125,11.308125,2567258
1994-03-17,15.044125,15.085229,14.920813,15.044125,11.308125,3353371
1994-03-18,15.044125,15.455167,14.961917,15.455167,11.617091,7749518
1994-03-21,15.331854,15.331854,15.044125,15.167438,11.400812,2616219
1994-03-22,15.167438,15.496271,15.167438,15.372958,11.555296,2882311
1994-03-23,15.372958,15.455167,15.208542,15.208542,11.431708,2451698
1994-03-24,15.208542,15.208542,14.838604,14.879708,11.184538,3143538
1994-03-25,14.879708,15.044125,14.797500,14.797500,11.122745,2216016
1994-03-28,14.797500,14.838604,14.386458,14.468667,10.875571,4019970
1994-03-29,14.468667,14.468667,14.139833,14.180938,10.659298,3879169
1994-03-30,14.180938,14.550875,13.852104,13.893208,10.443020,5293259
1994-03-31,13.893208,14.016521,13.441063,13.811000,10.381230,6473492
1994-04-04,13.811000,13.975417,13.482167,13.687688,10.288539,5226964
1994-04-05,13.852104,14.263146,13.852104,14.098729,10.597509,3885251
1994-04-06,14.098729,14.180938,13.893208,13.934313,10.473918,3036189
1994-04-07,13.934313,13.934313,13.728792,13.934313,10.473918,3095489
1994-04-08,13.934313,14.016521,13.728792,13.728792,10.319436,1989458
1994-04-11,13.728792,13.975417,13.605479,13.893208,10.461816,2715661
1994-04-12,13.893208,14.016521,13.852104,13.893208,10.461816,2248860
1994-04-13,13.893208,14.016521,13.605479,13.728792,10.338006,2549012
1994-04-14,13.728792,13.769896,13.564375,13.605479,10.245152,2790167
1994-04-15,13.605479,13.687688,13.358854,13.441063,10.121345,3836594
1994-04-18,13.415372,13.415372,13.112229,13.153333,9.904679,3673594
1994-04-19,13.153333,13.728792,13.030021,13.687688,10.307055,5559655
1994-04-20,13.687688,13.934313,13.317750,13.441063,10.121345,3467106
1994-04-21,13.441063,13.852104,13.317750,13.852104,10.430866,3877952
1994-04-22,13.975417,14.180938,13.975417,14.016521,10.554674,3076939
1994-04-25,14.016521,14.016521,13.728792,13.934313,10.492767,2046325
1994-04-26,14.222042,14.386458,14.222042,14.304250,10.771337,3008515
1994-04-28,14.222042,14.222042,13.728792,13.934313,10.492767,3696706
1994-04-29,13.934313,14.180938,13.852104,13.975417,10.523721,2093766
1994-05-02,13.975417,14.057625,13.852104,13.893208,10.461816,1754992
1994-05-03,13.893208,14.222042,13.769896,14.098729,10.616578,3376483
1994-05-04,14.057625,14.057625,13.728792,13.934313,10.492767,2692549
1994-05-05,13.934313,14.098729,13.852104,13.934313,10.492767,1912215
1994-05-06,13.811000,13.811000,13.605479,13.687688,10.307055,2186822
1994-05-09,13.687688,13.687688,13.399958,13.399958,10.090389,1866295
1994-05-10,13.482167,13.728792,13.482167,13.564375,10.214203,4961176
1994-05-11,13.646583,13.769896,13.646583,13.769896,10.368958,3353979
1994-05-12,13.769896,13.975417,13.564375,13.687688,10.307055,1870248
1994-05-13,13.687688,13.811000,13.687688,13.687688,10.307055,2549012
1994-05-16,13.687688,13.893208,13.605479,13.728792,10.338006,1804257
1994-05-17,13.728792,14.016521,13.646583,13.975417,10.523721,3123771
1994-05-18,13.975417,14.427563,13.975417,14.180938,10.678481,3242372
1994-05-19,14.180938,14.591979,14.139833,14.550875,10.957047,2979017
1994-05-20,14.550875,14.591979,13.934313,14.180938,10.678481,5852509
1994-05-23,14.139833,14.139833,13.934313,14.098729,10.616578,1763507
1994-05-24,14.098729,14.263146,14.016521,14.098729,10.616578,1747998
1994-05-25,14.098729,14.509771,13.934313,14.509771,10.926099,2261936
1994-05-26,14.468667,14.468667,14.304250,14.304250,10.771337,2309377
1994-05-27,14.304250,14.550875,14.263146,14.550875,10.957047,1801216
1994-05-31,14.550875,14.550875,14.139833,14.263146,10.740387,3052610
1994-06-01,14.263146,14.386458,13.975417,14.345354,10.802290,3633147
1994-06-02,14.386458,14.674188,14.386458,14.427563,10.864195,3756918
1994-06-03,14.427563,14.756396,14.427563,14.674188,11.049909,2800811
1994-06-06,14.674188,14.756396,14.427563,14.468667,10.895142,2470552
1994-06-07,14.468667,14.591979,14.427563,14.550875,10.957047,1435682
1994-06-08,14.550875,14.591979,14.263146,14.345354,10.802290,1783274
1994-06-09,14.345354,14.550875,14.263146,14.468667,10.895142,2413381
1994-06-10,14.468667,14.591979,14.386458,14.468667,10.895142,1410745
1994-06-13,14.468667,14.550875,14.345354,14.509771,10.926099,1446934
1994-06-14,14.550875,14.715292,14.550875,14.674188,11.049909,2804156
1994-06-15,14.674188,14.756396,14.591979,14.674188,11.049909,2641764
1994-06-16,14.674188,14.879708,14.674188,14.838604,11.173716,2779219
1994-06-17,14.838604,14.838604,14.633083,14.674188,11.049909,9101571
1994-06-20,14.674188,14.674188,14.427563,14.674188,11.049909,2530157
1994-06-21,14.633083,14.633083,14.098729,14.139833,10.647529,4540902
1994-06-22,14.139833,14.345354,13.852104,13.975417,10.523721,4262950
1994-06-23,13.975417,14.057625,13.893208,14.016521,10.554674,2553573
1994-06-24,14.016521,14.386458,13.646583,13.811000,10.399913,2765535
1994-06-27,13.811000,14.180938,13.687688,14.180938,10.678481,4440851
1994-06-28,14.180938,14.263146,14.016521,14.180938,10.678481,3512418
1994-06-29,14.180938,14.304250,13.975417,14.016521,10.554674,3315966
1994-06-30,14.016521,14.057625,13.687688,13.687688,10.307055,3098834
1994-07-01,13.769896,14.016521,13.769896,13.975417,10.523721,4260821
1994-07-05,13.975417,14.139833,13.893208,14.098729,10.635346,2581247
1994-07-06,14.098729,14.180938,13.852104,13.893208,10.480309,2161581
1994-07-07,13.893208,14.016521,13.687688,13.934313,10.511316,2577598
1994-07-08,13.934313,14.263146,13.811000,13.934313,10.511316,1853827
1994-07-11,13.934313,13.975417,13.728792,13.852104,10.449305,1843791
1994-07-12,13.852104,13.934313,13.687688,13.811000,10.418299,3232945
1994-07-13,13.811000,13.934313,13.728792,13.728792,10.356285,2243082
1994-07-14,13.728792,14.509771,13.523271,13.728792,10.356285,4390674
1994-07-15,13.728792,13.811000,13.646583,13.728792,10.356285,5945261
1994-07-18,13.728792,13.852104,13.646583,13.811000,10.418299,3256361
1994-07-19,13.811000,13.852104,13.646583,13.687688,10.325275,2649062
1994-07-20,13.646583,13.646583,13.441063,13.441063,10.139236,2995743
1994-07-21,13.441063,13.687688,13.358854,13.605479,10.263261,2500659
1994-07-22,13.687688,13.852104,13.687688,13.728792,10.356285,2706842
1994-07-25,13.728792,13.811000,13.441063,13.564375,10.232261,2379017
1994-07-26,13.564375,13.728792,13.441063,13.687688,10.325275,1616929
1994-07-27,13.687688,13.975417,13.646583,13.852104,10.449305,3121946
1994-07-28,13.852104,13.975417,13.769896,13.852104,10.449305,2176178
1994-07-29,13.852104,14.098729,13.852104,13.934313,10.511316,2750634
1994-08-01,13.934313,14.057625,13.934313,14.016521,10.573336,1795743
1994-08-02,14.016521,14.180938,13.975417,14.057625,10.604341,2748809
1994-08-03,14.016521,14.016521,13.893208,13.975417,10.542324,2480892
1994-08-04,13.975417,13.975417,13.852104,13.893208,10.480309,1617233
1994-08-05,13.893208,13.975417,13.728792,13.934313,10.511316,2687988
1994-08-08,13.934313,14.098729,13.893208,14.016521,10.573336,1985808
1994-08-09,14.016521,14.180938,14.016521,14.098729,10.635346,3755094
1994-08-10,14.098729,14.345354,14.098729,14.304250,10.790377,2607400
1994-08-11,14.304250,14.715292,14.304250,14.386458,10.852393,3697922
1994-08-12,14.386458,14.468667,14.345354,14.345354,10.821388,1558236
1994-08-15,14.345354,14.386458,14.222042,14.263146,10.759373,1385200
1994-08-16,14.263146,14.263146,13.934313,14.057625,10.604341,2805068
1994-08-17,14.057625,14.345354,13.975417,14.263146,10.759373,2908464
1994-08-18,14.139833,14.139833,13.975417,13.975417,10.542324,2550836
1994-08-19,13.975417,14.057625,13.893208,13.893208,10.480309,3312316
1994-08-22,13.893208,13.934313,13.769896,13.811000,10.418299,2761277
1994-08-23,13.811000,14.098729,13.811000,13.975417,10.542324,2352560
1994-08-24,13.975417,14.222042,13.975417,14.222042,10.728366,2593411
1994-08-25,14.222042,14.222042,13.975417,14.057625,10.604341,6036797
1994-08-26,14.057625,14.180938,13.975417,14.016521,10.573336,4413482
1994-08-29,14.016521,14.098729,13.893208,13.934313,10.511316,5311201
1994-08-30,13.934313,13.934313,13.646583,13.728792,10.356285,6502382
1994-08-31,13.687688,13.687688,13.482167,13.564375,10.232261,7420476
1994-09-01,13.564375,13.605479,13.482167,13.523271,10.201251,4511708
1994-09-02,13.523271,13.728792,13.523271,13.523271,10.201251,5144247
1994-09-06,13.564375,13.728792,13.564375,13.646583,10.294269,4007805
1994-09-07,13.687688,13.934313,13.687688,13.893208,10.480309,3453421
1994-09-08,13.893208,14.098729,13.893208,14.057625,10.604341,3942727
1994-09-09,14.057625,14.057625,13.852104,13.893208,10.480309,4472174
1994-09-12,13.893208,14.016521,13.769896,13.769896,10.387288,2305727
1994-09-13,13.811000,13.975417,13.811000,13.934313,10.511316,3248758
1994-09-14,13.893208,13.893208,13.482167,13.605479,10.263261,7097212
1994-09-15,13.605479,13.646583,13.399958,13.523271,10.201251,5265585
1994-09-16,13.523271,13.687688,13.358854,13.646583,10.294269,6949113
1994-09-19,13.646583,13.728792,13.646583,13.687688,10.325275,2413685
1994-09-20,13.687688,13.687688,13.358854,13.358854,10.077224,2790775
1994-09-21,13.358854,13.441063,13.235542,13.399958,10.108230,7066194
1994-09-22,13.399958,13.441063,13.194438,13.235542,9.984200,3363710
1994-09-23,13.235542,13.235542,12.988917,12.988917,9.798160,4908566
1994-09-26,12.988917,13.235542,12.988917,13.235542,9.984200,3948505
1994-09-27,13.235542,13.276646,13.030021,13.030021,9.829166,2581247
1994-09-28,13.030021,13.194438,12.988917,13.112229,9.891183,5303903
1994-09-29,13.112229,13.112229,13.030021,13.112229,9.891183,2521946
1994-09-30,13.071125,13.071125,12.742292,12.742292,9.612119,5849164
1994-10-03,12.742292,13.112229,12.701188,13.112229,9.891183,5573644
1994-10-04,13.112229,13.112229,12.783396,12.824500,9.674133,5327623
1994-10-05,12.824500,12.865604,12.660083,12.660083,9.550104,4810644
1994-10-06,12.660083,12.742292,12.536771,12.660083,9.550104,2568474
1994-10-07,12.660083,12.660083,12.454563,12.454563,9.413411,3278561
1994-10-10,12.454563,12.865604,12.413458,12.824500,9.693020,3514546
1994-10-11,12.824500,13.194438,12.824500,13.030021,9.848353,4990674
1994-10-12,12.947813,12.947813,12.742292,12.783396,9.661951,3762392
1994-10-13,12.783396,12.988917,12.701188,12.701188,9.599817,3988343
1994-10-14,12.701188,12.742292,12.536771,12.742292,9.630884,3676330
1994-10-17,12.742292,12.947813,12.618979,12.783396,9.661951,3481703
1994-10-18,12.783396,12.783396,12.577875,12.618979,9.537681,3117081
1994-10-19,12.618979,12.947813,12.495667,12.742292,9.630884,6063862
1994-10-20,12.742292,12.783396,12.577875,12.618979,9.537681,3217739
1994-10-21,12.618979,12.865604,12.536771,12.701188,9.599817,5594627
1994-10-24,12.701188,12.865604,12.618979,12.742292,9.630884,4437506
1994-10-25,12.742292,12.865604,12.701188,12.742292,9.630884,3328130
1994-10-26,12.783396,13.112229,12.783396,13.112229,9.910489,4150431
1994-10-27,13.112229,13.194438,12.824500,12.865604,9.724084,2951951
1994-10-28,12.906708,13.153333,12.906708,13.153333,9.941554,3812570
1994-10-31,13.153333,13.194438,12.947813,12.988917,9.817286,2842777
1994-11-01,12.988917,13.030021,12.783396,12.824500,9.693020,3242068
1994-11-02,12.824500,12.988917,12.742292,12.783396,9.661951,3162696
1994-11-03,12.783396,13.153333,12.783396,13.153333,9.941554,3000000
1994-11-04,13.153333,13.276646,12.865604,12.947813,9.786220,6030106
1994-11-07,12.947813,13.112229,12.865604,13.071125,9.879422,2708363
1994-11-08,13.071125,13.482167,13.030021,13.482167,10.190096,4486163
1994-11-09,13.646583,14.057625,13.646583,13.893208,10.500767,10214293
1994-11-10,13.893208,14.222042,13.893208,14.098729,10.656105,6180943
1994-11-11,14.098729,14.139833,13.769896,13.811000,10.438635,2588849
1994-11-14,13.893208,14.222042,13.893208,14.139833,10.687172,3777598
1994-11-15,14.139833,14.386458,14.139833,14.222042,10.749308,3203447
1994-11-16,14.222042,14.427563,14.057625,14.427563,10.904644,2894171
1994-11-17,14.427563,14.468667,14.016521,14.057625,10.625040,4187836
1994-11-18,14.057625,14.139833,13.769896,13.934313,10.531834,6027065
1994-11-21,13.934313,14.016521,13.811000,13.934313,10.531834,1855955
1994-11-22,14.139833,14.550875,14.139833,14.139833,10.687172,7715459
1994-11-23,14.139833,14.139833,13.852104,14.139833,10.687172,5497618
1994-11-25,14.139833,14.263146,14.139833,14.139833,10.687172,1478561
1994-11-28,14.180938,14.633083,14.180938,14.633083,11.059980,7906437
1994-11-29,14.633083,14.633083,14.386458,14.509771,10.966778,3867309
1994-11-30,14.509771,14.550875,14.304250,14.304250,10.811442,3556209
1994-12-01,14.304250,14.427563,14.098729,14.180938,10.718241,2791080
1994-12-02,14.180938,14.427563,14.057625,14.304250,10.811442,3057476
1994-12-05,14.304250,14.345354,14.222042,14.304250,10.811442,2163406
1994-12-06,14.304250,14.304250,14.139833,14.263146,10.780374,2896908
1994-12-07,14.263146,14.345354,14.057625,14.345354,10.842508,2238824
1994-12-08,14.345354,14.345354,14.098729,14.180938,10.718241,2002534
1994-12-09,14.180938,14.304250,13.934313,14.016521,10.593969,2240649
1994-12-12,14.016521,14.098729,13.811000,13.975417,10.562902,2129346
1994-12-13,13.975417,14.386458,13.934313,14.386458,10.873575,3291637
1994-12-14,14.386458,14.633083,14.304250,14.427563,10.904644,5475114
1994-12-15,14.427563,14.509771,14.304250,14.427563,10.904644,2878966
1994-12-16,14.427563,14.633083,14.427563,14.591979,11.028913,7336847
1994-12-19,14.591979,14.756396,14.468667,14.715292,11.122116,3820172
1994-12-20,14.715292,14.838604,14.674188,14.674188,11.091049,4557324
1994-12-21,14.674188,14.838604,14.591979,14.756396,11.153182,4134617
1994-12-22,14.756396,15.126333,14.715292,15.126333,11.432789,4850177
1994-12-23,15.126333,15.414063,15.044125,15.249646,11.525990,4407400
1994-12-27,15.249646,15.414063,15.249646,15.249646,11.525990,2667005
1994-12-28,15.290750,15.414063,15.290750,15.331854,11.588125,2398175
1994-12-29,15.331854,15.331854,15.003021,15.003021,11.339581,2721135
1994-12-30,15.126333,15.331854,15.126333,15.126333,11.432789,2651799
1995-01-03,15.126333,15.372958,15.126333,15.331854,11.607050,3808920
1995-01-04,15.331854,15.414063,15.003021,15.208542,11.513696,4618753
1995-01-05,15.208542,15.208542,15.003021,15.167438,11.482578,2927319
1995-01-06,15.167438,15.208542,15.085229,15.126333,11.451462,2864065
1995-01-09,15.126333,15.167438,15.003021,15.085229,11.420341,1782666
1995-01-10,15.085229,15.208542,14.838604,14.961917,11.326988,3077547
1995-01-11,14.961917,15.208542,14.797500,15.126333,11.451462,3547390
1995-01-12,15.126333,15.290750,15.003021,15.249646,11.544814,2983274
1995-01-13,15.249646,15.414063,15.167438,15.331854,11.607050,3700355
1995-01-16,15.372958,15.742896,15.372958,15.660688,11.855996,5305119
1995-01-17,15.660688,15.660688,15.455167,15.660688,11.855996,3630106
1995-01-18,15.578479,15.578479,15.290750,15.537375,11.762643,2763406
1995-01-19,15.455167,15.455167,15.249646,15.331854,11.607050,2130258
1995-01-20,15.331854,15.619583,15.167438,15.537375,11.762643,5716270
1995-01-23,15.455167,15.455167,15.167438,15.414063,11.669287,3521541
1995-01-24,15.496271,15.784000,15.496271,15.701792,11.887112,6472276
1995-01-25,15.701792,15.742896,15.249646,15.372958,11.638169,3637709
1995-01-26,15.414063,15.619583,15.414063,15.537375,11.762643,3013077
1995-01-27,16.236147,16.606083,16.236147,16.523874,12.509474,22640345
1995-01-30,16.523874,16.893812,16.441668,16.811604,12.727301,9001825
1995-01-31,16.811604,16.852709,16.647188,16.729397,12.665067,7986113
1995-02-01,16.729397,16.893812,16.647188,16.770500,12.696183,6795540
1995-02-02,16.770500,16.811604,16.647188,16.729397,12.665067,2933097
1995-02-03,16.770500,17.304853,16.770500,17.099333,12.945127,7012671
1995-02-06,17.099333,17.510374,16.811604,17.263750,13.069600,5215712
1995-02-07,17.263750,17.345959,16.976021,17.140438,12.976250,3900456
1995-02-08,17.140438,17.510374,17.099333,17.510374,13.256310,4026052
1995-02-09,17.469271,17.469271,17.181541,17.263750,13.069600,2975063
1995-02-10,17.263750,17.428167,17.181541,17.345959,13.131834,2239128
1995-02-13,17.345959,17.428167,17.140438,17.304853,13.100718,2386011
1995-02-14,17.304853,17.345959,17.140438,17.222647,13.038484,2452306
1995-02-15,17.222647,17.715897,17.222647,17.633688,13.349665,5320628
1995-02-16,17.633688,17.715897,17.469271,17.551479,13.287428,4258692
1995-02-17,17.551479,17.633688,17.469271,17.489822,13.240752,7180233
1995-02-21,17.489822,17.510374,17.181541,17.222647,13.038484,3536138
1995-02-22,17.222647,17.428167,17.181541,17.428167,13.194075,3600608
1995-02-23,17.551479,17.839209,17.551479,17.551479,13.287428,3896199
1995-02-24,17.551479,17.674791,17.469271,17.633688,13.349665,2711404
1995-02-27,17.551479,17.551479,17.304853,17.510374,13.256310,2771617
1995-02-28,17.510374,17.633688,17.469271,17.551479,13.287428,3189458
1995-03-01,17.551479,17.798103,17.469271,17.757000,13.443012,4019057
1995-03-02,17.757000,17.880314,17.592583,17.757000,13.443012,2066092
1995-03-03,17.757000,17.757000,17.592583,17.674791,13.380783,2356817
1995-03-06,17.674791,18.496876,17.592583,18.414667,13.940909,6600608
1995-03-07,18.209146,18.209146,17.798103,18.003626,13.629727,9021896
1995-03-08,18.003626,18.126938,17.880314,18.003626,13.629727,5251292
1995-03-09,18.003626,18.168041,17.962521,17.962521,13.598611,4165636
1995-03-10,17.962521,18.455770,17.962521,18.455770,13.972025,4564014
1995-03-13,18.250250,18.250250,17.880314,17.921417,13.567492,8146680
1995-03-14,18.003626,18.373564,18.003626,18.044729,13.660844,6723771
1995-03-15,18.044729,18.168041,17.757000,17.839209,13.505259,4451495
1995-03-16,17.880314,18.209146,17.880314,18.003626,13.629727,3918094
1995-03-17,18.044729,18.250250,18.044729,18.209146,13.785314,7046427
1995-03-20,18.209146,18.250250,18.003626,18.085833,13.691963,2159149
1995-03-21,18.085833,18.414667,18.044729,18.209146,13.785314,3863051
1995-03-22,18.209146,18.250250,18.044729,18.250250,13.816434,3027065
1995-03-23,18.209146,18.209146,18.044729,18.085833,13.691963,3768170
1995-03-24,18.085833,18.332458,18.085833,18.250250,13.816434,3213786
1995-03-27,18.250250,18.332458,18.126938,18.250250,13.816434,2573644
1995-03-28,18.250250,18.291353,18.126938,18.168041,13.754199,2540497
1995-03-29,18.168041,18.373564,18.044729,18.044729,13.660844,4080487
1995-03-30,18.044729,18.085833,17.839209,18.003626,13.629727,4349012
1995-03-31,18.003626,18.168041,17.551479,17.592583,13.318548,5502179
1995-04-03,17.674791,18.044729,17.674791,17.962521,13.598611,4633958
1995-04-04,18.044729,18.209146,18.044729,18.126938,13.723081,3165433
1995-04-05,18.085833,18.085833,17.839209,17.962521,13.598611,2197770
1995-04-06,17.962521,18.003626,17.880314,17.880314,13.536376,2019564
1995-04-07,17.880314,18.085833,17.880314,18.044729,13.683493,2152762
1995-04-10,18.044729,18.044729,17.880314,17.962521,13.621156,2431323
1995-04-11,17.962521,18.126938,17.921417,18.085833,13.714663,2237912
1995-04-12,18.085833,18.085833,18.003626,18.085833,13.714663,1585910
1995-04-13,18.044729,18.044729,17.921417,17.962521,13.621156,1371820
1995-04-17,17.962521,18.085833,17.839209,17.921417,13.589985,2599493
1995-04-18,17.921417,17.962521,17.839209,17.921417,13.589985,2307552
1995-04-19,17.921417,17.962521,17.674791,17.757000,13.465299,2631424
1995-04-20,17.757000,17.921417,17.715897,17.921417,13.589985,2793208
1995-04-21,17.921417,18.003626,17.839209,18.003626,13.652325,4115763
1995-04-24,18.003626,18.373564,17.962521,18.332458,13.901688,3398682
1995-04-25,18.332458,18.455770,18.168041,18.332458,13.901688,6076939
1995-04-26,18.332458,18.455770,18.168041,18.373564,13.932855,5863153
1995-04-27,18.373564,18.620188,18.332458,18.620188,14.119868,2909985
1995-04-28,18.620188,18.620188,18.003626,18.209146,13.808167,3999899
1995-05-01,18.209146,18.209146,17.633688,17.757000,13.465299,4709681
1995-05-02,17.757000,17.921417,17.674791,17.715897,13.434135,3111911
1995-05-03,17.715897,17.880314,17.551479,17.839209,13.527649,4375773
1995-05-04,17.839209,18.168041,17.715897,17.757000,13.465299,3432438
1995-05-05,17.757000,17.921417,17.592583,17.715897,13.434135,3279169
1995-05-08,17.715897,18.003626,17.674791,17.880314,13.558818,2343132
1995-05-09,17.880314,18.044729,17.715897,17.839209,13.527649,2761581
1995-05-10,17.839209,17.880314,17.345959,17.428167,13.215949,5204764
1995-05-11,17.428167,17.839209,17.387062,17.757000,13.465299,3704612
1995-05-12,17.757000,18.003626,17.592583,17.880314,13.558818,3679372
1995-05-15,17.880314,18.168041,17.880314,18.126938,13.745831,4149214
1995-05-16,18.126938,18.250250,18.126938,18.168041,13.777001,2791992
1995-05-17,18.168041,18.168041,18.003626,18.126938,13.745831,2738773
1995-05-18,18.126938,18.291353,17.674791,17.674791,13.402966,3224126
1995-05-19,17.674791,17.839209,17.674791,17.757000,13.465299,4588647
1995-05-22,17.798103,18.044729,17.798103,18.003626,13.652325,2003447
1995-05-23,18.003626,18.168041,17.962521,18.126938,13.745831,2409427
1995-05-24,18.126938,18.373564,18.126938,18.250250,13.839341,2620476
1995-05-25,18.250250,18.250250,18.085833,18.126938,13.745831,2698632
1995-05-26,18.168041,18.332458,18.168041,18.209146,13.808167,2250684
1995-05-30,18.209146,18.209146,18.085833,18.168041,13.777001,1811556
1995-05-31,18.168041,18.291353,18.085833,18.250250,13.839341,2297212
1995-06-01,18.250250,18.373564,18.126938,18.373564,13.932855,2766751
1995-06-02,18.373564,18.496876,18.209146,18.373564,13.932855,2758844
1995-06-05,18.373564,18.414667,18.085833,18.414667,13.964023,2225443
1995-06-06,18.414667,18.949020,18.373564,18.907917,14.338056,5265281
1995-06-07,18.907917,19.031229,18.784603,18.825708,14.275719,3023416
1995-06-08,18.825708,18.949020,18.661291,18.743500,14.213383,1771718
1995-06-09,18.743500,18.907917,18.702396,18.866814,14.306889,2323974
1995-06-12,19.031229,19.606688,19.031229,19.401167,14.712090,6766346
1995-06-13,19.442270,19.730000,19.442270,19.565582,14.836770,6356412
1995-06-14,19.318958,19.318958,18.907917,19.154543,14.525076,4402838
1995-06-15,19.154543,19.154543,18.949020,19.031229,14.431564,3041967
1995-06-16,19.031229,19.154543,18.825708,18.825708,14.275719,6482919
1995-06-19,18.907917,19.195646,18.907917,19.195646,14.556250,3191282
1995-06-20,19.195646,19.401167,19.072332,19.154543,14.525076,3241156
1995-06-21,19.195646,19.401167,19.195646,19.318958,14.649755,2618652
1995-06-22,19.318958,19.606688,19.318958,19.565582,14.836770,2774050
1995-06-23,19.565582,19.606688,19.401167,19.565582,14.836770,2318196
1995-06-26,19.031229,19.031229,18.743500,18.743500,14.213383,7498936
1995-06-27,18.702396,18.702396,18.332458,18.455770,13.995191,4160162
1995-06-28,18.455770,18.661291,18.373564,18.496876,14.026360,3471972
1995-06-29,18.496876,18.537979,18.168041,18.332458,13.901688,3774252
1995-06-30,18.332458,18.455770,18.209146,18.250250,13.839341,2875317
1995-07-03,18.250250,18.455770,18.126938,18.209146,13.808167,1609326
1995-07-05,18.209146,18.209146,18.003626,18.085833,13.714663,4397669
1995-07-06,18.085833,18.332458,18.085833,18.291353,13.893250,5349518
1995-07-07,18.291353,18.332458,18.085833,18.209146,13.830807,3908971
1995-07-10,18.209146,18.291353,17.798103,17.962521,13.643478,3476229
1995-07-11,17.880314,17.880314,17.674791,17.798103,13.518593,5959554
1995-07-12,17.798103,18.003626,17.633688,17.633688,13.393715,4143132
1995-07-13,17.633688,18.003626,17.633688,18.003626,13.674702,5156107
1995-07-14,18.003626,18.044729,17.839209,18.003626,13.674702,4027268
1995-07-17,18.003626,18.003626,17.839209,17.921417,13.612260,2271972
1995-07-18,17.921417,17.962521,17.633688,17.633688,13.393715,3732286
1995-07-19,17.633688,17.674791,16.606083,17.592583,13.362494,7094780
1995-07-20,17.592583,17.921417,17.345959,17.757000,13.487374,3222605
1995-07-21,17.839209,18.085833,17.839209,17.962521,13.643478,6405981
1995-07-24,17.962521,18.332458,17.962521,18.085833,13.737141,3258490
1995-07-25,18.209146,18.373564,18.209146,18.332458,13.924469,3036189
1995-07-26,18.661291,18.866814,18.661291,18.702396,14.205454,5518905
1995-07-27,18.784603,18.949020,18.784603,18.825708,14.299113,2899949
1995-07-28,18.825708,18.907917,18.702396,18.866814,14.330338,1528434
1995-07-31,18.866814,20.182146,18.866814,19.277855,14.642539,20954992
1995-08-01,19.565582,20.675396,19.565582,20.223249,15.360620,22391891
1995-08-02,20.223249,20.387667,19.771105,19.935520,15.142076,10791485
1995-08-03,19.771105,19.771105,19.236750,19.524479,14.829873,7891536
1995-08-04,19.524479,19.565582,19.031229,19.072332,14.486443,6495388
1995-08-07,19.031229,19.031229,18.620188,18.702396,14.205454,5778611
1995-08-08,18.702396,19.072332,18.661291,19.072332,14.486443,7197567
1995-08-09,19.072332,19.236750,18.907917,18.990126,14.424001,5678256
1995-08-10,18.990126,19.277855,18.907917,19.031229,14.455223,4091434
1995-08-11,19.031229,19.031229,18.414667,18.579082,14.111795,4497111
1995-08-14,18.579082,19.688896,18.537979,19.401167,14.736206,8494273
1995-08-15,19.401167,19.688896,19.236750,19.647793,14.923524,9481095
1995-08-16,19.647793,19.812208,19.401167,19.442270,14.767427,4819767
1995-08-17,19.442270,19.606688,19.318958,19.442270,14.767427,3536442
1995-08-18,19.442270,19.606688,19.401167,19.483376,14.798650,3581754
1995-08-21,19.483376,19.606688,19.318958,19.401167,14.736206,3110086
1995-08-22,19.401167,19.483376,19.236750,19.318958,14.673768,3381956
1995-08-23,19.318958,19.360064,18.825708,18.866814,14.330338,3979828
1995-08-24,18.866814,18.990126,18.373564,18.455770,14.018126,7459706
1995-08-25,18.579082,18.743500,18.579082,18.661291,14.174235,4188444
1995-08-28,18.661291,18.702396,18.537979,18.579082,14.111795,2426457
1995-08-29,18.579082,18.620188,18.455770,18.537979,14.080568,2112012
1995-08-30,18.537979,18.702396,18.537979,18.620188,14.143012,2540801
1995-08-31,18.620188,18.661291,18.455770,18.496876,14.049353,2313330
1995-09-01,18.496876,18.620188,18.332458,18.414667,13.986911,2538672
1995-09-05,18.373564,18.373564,18.085833,18.126938,13.768362,3696097
1995-09-06,18.126938,18.291353,18.126938,18.250250,13.862027,3932083
1995-09-07,18.250250,18.373564,18.085833,18.168041,13.799584,4097212
1995-09-08,18.168041,18.291353,17.921417,18.003626,13.674702,3926609
1995-09-11,18.044729,18.332458,18.044729,18.168041,13.799584,4857172
1995-09-12,18.168041,18.579082,18.126938,18.537979,14.080568,4151343
1995-09-13,18.537979,18.907917,18.496876,18.866814,14.330338,5618652
1995-09-14,18.866814,18.990126,18.661291,18.949020,14.392778,3372529
1995-09-15,18.949020,18.949020,18.825708,18.907917,14.361556,5610441
1995-09-18,18.907917,19.031229,18.866814,18.907917,14.361556,2516168
1995-09-19,18.907917,19.277855,18.907917,19.113438,14.517666,3751140
1995-09-20,19.113438,19.154543,18.949020,19.031229,14.455223,2375367
1995-09-21,19.031229,19.072332,18.743500,18.949020,14.392778,3257577
1995-09-22,18.825708,18.825708,18.661291,18.743500,14.236679,2913330
1995-09-25,18.743500,19.113438,18.661291,19.113438,14.517666,3103092
1995-09-26,19.154543,19.442270,19.154543,19.236750,14.611327,3177902
1995-09-27,19.154543,19.154543,18.866814,19.072332,14.486443,3585403
1995-09-28,19.072332,19.113438,18.866814,18.949020,14.392778,2472681
1995-09-29,18.949020,18.990126,18.825708,18.866814,14.330338,2606488
1995-10-02,18.866814,19.031229,18.702396,18.743500,14.236679,2319716
1995-10-03,18.743500,18.866814,18.620188,18.702396,14.205454,2068221
1995-10-04,18.743500,18.907917,18.743500,18.907917,14.361556,1675621
1995-10-05,18.907917,18.949020,18.702396,18.825708,14.299113,1985200
1995-10-06,18.825708,18.990126,18.784603,18.825708,14.299113,1729448
1995-10-09,18.784603,18.784603,18.414667,18.455770,14.018126,1789965
1995-10-10,18.455770,18.455770,18.291353,18.373564,13.955689,2814800
1995-10-11,18.373564,18.496876,18.291353,18.332458,13.946939,2000710
1995-10-12,18.332458,18.373564,18.126938,18.209146,13.853118,2374151
1995-10-13,18.332458,19.031229,18.332458,18.907917,14.384730,4020578
1995-10-16,18.907917,18.907917,18.579082,18.702396,14.228373,2332184
1995-10-17,18.702396,18.743500,18.414667,18.496876,14.072018,1845008
1995-10-18,18.496876,18.579082,18.455770,18.537979,14.103286,3250887
1995-10-19,18.537979,18.702396,18.414667,18.702396,14.228373,2826964
1995-10-20,18.702396,18.866814,18.620188,18.825708,14.322185,4959351
1995-10-23,18.825708,18.825708,18.702396,18.743500,14.259647,3164217
1995-10-24,18.743500,18.990126,18.661291,18.990126,14.447271,3480487
1995-10-25,18.990126,19.154543,18.949020,19.031229,14.478544,4236493
1995-10-26,19.031229,19.031229,18.764051,18.866814,14.353456,2489711
1995-10-27,18.784603,18.784603,18.496876,18.743500,14.259647,3004562
1995-10-30,18.784603,18.949020,18.784603,18.949020,14.415998,2665484
1995-10-31,18.949020,19.154543,18.949020,18.949020,14.415998,2368373
1995-11-01,18.949020,19.031229,18.866814,18.990126,14.447271,1392499
1995-11-02,18.990126,19.072332,18.907917,18.949020,14.415998,2176787
1995-11-03,18.949020,19.195646,18.949020,19.154543,14.572356,3013989
1995-11-06,19.113438,19.113438,18.949020,19.072332,14.509817,2810542
1995-11-07,19.072332,19.154543,19.031229,19.072332,14.509817,2057577
1995-11-08,19.113438,19.853313,19.113438,19.647793,14.947609,6317486
1995-11-09,19.647793,19.688896,19.318958,19.442270,14.791251,4162291
1995-11-10,19.442270,19.565582,19.360064,19.524479,14.853797,2457476
1995-11-13,19.442270,19.442270,19.113438,19.113438,14.541087,4156209
1995-11-14,19.113438,19.236750,18.661291,18.661291,14.197104,5032945
1995-11-15,18.825708,19.072332,18.825708,19.031229,14.478544,3985302
1995-11-16,19.031229,19.236750,18.907917,18.990126,14.447271,3907451
1995-11-17,18.990126,19.565582,18.949020,19.483376,14.822525,6551039
1995-11-20,19.483376,19.894417,19.442270,19.812208,15.072692,5825443
1995-11-21,19.853313,20.182146,19.853313,20.017729,15.229048,4632134
1995-11-22,20.099937,20.675396,20.099937,20.387667,15.510491,7856868
1995-11-24,20.387667,20.552082,20.387667,20.552082,15.635571,1852002
1995-11-27,20.675396,21.127542,20.675396,20.675396,15.729391,7339888
1995-11-28,20.346563,20.346563,19.771105,20.223249,15.385406,7153776
1995-11-29,20.223249,20.510979,20.058832,20.264355,15.416677,4908870
1995-11-30,20.264355,20.346563,19.647793,19.771105,15.041424,5621389
1995-12-01,19.812208,20.141043,19.812208,20.141043,15.322864,3975570
1995-12-04,20.141043,20.387667,20.099937,20.387667,15.510491,3224430
1995-12-05,20.387667,20.675396,20.264355,20.552082,15.635571,4290928
1995-12-06,20.552082,20.716499,20.552082,20.593187,15.666843,4641257
1995-12-07,20.510979,20.510979,19.976625,20.099937,15.291593,4868120
1995-12-08,20.099937,20.223249,19.976625,20.038280,15.244691,3083629
1995-12-11,20.099937,20.510979,20.099937,20.264355,15.416677,3824126
1995-12-12,20.264355,20.305458,20.099937,20.223249,15.385406,2489711
1995-12-13,20.182146,20.182146,19.935520,20.017729,15.229048,3260010
1995-12-14,20.017729,20.141043,19.771105,19.976625,15.197781,6182767
1995-12-15,19.976625,20.141043,19.935520,20.099937,15.291593,7937456
1995-12-18,19.935520,19.935520,19.524479,19.565582,14.885065,3989863
1995-12-19,19.565582,19.730000,19.483376,19.606688,14.916339,3561683
1995-12-20,19.606688,19.935520,19.565582,19.606688,14.916339,3866092
1995-12-21,19.606688,19.894417,19.483376,19.771105,15.041424,2411252
1995-12-22,19.812208,20.099937,19.812208,19.976625,15.197781,2818753
1995-12-26,19.976625,20.058832,19.812208,19.853313,15.103965,1281196
1995-12-27,19.853313,19.894417,19.730000,19.812208,15.072692,2374455
1995-12-28,19.730000,19.730000,19.524479,19.524479,14.853797,3428789
1995-12-29,19.524479,19.524479,19.277855,19.360064,14.751075,3123771
1996-01-02,19.442270,20.017729,19.442270,20.017729,15.252172,5216624
1996-01-03,20.017729,20.346563,19.935520,20.141043,15.346123,6326913
1996-01-04,20.141043,20.593187,19.853313,19.894417,15.158216,7263862
1996-01-05,19.935520,20.264355,19.935520,20.264355,15.440078,6337861
1996-01-08,20.305458,20.469875,20.305458,20.387667,15.534030,1542727
1996-01-09,20.387667,20.552082,20.141043,20.418495,15.557525,5733300
1996-01-10,20.141043,20.141043,19.524479,19.606688,14.938982,5429498
1996-01-11,19.647793,19.894417,19.647793,19.853313,15.126888,3023416
1996-01-12,19.853313,19.976625,19.647793,19.730000,15.032939,2521034
1996-01-15,19.730000,19.894417,19.688896,19.730000,15.032939,2367765
1996-01-16,19.730000,19.730000,19.483376,19.730000,15.032939,3717993
1996-01-17,19.730000,19.771105,19.483376,19.565582,14.907664,3988039
1996-01-18,19.565582,19.730000,19.524479,19.647793,14.970304,3621287
1996-01-19,19.647793,19.771105,19.565582,19.730000,15.032939,4490421
1996-01-22,19.730000,19.894417,19.647793,19.894417,15.158216,3960061
1996-01-23,19.894417,20.223249,19.812208,19.894417,15.158216,7482210
1996-01-24,19.894417,20.305458,19.894417,19.976625,15.220852,6905626
1996-01-25,19.976625,20.099937,19.771105,19.812208,15.095573,4881500
1996-01-26,19.812208,20.058832,19.730000,19.976625,15.220852,3684237
1996-01-29,20.099937,20.428770,20.099937,20.305458,15.471400,3801014
1996-01-30,20.428770,20.963125,20.428770,20.922022,15.941173,4778104
1996-01-31,20.922022,21.168646,20.839813,21.127542,16.097778,4595337
1996-02-01,21.045334,21.045334,20.469875,20.510979,15.627995,4998277
1996-02-02,20.510979,20.552082,20.264355,20.387667,15.534030,3768474
1996-02-05,20.346563,20.346563,19.935520,20.264355,15.440078,5378104
1996-02-06,20.264355,20.593187,19.976625,20.593187,15.690628,7702686
1996-02-07,20.593187,21.004229,20.572636,20.963125,15.972495,6636797
1996-02-08,20.963125,21.045334,20.798708,20.922022,15.941173,5805981
1996-02-09,20.922022,21.004229,20.428770,20.634293,15.721951,19199392
1996-02-12,20.634293,20.922022,20.634293,20.798708,15.847216,3977395
1996-02-13,20.798708,21.004229,20.634293,20.922022,15.941173,4683224
1996-02-14,20.922022,21.209749,20.880917,21.045334,16.035131,6409934
1996-02-15,21.045334,21.333063,21.004229,21.004229,16.003809,4016929
1996-02-16,21.004229,21.127542,20.880917,21.086437,16.066452,4939584
1996-02-20,21.086437,21.086437,20.552082,20.839813,15.878541,3055651
1996-02-21,20.839813,20.963125,20.716499,20.963125,15.972495,2643893
1996-02-22,21.004229,21.333063,21.004229,21.209749,16.160404,4086265
1996-02-23,21.209749,21.415272,21.127542,21.374166,16.285686,5580030
1996-02-26,21.374166,21.538584,21.209749,21.374166,16.285686,3894982
1996-02-27,21.374166,21.456375,21.127542,21.374166,16.285686,3794932
1996-02-28,21.538584,21.744104,21.538584,21.661896,16.504915,4301875
1996-02-29,21.661896,21.661896,21.374166,21.538584,16.410961,3244197
1996-03-01,21.538584,21.744104,21.497478,21.702999,16.536240,3823213
1996-03-04,21.826313,22.031834,21.826313,21.949625,16.724142,4511708
1996-03-05,21.949625,22.011280,21.826313,21.949625,16.724142,3107653
1996-03-06,21.949625,21.990728,21.867416,21.867416,16.661510,4956310
1996-03-07,21.867416,22.114042,21.744104,21.990728,16.755459,3797669
1996-03-08,21.990728,22.278458,21.333063,21.579687,16.442274,8564217
1996-03-11,21.579687,21.949625,21.579687,21.826313,16.630192,5999696
1996-03-12,21.826313,22.319563,21.744104,22.278458,16.974693,6327522
1996-03-13,22.278458,22.730604,22.278458,22.566189,17.193926,9731678
1996-03-14,22.689501,22.977228,22.689501,22.936125,17.475786,22356918
1996-03-15,22.936125,22.936125,22.648396,22.771708,17.350512,11342524
1996-03-18,22.771708,22.771708,21.908522,21.990728,16.755459,14474506
1996-03-19,21.990728,22.114042,21.086437,21.374166,16.285686,11440446
1996-03-20,21.374166,21.579687,21.374166,21.456375,16.348320,7598682
1996-03-21,21.456375,21.497478,20.880917,21.209749,16.160404,7806994
1996-03-22,21.209749,21.456375,21.086437,21.333063,16.254364,6189458
1996-03-25,21.333063,21.538584,21.045334,21.086437,16.066452,5324886
1996-03-26,21.086437,21.291958,21.004229,21.209749,16.160404,3863659
1996-03-27,21.209749,21.333063,21.127542,21.209749,16.160404,3254232
1996-03-28,21.209749,21.209749,21.086437,21.209749,16.160404,3815307
1996-03-29,21.209749,21.333063,21.004229,21.004229,16.003809,3419970
1996-04-01,21.127542,21.333063,21.127542,21.333063,16.254364,2781652
1996-04-02,21.374166,21.579687,21.374166,21.538584,16.410961,4441764
1996-04-03,21.538584,21.579687,21.456375,21.579687,16.442274,2899645
1996-04-04,21.579687,21.579687,21.209749,21.374166,16.285686,3741713
1996-04-08,21.374166,21.374166,20.922022,21.168646,16.129087,5374455
1996-04-09,21.168646,21.250854,20.922022,20.922022,15.941173,3546782
1996-04-10,20.880917,20.880917,19.976625,20.017729,15.278584,9116168
1996-04-11,20.017729,20.223249,19.771105,19.853313,15.153092,11466295
1996-04-12,19.853313,20.305458,19.812208,20.182146,15.404074,7866903
1996-04-15,20.182146,20.510979,20.099937,20.346563,15.529565,4601115
1996-04-16,20.346563,20.634293,19.894417,20.469875,15.623683,3654435
1996-04-17,20.469875,20.634293,20.428770,20.510979,15.655060,3772732
1996-04-18,20.510979,20.757605,20.510979,20.675396,15.780549,2948606
1996-04-19,20.675396,20.880917,20.634293,20.757605,15.843291,4065281
1996-04-22,20.757605,20.922022,20.428770,20.593187,15.717802,4908262
1996-04-23,20.593187,20.593187,20.141043,20.305458,15.498192,6965231
1996-04-24,20.264355,20.264355,19.647793,19.935520,15.215837,16649468
1996-04-25,19.935520,20.305458,19.935520,20.141043,15.372702,7870248
1996-04-26,20.223249,20.634293,20.223249,20.346563,15.529565,5441054
1996-04-29,20.346563,20.428770,20.264355,20.346563,15.529565,3228079
1996-04-30,20.346563,20.428770,20.264355,20.387667,15.560937,2971414
1996-05-01,20.305458,20.305458,19.894417,19.894417,15.184467,6939686
1996-05-02,19.894417,19.976625,19.606688,19.730000,15.058978,5918804
1996-05-03,19.730000,19.976625,19.236750,19.401167,14.807993,7600507
1996-05-06,19.401167,19.812208,19.277855,19.771105,15.090350,5816320
1996-05-07,19.730000,19.730000,19.483376,19.524479,14.902108,4314648
1996-05-08,19.442270,19.442270,19.031229,19.401167,14.807993,7203345
1996-05-09,19.401167,19.565582,19.031229,19.154543,14.619758,6075722
1996-05-10,19.195646,19.606688,19.195646,19.483376,14.870739,4505626
1996-05-13,19.565582,20.017729,19.565582,19.976625,15.247212,5777395
1996-05-14,19.976625,20.141043,19.935520,20.017729,15.278584,3686366
1996-05-15,20.017729,20.182146,19.730000,19.853313,15.153092,5873796
1996-05-16,19.853313,20.099937,19.688896,19.976625,15.247212,3873695
1996-05-17,20.058832,20.264355,20.058832,20.141043,15.372702,4885454
1996-05-20,20.141043,20.387667,20.099937,20.346563,15.529565,4612671
1996-05-21,20.346563,20.552082,20.099937,20.510979,15.655060,4089306
1996-05-22,20.510979,20.675396,20.510979,20.634293,15.749180,3971617
1996-05-23,20.634293,20.798708,20.346563,20.387667,15.560937,4134313
1996-05-24,20.428770,20.675396,20.428770,20.552082,15.686431,4373948
1996-05-28,20.552082,20.716499,20.264355,20.428770,15.592306,3501166
1996-05-29,20.428770,20.428770,19.894417,19.894417,15.184467,4305525
1996-05-30,19.894417,20.182146,19.812208,20.141043,15.372702,4227978
1996-05-31,20.141043,20.305458,19.935520,19.976625,15.247212,3345160
1996-06-03,19.976625,19.976625,19.812208,19.853313,15.153092,3253320
1996-06-04,19.853313,19.894417,19.606688,19.771105,15.090350,6177293
1996-06-05,19.771105,19.935520,19.565582,19.894417,15.184467,5046021
1996-06-06,20.305458,20.963125,20.305458,20.552082,15.686431,7455753
1996-06-07,20.552082,20.798708,20.141043,20.798708,15.874662,6460112
1996-06-10,20.798708,20.839813,20.510979,20.510979,15.655060,3113735
1996-06-11,20.510979,20.675396,20.428770,20.510979,15.655060,4597466
1996-06-12,20.510979,20.675396,20.428770,20.510979,15.655060,2879270
1996-06-13,20.510979,20.552082,20.305458,20.305458,15.498192,2160669
1996-06-14,20.305458,20.305458,20.017729,20.223249,15.435446,3404156
1996-06-17,20.223249,20.428770,20.182146,20.387667,15.560937,2194121
1996-06-18,20.387667,20.428770,20.017729,20.058832,15.309958,3547390
1996-06-19,20.058832,20.182146,20.017729,20.099937,15.341329,3399899
1996-06-20,20.099937,20.346563,20.017729,20.305458,15.498192,3836898
1996-06-21,20.305458,20.757605,20.223249,20.716499,15.811919,8890826
1996-06-24,20.675396,20.675396,20.428770,20.469875,15.623683,3533705
1996-06-25,20.552082,20.839813,20.552082,20.798708,15.874662,4691738
1996-06-26,20.675396,20.675396,20.346563,20.510979,15.655060,3638925
1996-06-27,20.510979,20.798708,20.510979,20.757605,15.843291,3163609
1996-06-28,20.757605,20.963125,20.593187,20.675396,15.780549,4702078
1996-07-01,20.634293,20.634293,20.346563,20.469875,15.623683,3277648
1996-07-02,20.469875,20.510979,20.099937,20.141043,15.372702,4727927
1996-07-03,20.141043,20.182146,19.730000,20.058832,15.309958,6784592
1996-07-05,19.853313,19.853313,19.524479,19.524479,14.902108,3466498
1996-07-08,19.524479,19.771105,19.318958,19.401167,14.807993,6491434
1996-07-09,19.401167,19.483376,18.907917,18.907917,14.431515,6557425
1996-07-10,18.907917,19.154543,18.825708,19.113438,14.616343,6033452
1996-07-11,19.072332,19.072332,18.414667,18.455770,14.113412,7756817
1996-07-12,18.455770,18.907917,18.455770,18.702396,14.302010,5859503
1996-07-15,18.702396,19.113438,17.962521,18.044729,13.799088,8628687
1996-07-16,18.044729,18.537979,17.715897,18.414667,14.081980,13235580
1996-07-17,18.414667,18.866814,18.373564,18.414667,14.081980,6815915
1996-07-18,18.496876,18.866814,18.496876,18.825708,14.396309,4414698
1996-07-19,18.825708,18.990126,18.620188,18.866814,14.427744,4230411
1996-07-22,18.784603,18.784603,18.414667,18.414667,14.081980,4468525
1996-07-23,18.414667,18.537979,18.209146,18.250250,13.956246,4640041
1996-07-24,18.209146,18.209146,17.798103,17.880314,13.673356,4864166
1996-07-25,17.880314,18.126938,17.798103,17.880314,13.673356,5534415
1996-07-26,17.880314,18.003626,17.592583,17.798103,13.610486,9393208
1996-07-29,17.798103,18.003626,17.510374,17.551479,13.421891,5902686
1996-07-30,17.551479,18.209146,17.551479,18.168041,13.893387,5534110
1996-07-31,18.168041,18.373564,18.003626,18.291353,13.987680,6107653
1996-08-01,18.414667,18.949020,18.414667,18.866814,14.427744,5569083
1996-08-02,19.031229,19.318958,19.031229,19.072332,14.584911,4539990
1996-08-05,19.113438,19.318958,19.113438,19.195646,14.679213,3001521
1996-08-06,19.195646,19.442270,19.195646,19.401167,14.836370,4283933
1996-08-07,19.401167,19.401167,19.072332,19.195646,14.679213,3717689
1996-08-08,19.195646,19.195646,18.866814,18.907917,14.459179,3982261
1996-08-09,18.907917,18.907917,18.702396,18.784603,14.364878,2875013
1996-08-12,18.784603,19.236750,18.579082,19.236750,14.710642,2986315
1996-08-13,19.236750,19.236750,18.949020,19.072332,14.584911,2536847
1996-08-14,19.072332,19.113438,18.990126,19.113438,14.616343,2781348
1996-08-15,19.113438,19.360064,18.907917,19.031229,14.553477,2072783
1996-08-16,19.031229,19.113438,18.990126,19.113438,14.616343,2658794
1996-08-19,19.113438,19.277855,18.990126,19.072332,14.584911,2236087
1996-08-20,19.072332,19.072332,18.825708,18.825708,14.396309,2511911
1996-08-21,18.825708,19.072332,18.702396,19.031229,14.553477,2491536
1996-08-22,19.031229,19.318958,18.990126,19.113438,14.616343,3451597
1996-08-23,19.113438,19.236750,18.866814,19.195646,14.679213,3048049
1996-08-26,19.195646,19.524479,19.154543,19.524479,14.930673,3254840
1996-08-27,19.524479,19.647793,19.318958,19.401167,14.836370,2674303
1996-08-28,19.401167,19.401167,19.072332,19.154543,14.647779,1657070
1996-08-29,19.154543,19.195646,18.661291,18.990126,14.522044,2849164
1996-08-30,18.949020,18.949020,18.537979,18.743500,14.333445,4266903
1996-09-03,18.743500,18.743500,18.537979,18.743500,14.333445,2496401
1996-09-04,18.743500,18.743500,18.537979,18.661291,14.270581,2252813
1996-09-05,18.661291,18.702396,18.291353,18.291353,13.987680,3020983
1996-09-06,18.291353,18.825708,18.291353,18.743500,14.333445,4058895
1996-09-09,18.784603,19.154543,18.784603,19.154543,14.647779,2789255
1996-09-10,19.154543,19.154543,18.866814,19.031229,14.553477,4037608
1996-09-11,19.031229,19.277855,18.949020,19.277855,14.742075,2887785
1996-09-12,19.360064,19.935520,19.360064,19.894417,15.213573,6761784
1996-09-13,19.894417,20.099937,19.853313,19.976625,15.276435,5506741
1996-09-16,19.976625,20.305458,19.812208,19.812208,15.150703,3981652
1996-09-17,19.812208,20.223249,19.688896,20.099937,15.370734,4007197
1996-09-18,20.099937,20.223249,19.976625,20.141043,15.402166,2739078
1996-09-19,20.141043,20.880917,20.017729,20.880917,15.967965,6937253
1996-09-20,20.839813,20.839813,20.510979,20.757605,15.873664,8056361
1996-09-23,20.757605,20.922022,20.675396,20.922022,15.999395,2743335
1996-09-24,20.922022,20.963125,20.593187,20.634293,15.779366,3512722
1996-09-25,20.634293,20.757605,20.593187,20.593187,15.747930,2973239
1996-09-26,20.593187,20.922022,20.346563,20.387667,15.590767,3206792
1996-09-27,20.387667,20.716499,20.264355,20.716499,15.842236,1957223
1996-09-30,20.716499,21.004229,20.634293,20.798708,15.905088,3612164
1996-10-01,20.798708,20.922022,20.552082,20.552082,15.716497,2746376
1996-10-02,20.552082,20.880917,20.552082,20.675396,15.810795,3208920
1996-10-03,20.675396,20.839813,20.634293,20.757605,15.873664,2907248
1996-10-04,20.839813,21.291958,20.839813,21.086437,16.125130,4870552
1996-10-07,21.086437,21.168646,21.004229,21.086437,16.125130,2134212
1996-10-08,21.086437,21.168646,20.880917,20.922022,15.999395,2624734
1996-10-09,20.922022,20.963125,20.634293,20.880917,15.995611,2966853
1996-10-10,20.880917,20.963125,20.716499,20.922022,16.027102,2065484
1996-10-11,20.922022,21.168646,20.922022,21.045334,16.121563,1573137
1996-10-14,21.086437,21.250854,21.086437,21.086437,16.153055,1750735
1996-10-15,21.086437,21.250854,20.880917,21.168646,16.216028,2675215
1996-10-16,21.168646,21.579687,21.045334,21.538584,16.499414,3987734
1996-10-17,21.538584,21.661896,21.291958,21.333063,16.341974,2785910
1996-10-18,21.333063,21.374166,21.209749,21.374166,16.373466,3072681
1996-10-21,21.374166,21.661896,21.333063,21.579687,16.530899,3121642
1996-10-22,21.579687,21.949625,21.579687,21.908522,16.782804,3801318
1996-10-23,21.867416,21.867416,21.620792,21.744104,16.656853,4485859
1996-10-24,21.744104,21.826313,21.374166,21.497478,16.467924,2700760
1996-10-25,21.497478,21.785208,21.415272,21.785208,16.688334,2435580
1996-10-28,21.785208,22.011280,21.744104,21.826313,16.719828,3272174
1996-10-29,21.826313,21.908522,21.620792,21.620792,16.562387,2376584
1996-10-30,21.620792,21.744104,21.579687,21.579687,16.530899,1715155
1996-10-31,21.579687,21.702999,21.415272,21.661896,16.593878,2910593
1996-11-01,21.661896,21.826313,21.415272,21.538584,16.499414,3025849
1996-11-04,21.538584,22.031834,21.497478,21.990728,16.845779,3402940
1996-11-05,21.990728,22.237354,21.949625,22.237354,17.034706,3700051
1996-11-06,22.237354,22.360666,21.908522,22.278458,17.066193,3245413
1996-11-07,22.278458,22.689501,22.237354,22.689501,17.381065,4712114
1996-11-08,22.607292,22.607292,22.319563,22.525084,17.255114,3786721
1996-11-11,22.525084,23.141645,22.525084,23.141645,17.727427,5117790
1996-11-12,23.141645,23.511583,22.977228,23.306063,17.853371,5960770
1996-11-13,23.306063,23.429375,23.059439,23.223854,17.790400,3750836
1996-11-14,23.223854,23.306063,22.895021,23.223854,17.790400,3610644
1996-11-15,23.264957,24.004833,23.264957,23.758207,18.199732,9793715
1996-11-18,23.676001,23.676001,23.347166,23.470478,17.979324,3278865
1996-11-19,23.470478,23.676001,23.223854,23.347166,17.884859,4024835
1996-11-20,23.347166,23.593792,23.223854,23.593792,18.073792,4890623
1996-11-21,23.593792,23.799313,23.470478,23.758207,18.199732,3043791
1996-11-22,23.758207,24.128145,23.676001,23.717104,18.168251,4229802
1996-11-25,23.717104,24.210354,23.511583,24.169250,18.514608,4720020
1996-11-26,24.456980,25.402374,24.456980,24.991333,19.144361,14645717
1996-11-27,24.785812,24.785812,24.210354,24.292562,18.609077,6794932
1996-11-29,24.292562,24.333668,24.004833,24.292562,18.609077,2018348
1996-12-02,24.292562,24.498083,24.004833,24.292562,18.609077,5193208
1996-12-03,24.292562,24.333668,23.593792,23.634895,18.105272,4010542
1996-12-04,23.634895,23.676001,23.141645,23.676001,18.136765,4855955
1996-12-05,23.634895,23.634895,23.347166,23.634895,18.105272,3351850
1996-12-06,23.552689,23.552689,22.853916,23.511583,18.010807,4472174
1996-12-09,23.511583,24.128145,23.347166,24.045938,18.420151,3717081
1996-12-10,24.045938,24.251457,23.922625,24.087042,18.451630,3113431
1996-12-11,24.004833,24.004833,23.470478,23.717104,18.168251,5182261
1996-12-12,23.717104,23.758207,23.059439,23.100542,17.695944,5249468
1996-12-13,23.100542,23.264957,22.812813,23.100542,17.695944,5324886
1996-12-16,23.100542,23.347166,22.648396,22.812813,17.475529,3537658
1996-12-17,22.812813,23.429375,22.771708,23.306063,17.853371,6039230
1996-12-18,23.306063,23.676001,23.306063,23.511583,18.010807,4245616
1996-12-19,23.511583,23.799313,23.429375,23.799313,18.231222,3684845
1996-12-20,23.799313,24.251457,23.676001,23.799313,18.231222,9672985
1996-12-23,23.799313,23.799313,23.552689,23.717104,18.168251,2471769
1996-12-24,23.717104,23.758207,23.347166,23.511583,18.010807,1151951
1996-12-26,23.511583,23.634895,23.306063,23.470478,17.979324,1777192
1996-12-27,23.470478,23.717104,23.347166,23.429375,17.947836,1449671
1996-12-30,23.429375,23.552689,22.977228,23.018333,17.632959,2878054
1996-12-31,23.018333,23.182751,22.812813,22.936125,17.569983,2718398
1997-01-02,22.936125,22.977228,21.949625,22.155146,16.971729,8112924
1997-01-03,22.401772,22.812813,22.401772,22.771708,17.444036,4648555
1997-01-06,22.771708,22.936125,22.566189,22.689501,17.381065,3622200
1997-01-07,22.689501,22.689501,22.442875,22.648396,17.349577,3605170
1997-01-08,22.648396,22.812813,22.196251,22.319563,17.125029,3224430
1997-01-09,22.319563,22.607292,22.114042,22.196251,17.030413,4605068
1997-01-10,22.196251,22.319563,21.826313,22.319563,17.125029,5277141
1997-01-13,22.319563,22.525084,22.319563,22.360666,17.156563,4651901
1997-01-14,22.360666,22.853916,22.360666,22.771708,17.471945,4758946
1997-01-15,22.771708,22.936125,22.483978,22.730604,17.440411,5411860
1997-01-16,22.730604,22.812813,22.525084,22.648396,17.377331,4508363
1997-01-17,22.648396,23.059439,22.648396,23.018333,17.661169,5572428
1997-01-20,23.100542,23.306063,23.100542,23.182751,17.787319,4458186
1997-01-21,22.977228,22.977228,22.771708,22.936125,17.598087,4986721
1997-01-22,22.936125,23.306063,22.771708,23.264957,17.850399,5204460
1997-01-23,23.264957,23.552689,23.141645,23.141645,17.755783,8145464
1997-01-24,23.141645,23.511583,22.853916,23.429375,17.976553,4666498
1997-01-27,23.429375,23.634895,23.223854,23.552689,18.071163,4941409
1997-01-28,23.799313,24.580292,23.799313,23.881521,18.323463,8127217
1997-01-29,23.922625,24.251457,23.922625,24.251457,18.607307,6216827
1997-01-30,24.251457,24.374771,23.717104,23.799313,18.260382,4287582
1997-01-31,23.881521,24.128145,23.881521,23.963730,18.386539,2807501
1997-02-03,23.963730,23.963730,23.676001,23.963730,18.386539,3428485
1997-02-04,23.963730,24.004833,23.840418,23.881521,18.323463,2282615
1997-02-05,23.881521,24.415874,23.717104,23.922625,18.355003,4935023
1997-02-06,24.004833,24.374771,24.004833,24.333668,18.670378,5346477
1997-02-07,24.415874,24.785812,24.415874,24.662500,18.922682,4492549
1997-02-10,24.868021,25.320168,24.868021,24.868021,19.080370,5932184
1997-02-11,24.868021,24.991333,24.539188,24.662500,18.922682,3702179
1997-02-12,24.703604,25.279062,24.703604,25.196854,19.332672,3349721
1997-02-13,25.196854,25.936729,25.155750,25.443480,19.521894,5871668
1997-02-14,25.525688,26.060041,25.525688,25.690104,19.711130,5751242
1997-02-18,25.649000,25.649000,25.237959,25.484583,19.553434,4178104
1997-02-19,25.402374,25.402374,24.991333,25.032438,19.206518,3627065
1997-02-20,25.032438,25.155750,24.498083,24.580292,18.859604,3056260
1997-02-21,24.662500,25.032438,24.662500,24.785812,19.017296,3787633
1997-02-24,24.785812,25.032438,24.498083,24.868021,19.080370,2936746
1997-02-25,24.868021,25.279062,24.662500,25.032438,19.206518,3176077
1997-02-26,25.032438,25.114647,24.169250,24.826918,19.048834,4450887
1997-02-27,24.826918,25.032438,24.826918,24.950230,19.143446,3157527
1997-02-28,24.744707,24.744707,24.415874,24.415874,18.733454,3165433
1997-03-03,24.415874,24.621395,23.922625,24.128145,18.512688,4591080
1997-03-04,24.128145,24.169250,23.840418,23.922625,18.355003,4236493
1997-03-05,23.922625,24.374771,23.593792,24.169250,18.544230,4666498
1997-03-06,24.169250,24.826918,24.128145,24.703604,18.954224,4663457
1997-03-07,24.785812,25.114647,24.785812,24.991333,19.174986,4803649
1997-03-10,24.991333,25.320168,24.744707,25.237959,19.364218,2586113
1997-03-11,25.237959,25.525688,25.237959,25.361271,19.458826,3054435
1997-03-12,25.320168,25.320168,24.703604,24.785812,19.017296,3586619
1997-03-13,24.744707,24.744707,24.087042,24.087042,18.481148,3147187
1997-03-14,24.210354,24.744707,24.210354,24.580292,18.859604,4352661
1997-03-17,24.580292,25.073542,24.374771,24.991333,19.174986,3428789
1997-03-18,24.991333,25.155750,24.621395,24.826918,19.048834,3159351
1997-03-19,24.744707,24.744707,24.333668,24.662500,18.922682,2906944
1997-03-20,24.662500,24.703604,24.374771,24.498083,18.796528,2584592
1997-03-21,24.498083,24.539188,24.251457,24.333668,18.670378,4189356
1997-03-24,24.333668,24.703604,24.292562,24.662500,18.922682,3818044
1997-03-25,24.662500,24.826918,24.498083,24.580292,18.859604,3842068
1997-03-26,24.580292,24.868021,24.539188,24.744707,18.985756,3138064
1997-03-27,24.744707,24.868021,24.087042,24.662500,18.922682,4019057
1997-03-31,24.333668,24.333668,23.758207,23.963730,18.386539,5098327
1997-04-01,23.963730,24.169250,23.347166,23.799313,18.260382,4323163
1997-04-02,23.799313,24.292562,23.388271,23.799313,18.260382,4245312
1997-04-03,23.799313,23.922625,23.429375,23.881521,18.323463,3401723
1997-04-04,23.881521,24.251457,23.634895,24.251457,18.607307,3582058
1997-04-07,24.251457,24.374771,24.128145,24.251457,18.607307,2001318
1997-04-08,24.251457,24.292562,24.004833,24.292562,18.638844,2164927
1997-04-09,24.292562,24.374771,24.128145,24.251457,18.640612,2185606
1997-04-10,24.292562,24.703604,24.292562,24.333668,18.703798,4064065
1997-04-11,24.333668,24.539188,23.799313,23.799313,18.293070,5238824
1997-04-14,23.717104,23.717104,23.141645,23.388271,17.977135,4347187
1997-04-15,23.429375,24.374771,23.429375,24.292562,18.672205,3650177
1997-04-16,24.292562,24.868021,24.128145,24.868021,19.114523,5376584
1997-04-17,24.868021,25.114647,24.744707,24.909124,19.146122,3388039
1997-04-18,24.909124,25.320168,24.826918,25.237959,19.398878,3419970
1997-04-21,25.237959,25.607897,25.073542,25.279062,19.430466,4290015
1997-04-22,25.279062,25.936729,25.114647,25.731209,19.778006,6543132
1997-04-23,25.731209,26.183353,25.731209,26.018938,19.999165,6824126
1997-04-24,26.018938,26.265562,25.566792,25.731209,19.778006,4221591
1997-04-25,25.731209,25.731209,25.361271,25.443480,19.556843,3439736
1997-04-28,25.443480,25.731209,25.402374,25.525688,19.620029,3099747
1997-04-29,25.731209,26.594397,25.731209,26.553291,20.409889,6760568
1997-04-30,26.553291,27.128750,26.306667,26.882126,20.662645,7077141
1997-05-01,26.882126,26.964333,26.388874,26.635500,20.473078,3428789
1997-05-02,26.635500,26.799917,26.429979,26.429979,20.315105,3553472
1997-05-05,26.429979,27.046541,26.224459,27.005438,20.757431,4316472
1997-05-06,27.005438,27.087646,26.758814,27.046541,20.789021,4445413
1997-05-07,27.046541,27.046541,26.388874,26.471083,20.346701,3491738
1997-05-08,26.471083,26.923229,26.224459,26.717709,20.536270,4809123
1997-05-09,26.717709,27.046541,26.635500,27.046541,20.789021,3524278
1997-05-12,27.087646,27.991938,27.087646,27.786417,21.357718,4748606
1997-05-13,27.745314,27.745314,27.252064,27.498688,21.136555,3573239
1997-05-14,27.498688,27.827520,27.416479,27.498688,21.136555,2977192
1997-05-15,27.416479,27.416479,27.169853,27.252064,20.946991,2606488
1997-05-16,27.169853,27.169853,26.594397,26.594397,20.441483,5602534
1997-05-19,26.594397,27.416479,26.553291,27.375376,21.041777,2887481
1997-05-20,27.375376,27.498688,26.841021,27.457582,21.104963,4023011
1997-05-21,27.457582,27.539791,26.923229,27.005438,20.757431,3174861
1997-05-22,27.005438,27.210958,26.882126,27.005438,20.757431,2778611
1997-05-23,27.087646,27.498688,27.087646,27.375376,21.041777,1490421
1997-05-27,27.375376,27.580896,27.005438,27.539791,21.168146,2683122
1997-05-28,27.539791,27.663103,27.210958,27.580896,21.199743,2555702
1997-05-29,27.580896,27.622000,27.087646,27.252064,20.946991,2662139
1997-05-30,27.046541,27.046541,26.347771,26.923229,20.694237,3863659
1997-06-02,26.923229,27.087646,26.553291,26.594397,20.441483,2556006
1997-06-03,26.594397,26.635500,26.429979,26.512188,20.378302,2659706
1997-06-04,26.512188,26.512188,26.265562,26.265562,20.188723,2700760
1997-06-05,26.265562,26.841021,26.265562,26.553291,20.409889,2981145
1997-06-06,26.553291,26.799917,26.347771,26.758814,20.567860,3874303
1997-06-09,26.758814,26.964333,26.594397,26.635500,20.473078,3239939
1997-06-10,26.635500,26.964333,26.635500,26.923229,20.694237,3695793
1997-06-11,26.923229,26.923229,26.594397,26.758814,20.567860,4059503
1997-06-12,26.758814,26.923229,26.717709,26.841021,20.631048,5035073
1997-06-13,26.923229,27.622000,26.923229,27.457582,21.104963,5764927
1997-06-16,27.457582,27.580896,27.293167,27.580896,21.199743,3998378
1997-06-17,27.580896,27.745314,27.210958,27.622000,21.231340,4467005
1997-06-18,27.416479,27.416479,27.128750,27.128750,20.852209,3319007
1997-06-19,27.128750,27.498688,26.758814,27.416479,21.073366,4883325
1997-06-20,27.416479,27.416479,26.964333,27.046541,20.789021,5482413
1997-06-23,27.046541,27.087646,26.471083,26.512188,20.378302,2749113
1997-06-24,26.512188,27.128750,26.471083,27.128750,20.852209,4374557
1997-06-25,27.128750,27.344547,26.594397,26.964333,20.725834,4959655
1997-06-26,26.964333,27.046541,26.635500,26.820469,20.615250,4115155
1997-06-27,26.820469,26.943781,26.265562,26.286116,20.204527,5496706
1997-06-30,26.286116,26.450531,25.895624,26.388874,20.283518,7593208
1997-07-01,26.224459,26.224459,25.607897,25.833969,19.856989,6407197
1997-07-02,25.566792,25.566792,25.135199,25.279062,19.430466,9026457
1997-07-03,25.361271,25.813417,25.361271,25.402374,19.525248,5406082
1997-07-07,25.402374,25.731209,24.683052,24.991333,19.209309,10313431
1997-07-08,25.279062,25.772312,25.279062,25.669552,19.730616,8741510
1997-07-09,25.669552,25.813417,25.258511,25.340719,19.510849,6601521
1997-07-10,25.340719,25.628448,25.196854,25.279062,19.463377,5094070
1997-07-11,25.279062,25.320168,24.909124,25.135199,19.352613,5629295
1997-07-14,25.135199,25.525688,25.073542,25.443480,19.589968,5909985
1997-07-15,25.443480,25.628448,25.176302,25.628448,19.732382,4936239
1997-07-16,25.669552,26.142250,25.669552,25.936729,19.969748,6323568
1997-07-17,25.936729,25.936729,25.114647,25.566792,19.684914,6021591
1997-07-18,25.320168,25.320168,24.744707,24.950230,19.210196,7222808
1997-07-21,24.950230,24.970781,24.272011,24.724155,19.036137,4849569
1997-07-22,24.744707,25.649000,24.744707,25.525688,19.653263,8505220
1997-07-23,25.566792,26.183353,25.566792,25.628448,19.732382,6436391
1997-07-24,25.628448,26.183353,25.155750,26.080593,20.080511,5297821
1997-07-25,26.060041,26.060041,25.731209,25.977833,20.001390,4234668
1997-07-28,25.977833,26.245010,25.977833,26.183353,20.159634,3069944
1997-07-29,26.183353,26.450531,26.142250,26.347771,20.286219,4556716
1997-07-30,26.450531,26.717709,26.450531,26.614948,20.491930,4816726
1997-07-31,26.614948,26.861572,26.573845,26.573845,20.460279,3812874
1997-08-01,26.573845,26.738260,26.388874,26.491634,20.396986,4255651
1997-08-04,26.491634,26.758814,26.245010,26.614948,20.491930,3810137
1997-08-05,26.614948,26.635500,26.245010,26.286116,20.238747,3745971
1997-08-06,26.286116,26.635500,26.183353,26.573845,20.460279,3501470
1997-08-07,26.573845,26.717709,25.957281,26.018938,20.033035,3524278
1997-08-08,26.018938,26.121698,25.690104,26.039490,20.048866,3949113
1997-08-11,26.039490,26.368322,25.525688,26.183353,20.159634,3981652
1997-08-12,26.183353,26.429979,25.731209,25.772312,19.843153,5536239
1997-08-13,25.772312,26.286116,25.443480,25.977833,20.001390,5511303
1997-08-14,25.977833,26.327219,25.525688,25.936729,19.969748,4675621
1997-08-15,25.854521,25.854521,25.155750,25.196854,19.400082,5087076
1997-08-18,25.196854,25.916178,24.991333,25.854521,19.906445,5879878
1997-08-19,25.854521,26.203905,25.649000,26.203905,20.175449,7435986
1997-08-20,26.203905,26.512188,26.060041,26.429979,20.349516,4048860
1997-08-21,26.429979,26.450531,25.792866,25.936729,19.969748,3043791
1997-08-22,25.751760,25.751760,25.381823,25.690104,19.779858,3646528
1997-08-25,25.690104,25.998384,25.607897,25.751760,19.827324,2707451
1997-08-26,25.751760,25.875072,25.484583,25.484583,19.621616,2962291
1997-08-27,25.484583,25.977833,25.279062,25.813417,19.874796,3468626
1997-08-28,25.813417,25.936729,25.361271,25.566792,19.684914,4219767
1997-08-29,25.566792,25.690104,25.258511,25.258511,19.447554,2805677
1997-09-02,25.320168,25.977833,25.320168,25.977833,20.001390,2738469
1997-09-03,25.977833,26.347771,25.977833,26.162802,20.143805,3062950
1997-09-04,26.142250,26.142250,25.422928,25.546240,19.669086,5252509
1997-09-05,25.546240,25.854521,25.484583,25.710655,19.795685,3472580
1997-09-08,25.710655,26.039490,25.607897,25.607897,19.716562,2293563
1997-09-09,25.607897,26.018938,25.464031,25.813417,19.874796,2803852
1997-09-10,25.792866,25.792866,25.546240,25.566792,19.684914,2230309
1997-09-11,25.279062,25.279062,24.477531,24.909124,19.178553,7272681
1997-09-12,24.950230,25.422928,24.950230,25.361271,19.526674,4719108
1997-09-15,25.361271,25.505135,25.237959,25.381823,19.542501,2393918
1997-09-16,25.443480,26.101147,25.443480,25.998384,20.017214,3702484
1997-09-17,25.998384,26.388874,25.813417,25.936729,19.969748,3700659
1997-09-18,25.936729,26.245010,25.566792,26.080593,20.080511,5334313
1997-09-19,26.080593,26.286116,26.060041,26.286116,20.238747,3994425
1997-09-22,26.286116,26.368322,26.142250,26.162802,20.143805,2926102
1997-09-23,26.162802,26.203905,25.854521,25.977833,20.001390,2721744
1997-09-24,25.977833,26.286116,25.875072,25.875072,19.922274,3052914
1997-09-25,25.875072,26.183353,25.731209,26.183353,20.159634,3135023
1997-09-26,26.183353,26.368322,26.039490,26.142250,20.127985,3345464
1997-09-29,26.142250,26.635500,26.018938,26.306667,20.254574,3187633
1997-09-30,26.306667,26.779366,26.224459,26.512188,20.412815,3767866
1997-10-01,26.573845,27.087646,26.573845,26.964333,20.760941,4254131
1997-10-02,27.046541,27.601448,27.046541,27.560345,21.219826,5178611
1997-10-03,27.622000,28.218010,27.622000,27.745314,21.362249,5640547
1997-10-06,27.745314,27.786417,27.210958,27.293167,21.014122,2671262
1997-10-07,27.375376,28.094698,27.375376,28.012489,21.567957,3329042
1997-10-08,27.930281,27.930281,27.334270,27.622000,21.267300,4422301
1997-10-09,27.622000,27.765865,27.395927,27.683657,21.314781,2396047
1997-10-10,27.642551,27.642551,27.375376,27.519239,21.188181,2804764
1997-10-13,27.663103,27.909729,27.663103,27.827520,21.425541,1503193
1997-10-14,27.909729,28.567396,27.909729,28.423531,21.884432,3746275
1997-10-15,28.423531,28.875677,28.197458,28.567396,22.028837,5329752
1997-10-16,28.526293,28.526293,27.478134,27.930281,21.537552,4012671
1997-10-17,27.786417,27.786417,26.738260,27.169853,20.951168,5955905
1997-10-20,27.169853,27.498688,27.128750,27.478134,21.188889,3230208
1997-10-21,27.478134,27.663103,27.313719,27.519239,21.220589,2878662
1997-10-22,27.519239,27.745314,27.293167,27.313719,21.062113,3161784
1997-10-23,27.272615,27.272615,26.841021,27.067095,20.871931,4009630
1997-10-24,27.067095,27.909729,27.005438,27.087646,20.887781,6646832
1997-10-27,27.087646,27.231510,25.566792,25.566792,19.715021,5424024
1997-10-28,25.566792,27.210958,24.662500,27.067095,20.871931,9141105
1997-10-29,27.067095,27.539791,26.717709,27.272615,21.030415,5072174
1997-10-30,27.272615,27.334270,26.471083,26.512188,20.444033,3696401
1997-10-31,26.861572,27.375376,26.861572,27.087646,20.887781,3520324
1997-11-03,27.354822,28.115250,27.354822,28.115250,21.680187,3677851
1997-11-04,28.115250,28.382427,27.991938,28.361876,21.870359,3480791
1997-11-05,28.361876,28.382427,27.930281,27.991938,21.585093,4061936
1997-11-06,27.991938,28.526293,27.786417,28.402979,21.902056,4228586
1997-11-07,28.402979,28.772917,27.786417,28.382427,21.886211,4372428
1997-11-10,28.382427,28.690708,28.074146,28.094698,21.664333,2132995
1997-11-11,28.115250,28.505739,28.115250,28.279667,21.806967,1771718
1997-11-12,28.279667,28.382427,27.313719,27.313719,21.062113,4387633
1997-11-13,27.560345,28.053595,27.560345,27.848072,21.474159,4401318
1997-11-14,27.991938,28.772917,27.991938,28.505739,21.981297,4856564
1997-11-17,28.896229,29.512793,28.896229,29.266167,22.567678,5060922
1997-11-18,29.266167,29.697760,28.855125,29.348375,22.631067,6417233
1997-11-19,29.389479,30.047146,29.389479,30.047146,23.169899,4945971
1997-11-20,30.047146,30.129354,29.759417,29.821074,22.995573,7151343
1997-11-21,29.923834,31.156958,29.923834,31.156958,24.025698,7603852
1997-11-24,30.971991,30.971991,30.437635,30.787022,23.740433,7184795
1997-11-25,30.787022,30.992542,30.540396,30.787022,23.740433,4217638
1997-11-26,30.889782,31.362478,30.889782,31.074751,23.962311,3983173
1997-11-28,31.115854,31.341927,31.115854,31.218615,24.073246,1665281
1997-12-01,31.218615,32.205116,30.951439,32.102352,24.754711,3757831
1997-12-02,32.102352,32.143459,31.465240,31.752970,24.485296,4486467
1997-12-03,31.752970,31.814625,30.971991,31.300823,24.136631,3556209
1997-12-04,30.889782,30.889782,30.663708,30.766468,23.724585,7149214
1997-12-05,30.766468,31.054197,30.581499,30.910334,23.835518,5478155
1997-12-08,30.910334,31.136406,30.889782,31.033646,23.930611,3343639
1997-12-09,31.033646,31.341927,30.725365,31.013094,23.914761,3792499
1997-12-10,30.910334,30.910334,30.663708,30.848677,23.787977,2877750
1997-12-11,30.663708,30.663708,30.273218,30.519844,23.534407,3464065
1997-12-12,30.540396,31.095303,30.540396,30.787022,23.740433,3889204
1997-12-15,30.971991,31.999594,30.971991,31.937939,24.627924,5752154
1997-12-16,31.937939,31.937939,31.465240,31.568001,24.342665,4317993
1997-12-17,31.670759,31.876282,31.670759,31.835176,24.548687,2827268
1997-12-18,31.835176,32.164009,31.650208,31.999594,24.675472,4190877
1997-12-19,31.691313,31.691313,30.663708,31.506344,24.295113,7932286
1997-12-22,31.506344,32.205116,31.485792,32.020145,24.691315,3343335
1997-12-23,32.040699,32.390083,32.040699,32.061249,24.723015,4216726
1997-12-24,32.061249,32.122906,31.177509,31.239166,24.089094,1665281
1997-12-26,31.239166,31.629656,31.198063,31.259720,24.104939,655043
1997-12-29,31.403584,32.040699,31.403584,31.896833,24.596230,2309681
1997-12-30,32.225666,32.965542,32.225666,32.554501,25.103371,6086670
1997-12-31,32.554501,32.965542,32.451740,32.554501,25.103371,4095692
1998-01-02,32.554501,32.821678,32.431187,32.760021,25.261852,2964724
1998-01-05,32.760021,33.129959,32.122906,32.492844,25.055820,11891130
1998-01-06,32.451740,32.451740,32.225666,32.369530,24.960741,4302179
1998-01-07,32.369530,32.390083,32.020145,32.390083,25.010122,4470654
1998-01-08,32.369530,32.369530,31.876282,32.122906,24.803820,2826052
1998-01-09,32.122906,32.143459,31.568001,31.568001,24.375353,5427369
1998-01-12,31.568001,31.609104,30.766468,31.054197,23.978617,6145362
1998-01-13,31.054197,31.403584,30.828125,31.239166,24.121441,5069133
1998-01-14,31.239166,31.937939,30.971991,31.732416,24.502300,3426964
1998-01-15,31.588552,31.588552,31.136406,31.465240,24.296003,3032235
1998-01-16,31.465240,31.752970,31.321375,31.609104,24.407085,4487380
1998-01-20,31.814625,32.801125,31.814625,32.677814,25.232296,4063457
1998-01-21,32.677814,32.718918,32.246220,32.513397,25.105341,3561379
1998-01-22,32.431187,32.431187,31.670759,31.732416,24.502300,2695895
1998-01-23,31.835176,32.616158,31.835176,32.431187,25.041861,5533198
1998-01-26,32.431187,32.657261,31.896833,32.020145,24.724472,3096097
1998-01-27,32.513397,34.239773,32.513397,33.787624,26.089233,9832945
1998-01-28,34.034248,35.102959,34.034248,34.527500,26.660534,8958033
1998-01-29,34.527500,35.637314,34.404186,34.938541,26.977924,5563001
1998-01-30,34.938541,35.472897,34.630260,35.144062,27.136620,4327724
1998-02-02,35.144062,35.925041,35.123508,35.781178,27.628569,5583376
1998-02-03,35.596207,35.596207,35.102959,35.514000,27.422266,4227369
1998-02-04,35.514000,35.760624,35.287926,35.616760,27.501612,3450988
1998-02-05,35.616760,35.966145,35.329033,35.616760,27.501612,3538267
1998-02-06,35.616760,35.883938,35.534554,35.698971,27.565090,2246123
1998-02-09,35.698971,36.048355,35.370136,35.411240,27.342920,2615915
1998-02-10,35.411240,35.883938,35.020748,35.678417,27.549223,3398682
1998-02-11,35.678417,36.438843,35.616760,36.438843,28.136383,3925089
1998-02-12,36.315533,36.315533,35.801727,36.212772,27.961828,4164724
1998-02-13,36.212772,36.706020,35.945595,36.644363,28.295078,2931272
1998-02-17,36.747124,37.158169,36.747124,37.158169,28.691814,4477952
1998-02-18,37.158169,37.898041,36.870438,37.774731,29.167908,3644703
1998-02-19,37.774731,37.980251,37.322582,37.548656,28.993336,3732894
1998-02-20,37.548656,37.774731,37.240376,37.610313,29.040939,4214597
1998-02-23,37.610313,38.062458,37.322582,37.507553,28.961599,4577091
1998-02-24,37.466450,37.466450,36.685471,36.808781,28.422039,5076432
1998-02-25,36.808781,36.870438,36.500500,36.582706,28.247473,4203649
1998-02-26,36.541603,36.541603,35.842834,36.171665,27.930088,4425038
1998-02-27,36.171665,37.034855,35.842834,36.808781,28.422039,4574050
1998-03-02,36.808781,36.808781,35.842834,35.966145,27.771395,3735631
1998-03-03,35.966145,36.397739,35.842834,36.171665,27.930088,3156918
1998-03-04,35.164616,35.164616,34.424740,35.144062,27.136620,11659402
1998-03-05,34.815228,34.815228,34.445293,34.589157,26.708143,6628890
1998-03-06,34.589157,35.000198,34.568604,34.733021,26.819233,4021186
1998-03-09,34.733021,35.000198,34.609707,34.794678,26.866844,3417537
1998-03-10,34.794678,34.917992,34.691917,34.815228,26.882702,3102179
1998-03-11,34.712467,34.712467,34.321980,34.465843,26.612932,3550735
1998-03-12,34.465843,34.959095,34.383636,34.835781,26.898577,3296807
1998-03-13,34.835781,35.472897,34.548054,34.856335,26.914450,3056260
1998-03-16,34.917992,36.171665,34.917992,36.048355,27.834873,3835378
1998-03-17,35.760624,35.760624,35.082405,35.411240,27.342920,3335732
1998-03-18,35.349583,35.349583,34.856335,35.287926,27.247696,3047440
1998-03-19,35.287926,35.411240,34.774124,34.959095,26.993795,3280993
1998-03-20,34.959095,35.185165,34.650814,35.185165,27.168354,5120527
1998-03-23,34.774124,34.774124,33.787624,33.869835,26.152716,7807907
1998-03-24,34.404186,35.287926,34.404186,35.164616,27.152483,8029295
1998-03-25,35.164616,35.308479,34.815228,35.144062,27.136620,3649569
1998-03-26,35.144062,35.555103,34.897438,35.411240,27.342920,3244805
1998-03-27,35.411240,35.575657,35.185165,35.267376,27.231840,3201926
1998-03-30,35.267376,35.349583,34.691917,34.712467,26.803360,2789559
1998-03-31,34.712467,35.349583,34.691917,35.102959,27.104885,3753269
1998-04-01,35.102959,35.185165,34.506947,34.856335,26.914450,4572529
1998-04-02,34.856335,35.822281,34.671364,35.801727,27.644434,4665890
1998-04-03,35.801727,36.479946,35.555103,36.479946,28.168129,4344450
1998-04-06,36.479946,36.562157,35.596207,35.637314,27.517483,3109174
1998-04-07,35.637314,35.657864,35.205719,35.472897,27.430517,2456260
1998-04-08,35.472897,35.514000,34.753574,35.185165,27.208021,3256057
1998-04-09,35.185165,35.986698,35.020748,35.863384,27.732475,3757831
1998-04-13,35.863384,36.294979,35.822281,36.253876,28.034435,3729549
1998-04-14,36.664917,37.240376,36.664917,37.219822,28.781380,4874506
1998-04-15,37.219822,37.754177,36.993752,37.343136,28.876736,6089103
1998-04-16,37.302032,37.302032,36.808781,36.829334,28.479424,3991384
1998-04-17,36.829334,37.302032,36.706020,37.281479,28.829065,4043386
1998-04-20,37.302032,38.103561,37.302032,37.939144,29.337614,5384795
1998-04-21,37.939144,38.452950,37.651417,38.391293,29.687263,4770806
1998-04-22,38.391293,40.117668,38.041904,40.117668,31.022238,3831120
1998-04-23,40.590366,41.967354,40.590366,40.672573,31.451324,27481399
1998-04-24,40.672573,40.672573,39.398342,40.158772,31.054014,15715864
1998-04-27,39.932697,39.932697,39.213375,39.768280,30.752066,7398277
1998-04-28,40.282082,40.775333,40.282082,40.610916,31.403652,7632742
1998-04-29,40.610916,40.939751,40.446499,40.734230,31.499006,4431120
1998-04-30,40.795883,41.309689,40.795883,40.960300,31.673826,5119615
1998-05-01,40.960300,41.330238,40.898647,41.330238,31.959888,3759047
1998-05-04,41.535759,42.213978,41.535759,41.802937,32.325413,4461227
1998-05-05,41.802937,42.029011,41.021957,41.659073,32.214180,3944856
1998-05-06,41.617970,41.617970,40.775333,40.836990,31.578480,3085758
1998-05-07,39.644970,39.644970,39.110615,39.192822,30.307064,11140598
1998-05-08,39.192822,39.439449,39.090061,39.295582,30.386534,6184896
1998-05-11,39.336689,39.871040,39.336689,39.747730,30.736162,3919311
1998-05-12,39.665520,39.665520,39.048958,39.069511,30.211714,3689711
1998-05-13,39.069511,39.336689,38.802334,38.966751,30.132252,4248961
1998-05-14,38.596813,38.596813,37.980251,38.165218,29.512444,7262038
1998-05-15,37.671970,37.671970,36.356636,36.377190,28.129789,15281298
1998-05-18,36.377190,36.993752,35.863384,36.068905,27.891401,9193715
1998-05-19,36.212772,36.767677,36.212772,36.479946,28.209259,7092043
1998-05-20,36.623814,37.877491,36.623814,37.692520,29.146906,6818348
1998-05-21,37.692520,38.391293,37.692520,38.124115,29.480658,5712924
1998-05-22,38.124115,38.391293,37.980251,38.247429,29.576014,3950025
1998-05-26,38.247429,38.391293,36.521053,36.747124,28.415857,5930360
1998-05-27,36.747124,37.774731,36.397739,37.589760,29.067451,7225241
1998-05-28,37.589760,37.610313,36.829334,37.281479,28.829065,3632235
1998-05-29,37.281479,37.569206,37.199272,37.240376,28.797281,3169083
1998-06-01,37.240376,37.445896,36.294979,36.438843,28.177462,4098429
1998-06-02,36.438843,36.829334,36.027802,36.212772,28.002651,6359453
1998-06-03,36.212772,36.623814,35.863384,36.027802,27.859615,3956107
1998-06-04,36.027802,36.130562,35.534554,36.027802,27.859615,3889812
1998-06-05,36.829334,37.795280,36.829334,37.713074,29.162807,8899341
1998-06-08,37.713074,38.124115,37.363689,38.103561,29.464767,6194932
1998-06-09,38.103561,38.309082,37.733624,38.309082,29.623701,4120020
1998-06-10,38.473499,39.357239,38.473499,38.905094,30.084572,7014496
1998-06-11,38.905094,39.048958,38.165218,38.206322,29.544220,4682919
1998-06-12,38.206322,38.309082,37.240376,37.836384,29.258158,5857983
1998-06-15,37.815834,37.815834,36.890991,36.890991,28.527100,4741916
1998-06-16,36.911541,37.528103,36.911541,37.117062,28.701923,6128332
1998-06-17,37.158169,38.226875,37.158169,37.589760,29.067451,6536746
1998-06-18,37.589760,37.630863,36.808781,36.829334,28.479424,7300659
1998-06-19,36.130562,36.130562,35.144062,35.370136,27.351055,21124683
1998-06-22,35.370136,35.822281,34.363083,35.760624,27.653013,15356412
1998-06-23,35.760624,36.294979,35.719521,36.089458,27.907297,6272478
1998-06-24,36.089458,37.260925,36.068905,37.055405,28.654238,6247238
1998-06-25,37.055405,37.466450,36.685471,36.993752,28.606577,6250279
1998-06-26,36.952644,36.952644,36.294979,36.336082,28.098009,4605373
1998-06-29,36.788231,37.404793,36.788231,37.219822,28.781380,5390877
1998-06-30,36.089458,36.089458,34.548054,34.548054,26.715359,22355398
1998-07-01,34.876884,35.349583,34.876884,34.938541,27.017313,14406386
1998-07-02,34.938541,35.000198,34.609707,35.000198,27.064997,8204764
1998-07-06,34.959095,34.959095,34.465843,34.794678,26.906071,7870248
1998-07-07,34.856335,35.185165,34.856335,35.041302,27.096777,8992701
1998-07-08,35.041302,35.822281,35.041302,35.616760,27.541767,9642879
1998-07-09,35.678417,36.644363,35.678417,36.500500,28.225140,13007197
1998-07-10,37.980251,37.980251,36.007252,37.610313,29.083340,15849468
1998-07-13,37.856937,39.028404,37.856937,38.843437,30.036888,15301571
1998-07-14,39.090061,39.706627,39.090061,39.336689,30.418320,12752661
1998-07-15,39.336689,39.768280,38.658470,38.843437,30.036888,8710492
1998-07-16,38.843437,38.905094,37.548656,38.781780,29.989214,10144450
1998-07-17,38.781780,39.028404,38.288532,38.843437,30.036888,5876635
1998-07-20,38.843437,39.213375,37.980251,38.041904,29.417084,6403041
1998-07-21,38.041904,38.041904,36.932095,37.240376,28.797281,6455347
1998-07-22,37.240376,37.487000,36.315533,36.685471,28.407305,8614800
1998-07-23,36.685471,37.363689,35.514000,35.760624,27.691160,4677547
1998-07-24,35.760624,36.500500,35.575657,36.315533,28.120853,4282210
1998-07-27,36.192219,36.192219,35.514000,36.130562,27.977619,3905525
1998-07-28,36.068905,36.068905,34.589157,34.897438,27.022753,6298834
1998-07-29,34.897438,35.267376,34.589157,34.897438,27.022753,4166751
1998-07-30,34.897438,35.020748,33.541000,34.835781,26.975010,5600000
1998-07-31,34.835781,35.020748,33.787624,33.972595,26.306597,3859301
1998-08-03,34.034248,34.527500,34.034248,34.219219,26.497578,4229498
1998-08-04,34.219219,34.712467,32.307877,32.369530,25.065271,7747592
1998-08-05,32.369530,33.602657,31.814625,33.109406,25.638191,7833046
1998-08-06,33.109406,33.541000,32.616158,32.862782,25.447222,5527724
1998-08-07,32.862782,33.109406,32.431187,32.924438,25.494967,4927319
1998-08-10,32.924438,33.171062,32.122906,32.431187,25.113012,4526102
1998-08-11,32.061249,32.061249,31.013094,31.691313,24.540094,8608515
1998-08-12,31.691313,32.492844,31.568001,31.999594,24.778812,7058084
1998-08-13,31.999594,32.986095,31.136406,31.383032,24.301382,4907856
1998-08-14,31.383032,31.999594,30.828125,31.321375,24.253635,4504410
1998-08-17,31.321375,31.814625,30.704813,31.752970,24.587839,4435884
1998-08-18,31.752970,33.171062,31.691313,33.047749,25.590448,5899949
1998-08-19,33.047749,33.356030,32.184563,32.677814,25.303991,4600405
1998-08-20,32.677814,33.417686,32.492844,33.171062,25.685936,3847745
1998-08-21,32.986095,32.986095,31.876282,32.801125,25.399479,5335428
1998-08-24,32.801125,33.479343,32.369530,32.924438,25.494967,3387836
1998-08-25,33.171062,34.219219,33.171062,33.602657,26.020144,4315966
1998-08-26,33.171062,33.171062,32.061249,32.554501,25.208506,5525291
1998-08-27,32.061249,32.061249,30.519844,31.321375,24.253635,7436493
1998-08-28,31.259720,31.259720,29.656656,30.211563,23.394257,7071161
1998-08-31,30.211563,30.828125,25.649000,27.067095,20.959343,11512924
1998-09-01,27.375376,30.088249,27.375376,29.964937,23.203281,15410238
1998-09-02,29.964937,31.444689,29.163406,29.471687,22.821337,8290117
1998-09-03,29.348375,29.348375,27.622000,27.930281,21.627745,7346275
1998-09-04,27.930281,28.361876,27.128750,27.868626,21.580004,7732793
1998-09-08,27.868626,29.779968,27.745314,28.731813,22.248411,8944247
1998-09-09,28.670156,28.670156,27.190407,27.437031,21.245802,8491941
1998-09-10,27.375376,27.375376,26.265562,26.697157,20.672884,8363203
1998-09-11,26.697157,27.560345,25.402374,25.464031,19.718014,7286974
1998-09-14,24.909124,24.909124,23.552689,24.107594,18.667665,24017435
1998-09-15,24.477531,25.155750,24.477531,25.155750,19.479300,11063254
1998-09-16,25.155750,25.649000,24.847469,25.402374,19.670269,9824531
1998-09-17,25.402374,25.402374,24.662500,25.340719,19.622530,6298023
1998-09-18,25.340719,25.525688,24.785812,25.217405,19.527037,8020476
1998-09-21,25.032438,25.032438,24.539188,24.785812,19.192835,5002940
1998-09-22,24.785812,25.155750,24.600843,24.847469,19.240578,6214597
1998-09-23,25.402374,26.635500,25.402374,26.450531,20.481907,8631830
1998-09-24,26.450531,26.758814,25.402374,25.525688,19.765759,6323163
1998-09-25,25.525688,25.649000,25.155750,25.279062,19.574783,4414901
1998-09-28,25.464031,25.957281,25.464031,25.895624,20.052217,4345666
1998-09-29,25.895624,26.203905,25.402374,25.649000,19.861246,4485048
1998-09-30,25.649000,25.833969,24.724155,25.032438,19.383806,5168677
1998-10-01,24.909124,24.909124,24.169250,24.600843,19.049601,7018246
1998-10-02,24.600843,25.402374,24.169250,24.909124,19.288322,5297516
1998-10-05,24.909124,25.155750,24.415874,24.724155,19.145096,4274911
1998-10-06,24.724155,25.649000,24.600843,25.032438,19.383806,4723771
1998-10-07,25.032438,25.587343,24.230906,24.600843,19.088722,4703903
1998-10-08,24.477531,24.477531,22.319563,23.182751,17.988373,9842676
1998-10-09,23.182751,23.491032,22.196251,23.367720,18.131897,6217131
1998-10-12,24.107594,24.724155,24.107594,24.292562,18.849520,4580740
1998-10-13,24.292562,25.279062,23.860970,25.155750,19.519299,4923771
1998-10-14,25.155750,25.279062,23.922625,24.045938,18.658154,5311404
1998-10-15,24.045938,25.649000,23.860970,25.525688,19.806349,5280993
1998-10-16,25.525688,25.649000,24.785812,25.155750,19.519299,6483528
1998-10-19,25.155750,25.710655,24.785812,25.710655,19.949871,5148099
1998-10-20,25.833969,27.128750,25.833969,26.697157,20.715330,7953573
1998-10-21,26.697157,27.375376,26.573845,27.190407,21.098064,5160568
1998-10-22,27.190407,27.622000,26.697157,27.622000,21.432955,3661936
1998-10-23,27.437031,27.437031,26.697157,27.375376,21.241590,3918297
1998-10-26,27.375376,27.622000,27.128750,27.560345,21.385109,3417030
1998-10-27,27.375376,27.375376,26.388874,26.450531,20.523968,6055550
1998-10-28,26.450531,26.697157,25.402374,26.080593,20.236917,5738368
1998-10-29,26.080593,26.512188,25.772312,26.265562,20.380445,3824734
1998-10-30,26.265562,26.943781,26.203905,26.573845,20.619650,4919108
1998-11-02,27.067095,28.731813,27.067095,28.423531,22.054888,7344653
1998-11-03,28.485188,29.348375,28.485188,29.163406,22.628988,8539584
1998-11-04,29.163406,29.841625,28.176907,28.238564,21.911367,8856868
1998-11-05,28.238564,29.779968,27.560345,29.779968,23.107405,7149316
1998-11-06,29.779968,30.211563,29.410030,29.841625,23.155243,6080081
1998-11-09,29.841625,30.211563,28.916780,29.163406,22.628988,4961581
1998-11-10,28.978437,28.978437,28.300219,28.485188,22.102736,6488799
1998-11-11,28.485188,28.916780,28.423531,28.485188,22.102736,4389762
1998-11-12,28.423531,28.423531,27.745314,28.176907,21.863527,4226457
1998-11-13,28.176907,28.978437,27.868626,28.731813,22.294100,4343335
1998-11-16,28.731813,29.410030,28.485188,28.670156,22.246256,5096503
1998-11-17,28.670156,28.855125,28.176907,28.670156,22.246256,4968069
1998-11-18,28.670156,28.731813,27.868626,28.608500,22.198420,5498429
1998-11-19,28.485188,28.485188,27.745314,27.930281,21.672161,7066396
1998-11-20,27.930281,28.300219,27.745314,28.115250,21.815687,6147694
1998-11-23,28.238564,29.101749,28.238564,29.101749,22.581146,6934009
1998-11-24,29.101749,30.458187,29.101749,29.410030,22.820356,10319818
1998-11-25,29.410030,30.519844,29.225063,30.519844,23.681505,6414597
1998-11-27,30.519844,31.691313,30.396530,31.444689,24.399120,4406285
1998-11-30,31.444689,32.677814,31.136406,31.752970,24.638329,9382565
1998-12-01,31.568001,31.568001,30.704813,31.074751,24.112074,6401115
1998-12-02,31.013094,31.013094,30.273218,30.766468,23.872864,4635682
1998-12-03,30.766468,31.506344,30.396530,30.458187,23.633661,4584491
1998-12-04,30.828125,31.321375,30.828125,30.951439,24.016390,3950735
1998-12-07,30.951439,31.506344,30.458187,30.704813,23.825027,4522352
1998-12-08,30.889782,31.937939,30.889782,31.568001,24.494802,6073492
1998-12-09,31.629656,33.294376,31.629656,33.109406,25.690836,7120020
1998-12-10,33.109406,33.232719,31.814625,31.999594,24.829697,5613887
1998-12-11,31.629656,31.629656,31.013094,31.568001,24.494802,4688495
1998-12-14,31.074751,31.074751,29.718313,30.211563,23.442293,5453117
1998-12-15,30.273218,30.951439,30.273218,30.334875,23.537973,5426559
1998-12-16,30.334875,31.013094,30.149906,30.334875,23.537973,4314040
1998-12-17,30.334875,30.766468,30.334875,30.458187,23.633661,3645616
1998-12-18,30.458187,30.519844,29.656656,30.396530,23.585817,6264774
1998-12-21,30.396530,30.951439,29.903280,30.581499,23.729340,5878155
1998-12-22,30.581499,32.246220,29.533344,29.533344,22.916039,6811961
1998-12-23,29.779968,30.581499,29.779968,30.519844,23.681505,5933198
1998-12-24,30.519844,30.581499,30.088249,30.149906,23.394449,1826761
1998-12-28,30.149906,30.581499,29.841625,30.026594,23.298773,4666498
1998-12-29,30.026594,30.273218,29.841625,30.026594,23.298773,4543943
1998-12-30,30.026594,30.088249,29.348375,29.471687,22.868198,5159250
1998-12-31,29.471687,29.718313,29.163406,29.594999,22.963879,5652509
1999-01-04,29.594999,30.273218,28.855125,29.163406,22.628988,7202331
1999-01-05,29.286718,30.211563,29.286718,30.149906,23.394449,6304105
1999-01-06,30.149906,30.581499,29.348375,30.519844,23.681505,10613178
1999-01-07,30.519844,31.321375,29.594999,31.321375,24.303442,11116168
1999-01-08,31.383032,32.369530,31.383032,32.122906,24.925377,10824531
1999-01-11,32.616158,35.020748,32.616158,34.774124,26.982555,17532083
1999-01-12,36.685471,38.165218,36.685471,37.487000,29.087582,21560568
1999-01-13,36.870438,36.870438,33.910938,35.637314,27.652340,15802940
1999-01-14,35.637314,36.747124,35.329033,35.575657,27.604496,7615408
1999-01-15,35.575657,36.192219,35.144062,35.514000,27.556650,6611455
1999-01-19,35.514000,36.130562,35.329033,36.007252,27.939388,7123974
1999-01-20,36.007252,36.438843,35.390690,35.514000,27.556650,7527015
1999-01-21,35.514000,35.514000,33.664314,34.095905,26.456305,7556716
1999-01-22,34.095905,34.095905,33.541000,33.664314,26.121416,5121845
1999-01-25,33.664314,34.527500,33.602657,34.465843,26.743355,4172225
1999-01-26,34.465843,34.897438,33.725967,34.095905,26.456305,5751445
1999-01-27,33.910938,33.910938,32.246220,32.492844,25.212420,11783984
1999-01-28,32.862782,33.910938,32.862782,33.047749,25.642998,12280487
1999-01-29,33.047749,33.541000,32.554501,32.554501,25.260271,8984896
1999-02-01,32.801125,33.479343,32.801125,33.232719,25.786522,6276837
1999-02-02,33.232719,33.232719,32.369530,32.924438,25.547314,6066295
1999-02-03,32.924438,33.417686,32.801125,33.171062,25.738686,6680892
1999-02-04,33.171062,33.602657,32.554501,32.677814,25.355951,5898936
1999-02-05,33.109406,34.219219,33.109406,33.787624,26.217093,7460720
1999-02-08,33.787624,33.787624,33.356030,33.541000,26.025730,4882615
1999-02-09,33.541000,34.157562,32.986095,33.047749,25.642998,5849772
1999-02-10,33.047749,33.725967,32.862782,33.602657,26.073572,6145261
1999-02-11,33.602657,35.020748,33.356030,34.712467,26.934717,6629498
1999-02-12,34.712467,35.082405,34.095905,34.959095,27.126083,6739280
1999-02-16,34.959095,35.514000,34.157562,34.589157,26.839039,5063761
1999-02-17,34.589157,34.774124,34.095905,34.404186,26.695509,4530867
1999-02-18,34.404186,34.404186,33.787624,34.034248,26.408457,4893259
1999-02-19,34.034248,34.034248,33.541000,33.664314,26.121416,3218044
1999-02-22,33.664314,34.650814,33.664314,34.404186,26.695509,5518398
1999-02-23,34.404186,35.020748,34.404186,34.404186,26.695509,5029701
1999-02-24,34.465843,35.514000,34.465843,34.589157,26.839039,6243183
1999-02-25,34.589157,34.774124,33.602657,34.034248,26.408457,5410644
1999-02-26,34.034248,35.205719,33.602657,34.712467,26.934717,5842473
1999-03-01,34.712467,34.774124,34.095905,34.342529,26.647671,4673188
1999-03-02,34.342529,34.712467,33.602657,33.725967,26.169252,4392296
1999-03-03,33.910938,34.650814,33.910938,34.034248,26.408457,5005170
1999-03-04,34.095905,34.835781,34.095905,34.712467,26.934717,5182970
1999-03-05,35.082405,35.514000,35.082405,35.329033,27.413134,5303092
1999-03-08,35.452343,36.192219,35.452343,35.945595,27.891548,6134313
1999-03-09,35.329033,35.329033,33.849281,34.219219,26.551985,8409934
1999-03-10,34.219219,34.589157,33.910938,34.034248,26.408457,5652610
1999-03-11,34.034248,34.465843,33.664314,34.219219,26.551985,5428789
1999-03-12,35.144062,35.945595,35.144062,35.575657,27.604496,8854536
1999-03-15,35.575657,36.068905,34.650814,35.390690,27.460976,5638723
1999-03-16,35.390690,35.945595,34.589157,34.589157,26.839039,4256462
1999-03-17,34.589157,35.082405,34.034248,34.034248,26.408457,4275418
1999-03-18,34.219219,35.205719,34.219219,34.959095,27.126083,5382970
1999-03-19,34.959095,35.329033,34.404186,34.589157,26.839039,5641156
1999-03-22,34.527500,34.527500,33.787624,33.910938,26.312782,4398784
1999-03-23,33.725967,33.725967,32.369530,32.739468,25.403793,9925697
1999-03-24,32.739468,32.801125,32.184563,32.739468,25.403793,6107856
1999-03-25,32.739468,33.171062,32.431187,32.924438,25.547314,8044602
1999-03-26,32.924438,32.924438,32.307877,32.492844,25.212420,5628789
1999-03-29,32.492844,32.739468,32.307877,32.616158,25.308113,6406994
1999-03-30,32.616158,32.616158,31.876282,32.369530,25.116741,6013583
1999-03-31,32.369530,32.616158,30.643156,30.704813,23.825027,10713837
1999-04-01,30.704813,31.383032,30.581499,31.074751,24.112074,5878966
1999-04-05,31.074751,31.814625,30.951439,31.074751,24.112074,5977902
1999-04-06,31.074751,31.321375,30.149906,30.211563,23.442293,7775469
1999-04-07,30.211563,32.986095,30.088249,32.431187,25.164581,12208616
1999-04-08,32.554501,33.602657,32.554501,33.602657,26.073572,13021794
1999-04-09,33.602657,34.342529,33.356030,34.034248,26.408457,7632134
1999-04-12,34.280876,35.514000,34.280876,34.959095,27.126083,9849062
1999-04-13,34.959095,35.452343,33.910938,34.280876,26.599827,6486366
1999-04-14,34.280876,34.959095,33.294376,34.527500,26.791191,7041865
1999-04-15,34.527500,34.774124,33.171062,33.602657,26.073572,4856260
1999-04-16,33.602657,33.787624,32.801125,32.924438,25.547314,4386113
1999-04-19,32.924438,33.417686,31.629656,31.999594,24.829697,6368981
1999-04-20,31.999594,32.677814,31.814625,32.616158,25.308113,4415813
1999-04-21,32.616158,33.047749,31.691313,32.986095,25.595160,5260720
1999-04-22,32.986095,33.294376,32.492844,32.986095,25.595160,4403041
1999-04-23,32.986095,34.527500,32.122906,34.034248,26.408457,5986619
1999-04-26,34.095905,34.774124,34.095905,34.527500,26.791191,5938368
1999-04-27,33.849281,33.849281,31.999594,32.061249,24.877539,11117790
1999-04-28,32.061249,32.061249,30.766468,32.061249,24.877539,11748606
1999-04-29,31.629656,31.629656,29.779968,29.964937,23.250925,10038317
1999-04-30,29.964937,31.321375,29.718313,31.321375,24.303442,7895286
1999-05-03,31.198063,31.198063,30.273218,30.828125,23.920710,6436189
1999-05-04,30.704813,30.704813,29.718313,30.334875,23.537973,6048860
1999-05-05,29.964937,29.964937,29.163406,29.656656,23.011724,9723163
1999-05-06,29.656656,30.211563,29.163406,29.471687,22.868198,7867511
1999-05-07,29.471687,30.088249,29.471687,29.594999,22.963879,5128839
1999-05-10,29.594999,30.149906,29.286718,29.348375,22.772514,7526001
1999-05-11,29.348375,29.471687,28.731813,29.040094,22.533304,10835884
1999-05-12,29.040094,29.225063,28.115250,28.793468,22.341946,9728637
1999-05-13,28.855125,29.471687,28.855125,28.978437,22.485466,8128434
1999-05-14,28.978437,29.163406,28.546844,28.978437,22.485466,7843284
1999-05-17,28.978437,28.978437,28.485188,28.608500,22.198420,6411455
1999-05-18,28.608500,29.286718,28.423531,29.163406,22.628988,8897719
1999-05-19,29.163406,29.779968,28.978437,29.533344,22.916039,9021490
1999-05-20,29.533344,29.656656,29.225063,29.410030,22.820356,5400912
1999-05-21,29.410030,29.533344,28.916780,29.101749,22.581146,4757020
1999-05-24,29.163406,29.656656,29.163406,29.471687,22.868198,5753675
1999-05-25,29.471687,30.026594,29.348375,29.471687,22.868198,7103599
1999-05-26,29.471687,30.026594,29.348375,29.594999,22.963879,6228485
1999-05-27,29.471687,29.471687,29.101749,29.225063,22.676832,4587126
1999-05-28,29.225063,29.225063,28.546844,28.731813,22.294100,5253624
1999-06-01,28.731813,28.855125,28.238564,28.423531,22.054888,4340091
1999-06-02,28.423531,28.855125,28.300219,28.731813,22.294100,4256868
1999-06-03,28.731813,29.286718,28.361876,28.608500,22.198420,5969589
1999-06-04,28.608500,30.458187,28.608500,30.211563,23.442293,11034465
1999-06-07,30.211563,30.828125,29.903280,30.458187,23.633661,5602838
1999-06-08,30.334875,30.334875,28.793468,29.225063,22.676832,8163609
1999-06-09,29.225063,29.471687,28.793468,29.040094,22.533304,4195236
1999-06-10,29.040094,29.225063,28.731813,28.978437,22.485466,4225241
1999-06-11,28.978437,29.286718,28.176907,28.485188,22.102736,5662848
1999-06-14,28.485188,28.793468,28.238564,28.608500,22.198420,3638419
1999-06-15,28.608500,29.286718,28.608500,28.855125,22.389782,4021794
1999-06-16,28.855125,29.286718,28.855125,28.978437,22.485466,3936341
1999-06-17,28.978437,29.964937,28.855125,29.594999,22.963879,4829802
1999-06-18,29.594999,30.211563,29.594999,30.088249,23.346609,7236290
1999-06-21,30.149906,30.519844,30.149906,30.334875,23.537973,5691333
1999-06-22,30.273218,30.273218,29.533344,29.718313,23.059563,4097719
1999-06-23,29.718313,29.718313,28.978437,29.163406,22.628988,4626052
1999-06-24,29.163406,29.656656,29.040094,29.163406,22.628988,4062544
1999-06-25,29.163406,29.533344,29.163406,29.286718,22.724672,4083933
1999-06-28,29.286718,29.410030,28.855125,28.916780,22.437626,3448860
1999-06-29,28.916780,29.718313,28.793468,29.718313,23.059563,5077243
1999-06-30,29.718313,30.458187,28.731813,30.396530,23.585817,9638925
1999-07-01,29.533344,29.533344,28.546844,28.608500,22.198420,13131272
1999-07-02,28.485188,28.485188,27.745314,27.930281,21.672161,11733198
1999-07-06,27.930281,27.930281,27.437031,27.560345,21.385109,10930258
1999-07-07,27.560345,28.361876,27.560345,27.683657,21.480793,11952255
1999-07-08,27.683657,27.683657,27.313719,27.437031,21.289431,10489002
1999-07-09,27.437031,27.498688,26.943781,27.252064,21.145908,11071870
1999-07-12,27.313719,27.991938,27.313719,27.437031,21.289431,15562494
1999-07-13,27.437031,27.683657,26.943781,27.190407,21.098064,10635884
1999-07-14,27.190407,27.683657,27.067095,27.128750,21.050226,10211759
1999-07-15,27.252064,27.930281,27.252064,27.745314,21.528641,8829397
1999-07-16,27.745314,27.930281,27.252064,27.622000,21.432955,8367055
1999-07-19,27.622000,27.806969,27.190407,27.437031,21.289431,7571211
1999-07-20,27.437031,27.437031,27.005438,27.005438,20.954540,7146072
1999-07-21,27.005438,27.437031,26.635500,26.820469,20.811020,9746579
1999-07-22,26.820469,27.128750,26.450531,26.635500,20.667496,8839331
1999-07-23,26.635500,26.758814,26.327219,26.450531,20.523968,6091536
1999-07-26,26.573845,27.190407,26.573845,27.128750,21.050226,11979321
1999-07-27,27.313719,27.930281,27.313719,27.868626,21.624319,11460517
1999-07-28,27.930281,28.361876,27.930281,27.991938,21.720007,7861632
1999-07-29,27.991938,27.991938,27.252064,27.375376,21.241590,4804967
1999-07-30,27.375376,27.683657,27.005438,27.190407,21.098064,4535327
1999-08-02,27.190407,27.498688,26.820469,26.820469,20.811020,3526812
1999-08-03,26.820469,27.067095,26.080593,26.450531,20.523968,7458388
1999-08-04,26.450531,26.573845,25.649000,25.649000,19.902031,6697821
1999-08-05,25.649000,26.142250,25.464031,25.525688,19.806349,6486569
1999-08-06,25.525688,25.833969,25.155750,25.155750,19.519299,4979017
1999-08-09,25.155750,25.772312,24.847469,25.402374,19.710669,4907045
1999-08-10,25.402374,25.772312,24.909124,25.279062,19.614979,4683629
1999-08-11,25.340719,25.772312,25.340719,25.525688,19.806349,4508971
1999-08-12,25.525688,26.018938,25.525688,25.772312,19.997711,5058996
1999-08-13,26.265562,26.882126,26.265562,26.820469,20.811020,5957425
1999-08-16,27.190407,27.622000,27.190407,27.560345,21.385109,6130360
1999-08-17,27.683657,28.115250,27.683657,28.115250,21.815687,10972124
1999-08-18,28.115250,28.916780,28.115250,28.793468,22.341946,11616422
1999-08-19,28.793468,28.978437,28.423531,28.978437,22.485466,10024126
1999-08-20,29.101749,29.594999,29.101749,29.471687,22.868198,10076635
1999-08-23,29.471687,29.779968,29.225063,29.594999,22.963879,6506842
1999-08-24,29.594999,29.718313,29.286718,29.410030,22.820356,6310390
1999-08-25,29.410030,29.594999,28.793468,29.471687,22.868198,5390877
1999-08-26,29.471687,29.533344,28.916780,29.101749,22.581146,4937354
1999-08-27,29.101749,29.225063,28.546844,28.731813,22.294100,4028586
1999-08-30,28.731813,28.916780,27.991938,28.115250,21.815687,3990877
1999-08-31,28.115250,28.115250,27.128750,27.375376,21.241590,5141713
1999-09-01,27.375376,27.683657,26.820469,27.683657,21.480793,4681196
1999-09-02,27.437031,27.437031,26.943781,27.375376,21.241590,3193817
1999-09-03,27.375376,27.868626,27.313719,27.560345,21.385109,3627471
1999-09-07,27.560345,28.485188,27.375376,28.300219,21.959209,5803041
1999-09-08,28.300219,29.225063,28.115250,28.670156,22.246256,6246832
1999-09-09,28.670156,29.040094,28.115250,28.361876,22.007051,4403649
1999-09-10,28.238564,28.238564,27.437031,27.498688,21.337271,4536645
1999-09-13,27.498688,27.806969,27.252064,27.683657,21.480793,4150228
1999-09-14,27.560345,27.560345,27.252064,27.560345,21.385109,4420274
1999-09-15,27.560345,27.806969,27.128750,27.128750,21.050226,3824835
1999-09-16,27.128750,27.498688,27.005438,27.128750,21.050226,3153979
1999-09-17,27.313719,27.991938,27.313719,27.868626,21.624319,4870552
1999-09-20,27.868626,28.115250,27.745314,27.806969,21.576479,2907552
1999-09-21,27.806969,27.930281,27.190407,27.313719,21.193747,4851597
1999-09-22,27.313719,27.498688,27.005438,27.005438,20.954540,4022909
1999-09-23,27.005438,27.190407,26.265562,26.265562,20.380445,5826761
1999-09-24,26.265562,26.327219,25.649000,25.957281,20.141235,4149823
1999-09-27,25.957281,26.080593,25.649000,25.772312,19.997711,5171617
1999-09-28,25.772312,26.882126,25.710655,26.080593,20.236917,7632337
1999-09-29,26.080593,26.265562,25.587343,25.833969,20.045551,5410644
1999-09-30,25.833969,25.833969,24.785812,25.649000,19.902031,9113533
1999-10-01,25.279062,25.279062,24.785812,25.032438,19.423609,6437912
1999-10-04,25.032438,25.340719,24.909124,25.279062,19.614979,3825950
1999-10-05,25.279062,25.649000,24.539188,24.600843,19.088722,6879270
1999-10-06,24.724155,25.525688,24.724155,25.279062,19.614979,5543132
1999-10-07,25.279062,25.772312,25.155750,25.279062,19.655634,6315357
1999-10-08,25.279062,25.279062,24.847469,24.970781,19.415932,4945666
1999-10-11,24.970781,25.340719,24.785812,24.909124,19.367987,5027065
1999-10-12,24.909124,24.970781,24.662500,24.662500,19.176226,4593107
1999-10-13,24.662500,24.724155,24.107594,24.292562,18.888590,5526711
1999-10-14,24.292562,24.724155,23.799313,24.600843,19.128288,6043487
1999-10-15,24.600843,24.662500,23.737656,23.799313,18.505060,5443690
1999-10-18,23.799313,23.922625,23.059439,23.306063,18.121536,6138469
1999-10-19,23.552689,24.415874,23.552689,23.676001,18.409180,6525900
1999-10-20,24.045938,24.724155,24.045938,24.539188,19.080347,6251292
1999-10-21,24.477531,24.477531,24.045938,24.292562,18.888590,5361987
1999-10-22,24.292562,25.710655,24.045938,25.710655,19.991219,7136239
1999-10-25,25.402374,25.402374,24.970781,25.279062,19.655634,4375773
1999-10-26,25.279062,26.080593,24.909124,24.909124,19.367987,6694780
1999-10-27,24.909124,25.217405,24.662500,25.155750,19.559753,5153675
1999-10-28,25.155750,25.957281,25.032438,25.895624,20.135040,7708059
1999-10-29,25.895624,27.498688,25.895624,26.142250,20.326803,7237202
1999-11-01,25.710655,25.710655,24.600843,25.340719,19.703577,7583477
1999-11-02,25.340719,26.080593,25.155750,26.080593,20.278862,6238925
1999-11-03,26.327219,27.005438,26.327219,26.512188,20.614445,8194323
1999-11-04,26.512188,28.608500,25.649000,26.142250,20.326803,13488292
1999-11-05,25.155750,25.155750,23.737656,23.984282,18.648882,26156918
1999-11-08,23.922625,23.922625,23.059439,23.182751,18.025654,14214192
1999-11-09,23.182751,23.799313,23.182751,23.306063,18.121536,14064876
1999-11-10,23.306063,23.860970,23.182751,23.552689,18.313301,11318094
1999-11-11,23.552689,24.045938,23.121094,23.984282,18.648882,9717892
1999-11-12,23.984282,25.710655,23.737656,24.724155,19.391668,10982767
1999-11-15,25.155750,26.265562,25.155750,25.525688,20.020323,15232134
1999-11-16,25.525688,25.895624,25.464031,25.772312,20.213757,11689812
1999-11-17,25.772312,26.018938,25.155750,25.649000,20.117039,10153877
1999-11-18,25.649000,26.820469,25.649000,26.758814,20.987494,11385707
1999-11-19,26.758814,26.820469,26.265562,26.388874,20.697342,6556412
1999-11-22,26.388874,26.882126,26.142250,26.882126,21.084208,6704004
1999-11-23,26.882126,26.943781,26.327219,26.635500,20.890774,7786721
1999-11-24,26.820469,28.300219,26.820469,27.868626,21.857935,10516371
1999-11-26,27.868626,28.300219,26.882126,27.190407,21.326000,4462848
1999-11-29,27.498688,28.546844,27.498688,28.053595,22.003014,9891333
1999-11-30,28.053595,28.546844,27.313719,27.498688,21.567789,8681906
1999-12-01,27.498688,27.806969,27.190407,27.622000,21.664505,7078763
1999-12-02,27.622000,27.745314,27.128750,27.483273,21.555700,8513127
1999-12-03,27.483273,28.546844,27.375376,27.868626,21.857935,10160264
1999-12-06,27.868626,27.868626,27.313719,27.437031,21.519430,5914546
1999-12-07,27.437031,27.683657,27.067095,27.128750,21.277641,8211455
1999-12-08,27.128750,27.622000,26.758814,26.882126,21.084208,9951343
1999-12-09,26.943781,27.560345,26.943781,27.252064,21.374353,11963102
1999-12-10,27.375376,28.053595,27.375376,27.668242,21.700775,11103903
1999-12-13,27.498688,27.498688,27.005438,27.252064,21.374353,8864470
1999-12-14,27.252064,28.361876,26.943781,28.115250,22.051373,8450482
1999-12-15,28.115250,28.978437,27.498688,28.485188,22.341520,10540497
1999-12-16,27.930281,27.930281,27.437031,27.622000,21.664505,6309377
1999-12-17,27.622000,27.991938,27.375376,27.868626,21.857935,11927724
1999-12-20,27.868626,28.361876,27.498688,27.760727,21.773312,6946072
1999-12-21,27.991938,28.793468,27.991938,28.053595,22.003014,7117486
1999-12-22,28.053595,28.670156,27.745314,28.608500,22.438238,5293259
1999-12-23,28.608500,28.978437,28.485188,28.731813,22.534954,4758743
1999-12-27,28.731813,29.594999,28.731813,28.916780,22.680027,8225342
1999-12-28,28.916780,29.348375,28.423531,28.608500,22.438238,4179321
1999-12-29,28.608500,28.855125,28.176907,28.238564,22.148087,4097212
1999-12-30,28.423531,28.978437,28.423531,28.731813,22.534954,4359554
1999-12-31,28.731813,28.978437,28.423531,28.855125,22.631670,2946072
2000-01-03,28.855125,29.533344,28.361876,29.471687,23.115248,8402230
2000-01-04,29.594999,31.444689,29.594999,31.198063,24.469286,16051191
2000-01-05,31.198063,32.677814,31.198063,32.492844,25.484806,19823822
2000-01-06,32.492844,32.677814,31.198063,31.198063,24.469286,7903193
2000-01-07,31.198063,31.691313,30.396530,30.704813,24.082424,6773543
2000-01-10,33.541000,35.452343,33.541000,35.390690,27.757647,33965839
2000-01-11,35.390690,36.253876,34.774124,35.760624,28.047792,20134820
2000-01-12,35.452343,35.452343,32.862782,33.232719,26.065109,13100963
2000-01-13,33.356030,34.527500,33.356030,34.342529,26.935556,8732387
2000-01-14,34.342529,34.527500,32.986095,33.109406,25.968390,8151546
2000-01-18,33.109406,34.342529,32.616158,34.034248,26.693766,8101774
2000-01-19,34.034248,34.465843,33.602657,34.280876,26.887192,6551343
2000-01-20,34.280876,34.959095,32.986095,33.171062,26.016750,7212063
2000-01-21,33.171062,33.171062,32.246220,32.307877,25.339735,8284136
2000-01-24,32.307877,33.541000,31.937939,32.862782,25.774961,8343031
2000-01-25,36.007252,37.487000,36.007252,36.993752,29.014965,29911201
2000-01-26,36.932095,36.932095,35.883938,36.130562,28.337952,10400710
2000-01-27,36.130562,37.117062,36.130562,36.623814,28.724815,9818449
2000-01-28,36.623814,36.993752,35.945595,36.253876,28.434664,7500963
2000-01-31,35.945595,35.945595,35.329033,35.822281,28.096157,7909072
2000-02-01,35.822281,35.945595,35.452343,35.514000,27.854368,7237202
2000-02-02,35.514000,37.487000,35.329033,36.747124,28.821526,9411353
2000-02-03,37.055405,37.980251,37.055405,37.363689,29.305113,10908160
2000-02-04,37.363689,37.733624,36.500500,37.610313,29.498554,6272985
2000-02-07,37.610313,37.918594,37.055405,37.487000,29.401825,6153573
2000-02-08,37.425343,37.425343,36.500500,37.055405,29.063320,5780233
2000-02-09,37.055405,38.473499,36.623814,37.178719,29.160040,6158338
2000-02-10,37.178719,37.363689,36.377190,36.438843,28.579735,5675925
2000-02-11,36.438843,38.103561,36.315533,37.363689,29.305113,7247035
2000-02-14,36.870438,36.870438,36.130562,36.500500,28.628094,5201622
2000-02-15,36.500500,36.685471,34.897438,36.377190,28.531382,7082717
2000-02-16,36.377190,36.747124,36.068905,36.438843,28.579735,4475215
2000-02-17,36.377190,36.377190,35.205719,36.007252,28.241236,4756310
2000-02-18,35.883938,35.883938,34.835781,35.020748,27.467495,6493867
2000-02-22,34.959095,34.959095,32.184563,32.924438,25.823318,12744146
2000-02-23,32.924438,34.157562,32.184563,33.664314,26.403620,8371718
2000-02-24,33.602657,33.602657,31.999594,32.739468,25.678244,8338672
2000-02-25,32.616158,32.616158,30.581499,30.581499,23.985703,8440649
2000-02-28,31.568001,32.492844,31.568001,32.307877,25.339735,7943639
2000-02-29,32.307877,33.541000,31.814625,33.541000,26.306898,5506437
2000-03-01,33.541000,34.280876,32.739468,34.219219,26.838840,7250380
2000-03-02,34.157562,34.157562,33.356030,34.034248,26.693766,6588241
2000-03-03,34.404186,36.007252,34.404186,36.007252,28.241236,14559757
2000-03-06,36.007252,36.253876,35.082405,35.514000,27.854368,7341004
2000-03-07,35.514000,35.883938,34.959095,35.514000,27.854368,7588140
2000-03-08,35.452343,35.452343,34.404186,34.465843,27.032278,6294577
2000-03-09,34.465843,35.760624,34.157562,35.760624,28.047792,5623011
2000-03-10,35.267376,35.267376,34.219219,34.650814,27.177349,7061936
2000-03-13,34.650814,35.020748,32.554501,34.465843,27.032278,5247440
2000-03-14,34.280876,34.280876,33.356030,33.664314,26.403620,5589559
2000-03-15,33.664314,34.465843,33.171062,34.342529,26.935556,6642980
2000-03-16,34.342529,35.020748,33.294376,34.835781,27.322424,8335124
2000-03-17,34.835781,36.438843,34.095905,36.315533,28.483021,8753675
2000-03-20,37.178719,38.966751,37.178719,38.905094,30.514074,16985606
2000-03-21,38.905094,39.521656,38.103561,38.658470,30.320633,13362088
2000-03-22,39.213375,40.878094,39.213375,39.953251,31.336163,13725900
2000-03-23,39.953251,41.371346,39.275032,41.001408,32.158245,8163811
2000-03-24,41.001408,41.186375,40.508156,40.878094,32.061539,6630411
2000-03-27,40.878094,41.617970,39.459999,41.186375,32.303318,5797669
2000-03-28,41.186375,41.926250,40.076565,40.384846,31.674664,7592600
2000-03-29,40.384846,40.631470,39.706627,40.261532,31.577951,5162494
2000-03-30,40.261532,40.446499,39.213375,39.706627,31.142733,5418652
2000-03-31,39.706627,40.939751,39.706627,40.693127,31.916456,5358236
2000-04-03,40.693127,41.309689,40.508156,41.248032,32.351685,4870654
2000-04-04,41.248032,41.371346,37.856937,40.569813,31.819746,7049975
2000-04-05,40.199875,40.199875,38.720123,39.459999,30.949293,5140193
2000-04-06,39.459999,40.693127,39.459999,39.891594,31.287806,3615509
2000-04-07,39.953251,40.816437,39.953251,40.446499,31.723028,3298023
2000-04-10,40.446499,40.816437,39.706627,40.754780,31.964815,3665585
2000-04-11,41.186375,41.926250,41.186375,41.926250,32.883625,6923365
2000-04-12,41.926250,43.036064,39.459999,39.521656,30.997648,8414293
2000-04-13,39.521656,40.199875,38.720123,38.720123,30.368998,5078459
2000-04-14,38.720123,38.966751,37.178719,38.350189,30.078846,8248251
2000-04-17,38.226875,38.226875,36.562157,38.226875,29.982122,6537253
2000-04-18,38.226875,39.213375,37.487000,38.966751,30.562424,4275520
2000-04-19,39.459999,40.939751,39.459999,40.384846,31.674664,8579219
2000-04-20,40.384846,41.926250,40.261532,41.679626,32.690197,5438824
2000-04-24,40.878094,40.878094,39.583313,39.706627,31.142733,3844197
2000-04-25,39.706627,40.014908,39.151718,39.953251,31.336163,3749417
2000-04-26,40.199875,41.926250,40.199875,41.802937,32.786907,6002636
2000-04-27,41.679626,41.679626,40.323189,41.063065,32.206615,4674810
2000-04-28,41.679626,43.036064,41.679626,43.036064,33.754074,11731272
2000-05-01,43.036064,43.282688,41.432999,41.432999,32.496765,8919209
2000-05-02,41.432999,42.481155,39.768280,42.419498,33.270485,9296604
2000-05-03,41.432999,41.432999,39.090061,40.693127,31.916456,6513735
2000-05-04,40.693127,41.371346,38.843437,39.151718,30.707500,7127420
2000-05-05,39.151718,39.891594,38.720123,39.028404,30.610781,3471363
2000-05-08,39.028404,40.569813,39.028404,40.014908,31.384516,3582261
2000-05-09,40.014908,41.063065,39.213375,40.199875,31.529594,3407096
2000-05-10,40.199875,41.186375,39.953251,40.508156,31.771372,6369894
2000-05-11,40.508156,40.816437,40.014908,40.569813,31.819746,3334516
2000-05-12,40.569813,40.816437,39.521656,40.261532,31.577951,3104612
2000-05-15,40.261532,40.569813,39.644970,40.261532,31.577951,3892043
2000-05-16,40.693127,42.049564,40.693127,41.617970,32.641838,5938773
2000-05-17,41.617970,42.296188,41.494656,41.679626,32.690197,4089812
2000-05-18,41.679626,42.234531,40.446499,40.631470,31.868101,4393614
2000-05-19,40.631470,40.693127,39.213375,40.508156,31.771372,4461328
2000-05-22,40.508156,40.939751,39.459999,40.323189,31.626308,4200507
2000-05-23,40.138218,40.138218,39.213375,39.521656,30.997648,4224430
2000-05-24,39.521656,40.261532,37.671970,38.781780,30.417343,4405879
2000-05-25,38.781780,39.891594,38.535156,39.275032,30.804228,3919007
2000-05-26,39.275032,39.644970,38.720123,39.336689,30.852579,3368170
2000-05-30,40.076565,41.432999,40.076565,41.309689,32.400040,7346782
2000-05-31,41.309689,41.864594,41.063065,41.617970,32.641838,5180943
2000-06-01,41.617970,41.987907,40.569813,41.186375,32.303318,3898530
2000-06-02,41.186375,41.432999,39.706627,39.891594,31.287806,5836898
2000-06-05,39.891594,40.446499,39.459999,40.076565,31.432877,4218956
2000-06-06,40.076565,41.001408,39.891594,40.323189,31.626308,3841967
2000-06-07,40.323189,40.384846,39.583313,39.644970,31.094364,3373644
2000-06-08,39.644970,40.569813,39.583313,39.891594,31.287806,3073391
2000-06-09,39.953251,41.432999,39.953251,41.001408,32.158245,4017537
2000-06-12,41.001408,41.124718,39.829937,40.169048,31.505409,3474506
2000-06-13,40.169048,40.939751,39.644970,39.644970,31.094364,5000405
2000-06-14,39.891594,40.508156,39.891594,40.199875,31.529594,2941105
2000-06-15,40.323189,41.432999,40.323189,41.432999,32.496765,4222200
2000-06-16,41.432999,41.679626,40.508156,40.631470,31.868101,4973543
2000-06-19,40.631470,41.432999,40.569813,41.371346,32.448399,2712012
2000-06-20,41.371346,41.494656,41.001408,41.186375,32.303318,3295895
2000-06-21,41.186375,41.494656,40.939751,41.186375,32.303318,2932286
2000-06-22,41.186375,41.248032,40.508156,40.939751,32.109898,2864369
2000-06-23,40.754780,40.754780,38.843437,39.090061,30.659138,5519108
2000-06-26,39.090061,39.953251,39.028404,39.953251,31.336163,3821997
2000-06-27,39.953251,39.953251,39.028404,39.459999,30.949293,3376787
2000-06-28,39.459999,39.644970,38.103561,38.627640,30.296455,3165332
2000-06-29,38.627640,39.583313,37.548656,38.966751,30.562424,4801723
2000-06-30,38.905094,38.905094,37.240376,38.288532,30.030491,6610542
2000-07-03,38.165218,38.165218,37.487000,38.041904,29.837053,2323568
2000-07-05,38.041904,38.350189,37.363689,37.548656,29.450190,4211353
2000-07-06,37.548656,38.658470,36.932095,36.993752,29.014965,3873087
2000-07-07,36.993752,37.610313,36.007252,37.487000,29.401825,9323974
2000-07-10,37.487000,37.918594,36.932095,37.302032,29.256752,4125190
2000-07-11,37.240376,37.240376,35.514000,35.514000,27.854368,3834972
2000-07-12,35.575657,37.610313,35.575657,35.575657,27.902719,4153269
2000-07-13,35.760624,37.178719,35.760624,36.623814,28.724815,5091232
2000-07-14,36.623814,36.993752,35.760624,36.932095,28.966600,4110492
2000-07-17,36.932095,36.932095,35.637314,36.068905,28.289583,4453928
2000-07-18,35.698971,35.698971,34.897438,35.267376,27.660921,4697415
2000-07-19,35.945595,37.055405,35.945595,36.500500,28.628094,5997669
2000-07-20,36.993752,38.781780,36.993752,38.103561,29.885412,5472884
2000-07-21,38.103561,38.165218,36.685471,36.932095,28.966600,3783376
2000-07-24,36.747124,36.747124,36.068905,36.130562,28.337952,2980639
2000-07-25,36.130562,37.117062,35.822281,36.993752,29.014965,3741409
2000-07-26,36.993752,37.733624,36.562157,37.548656,29.450190,4708971
2000-07-27,37.548656,37.980251,37.055405,37.487000,29.401825,2734009
2000-07-28,37.487000,37.671970,36.685471,37.363689,29.305113,2513229
2000-07-31,37.487000,38.226875,37.487000,38.041904,29.837053,4192296
2000-08-01,38.473499,39.768280,38.473499,38.966751,30.562424,8352357
2000-08-02,39.028404,39.644970,39.028404,39.583313,31.046015,4612063
2000-08-03,39.583313,42.419498,38.905094,41.926250,32.883625,4451698
2000-08-04,41.926250,42.234531,40.384846,41.864594,32.835262,14958844
2000-08-07,41.432999,41.432999,40.014908,40.508156,31.771372,6137658
2000-08-08,40.816437,41.556313,40.816437,40.816437,32.013180,5025139
2000-08-09,40.816437,41.186375,39.768280,40.138218,31.481234,3653827
2000-08-10,40.138218,40.199875,39.028404,39.953251,31.336163,3669437
2000-08-11,39.953251,40.816437,39.829937,40.076565,31.432877,4936645
2000-08-14,40.076565,40.446499,39.829937,40.384846,31.674664,2838216
2000-08-15,40.384846,40.569813,39.459999,39.953251,31.336163,2917182
2000-08-16,39.829937,39.829937,38.720123,39.336689,30.852579,2645920
2000-08-17,39.336689,39.644970,38.781780,39.644970,31.094364,2357223
2000-08-18,39.459999,39.459999,38.226875,38.596813,30.272276,4544957
2000-08-21,38.596813,38.720123,37.610313,37.918594,29.740339,3069032
2000-08-22,37.918594,37.918594,37.178719,37.425343,29.353470,3705220
2000-08-23,37.425343,37.856937,36.932095,36.932095,28.966600,3304714
2000-08-24,37.117062,37.856937,37.117062,37.363689,29.305113,5504410
2000-08-25,37.487000,37.856937,37.487000,37.610313,29.498554,2227572
2000-08-28,37.610313,37.918594,37.240376,37.548656,29.450190,3043284
2000-08-29,37.548656,37.980251,37.117062,37.918594,29.740339,3609427
2000-08-30,37.918594,38.350189,37.610313,37.856937,29.691978,3230613
2000-08-31,37.856937,39.275032,37.795280,38.427258,30.139294,4498327
2000-09-01,38.427258,38.843437,37.610313,38.473499,30.175570,1997263
2000-09-05,38.473499,38.905094,38.041904,38.103561,29.885412,3262240
2000-09-06,38.288532,39.459999,38.288532,39.459999,30.949293,4412468
2000-09-07,39.459999,40.939751,39.090061,40.939751,32.109898,4183781
2000-09-08,40.138218,40.138218,39.151718,39.706627,31.142733,3328434
2000-09-11,39.644970,39.644970,38.658470,39.398342,30.900934,2501064
2000-09-12,39.213375,39.213375,38.041904,38.103561,29.885412,3294982
2000-09-13,38.288532,39.459999,38.288532,39.459999,30.949293,3564521
2000-09-14,38.905094,38.905094,37.980251,38.843437,30.465710,3105220
2000-09-15,38.843437,39.275032,38.288532,38.658470,30.320633,5008008
2000-09-18,38.535156,38.535156,37.487000,37.918594,29.740339,2673594
2000-09-19,37.918594,37.980251,36.993752,37.795280,29.643612,3023619
2000-09-20,37.795280,37.918594,36.500500,36.685471,28.773169,4411049
2000-09-21,36.685471,37.240376,36.500500,36.623814,28.724815,3111505
2000-09-22,36.623814,37.302032,36.315533,36.932095,28.966600,3798885
2000-09-25,36.932095,37.610313,36.808781,37.055405,29.063320,2627471
2000-09-26,37.055405,37.671970,36.993752,37.178719,29.160040,3172428
2000-09-27,37.178719,37.856937,36.993752,37.055405,29.063320,2633958
2000-09-28,37.240376,38.905094,37.240376,38.288532,30.030491,4137557
2000-09-29,38.288532,38.658470,37.425343,37.733624,29.595264,4846021
2000-10-02,37.980251,39.336689,37.980251,38.966751,30.562424,3629904
2000-10-03,38.966751,39.583313,38.720123,38.781780,30.417343,4723568
2000-10-04,39.090061,39.644970,39.090061,39.336689,30.852579,4143639
2000-10-05,39.459999,40.939751,39.459999,40.693127,31.916456,5604257
2000-10-06,40.693127,40.754780,39.336689,40.138218,31.481234,4213178
2000-10-09,40.138218,40.508156,40.014908,40.384846,31.674664,3032742
2000-10-10,40.569813,41.371346,40.569813,40.816437,32.013180,4949518
2000-10-11,40.816437,41.001408,39.521656,39.768280,31.191084,5266396
2000-10-12,39.706627,39.706627,38.226875,38.473499,30.175570,5238925
2000-10-13,38.473499,39.521656,37.548656,39.213375,30.755854,5812570
2000-10-16,38.596813,38.596813,36.993752,37.733624,29.595264,5116168
2000-10-17,37.363689,37.363689,33.787624,34.959095,27.419138,8387937
2000-10-18,34.959095,35.452343,33.047749,35.020748,27.467495,9473492
2000-10-19,35.020748,35.514000,33.972595,34.465843,27.032278,5555601
2000-10-20,34.465843,36.685471,33.849281,35.883938,28.144505,6058794
2000-10-23,35.883938,36.192219,35.267376,35.698971,27.999439,3605778
2000-10-24,35.698971,36.315533,35.082405,35.698971,27.999439,4140091
2000-10-25,35.205719,35.205719,33.849281,34.342529,26.935556,3745261
2000-10-26,34.342529,35.020748,34.095905,34.650814,27.177349,5493462
2000-10-27,34.342529,34.342529,33.417686,33.849281,26.548689,4566650
2000-10-30,33.849281,35.822281,33.356030,34.404186,26.983913,4315560
2000-10-31,34.404186,35.390690,33.602657,35.329033,27.709290,5288799
2000-11-01,35.329033,36.500500,34.342529,36.130562,28.337952,5135935
2000-11-02,36.130562,37.117062,36.130562,36.808781,28.869890,4406386
2000-11-03,36.808781,37.733624,36.500500,37.548656,29.450190,4422504
2000-11-06,37.548656,37.610313,36.500500,36.808781,28.869890,2929448
2000-11-07,36.685471,36.685471,36.007252,36.623814,28.724815,2616929
2000-11-08,36.623814,37.487000,36.315533,36.377190,28.531382,3870046
2000-11-09,33.047749,33.047749,30.396530,30.704813,24.082424,25795236
2000-11-10,30.766468,31.752970,30.766468,31.259720,24.517647,13461632
2000-11-13,30.889782,30.889782,29.594999,30.026594,23.550476,11857577
2000-11-14,30.211563,31.321375,30.211563,30.519844,23.937346,7006994
2000-11-15,30.704813,32.061249,30.704813,31.383032,24.614363,6091130
2000-11-16,31.383032,31.691313,29.964937,30.458187,23.888981,4125900
2000-11-17,30.458187,30.766468,29.286718,29.779968,23.357038,6240345
2000-11-20,29.779968,30.088249,29.163406,29.471687,23.115248,4915661
2000-11-21,29.101749,29.101749,28.176907,28.978437,22.728386,5934921
2000-11-22,28.916780,28.916780,28.115250,28.670156,22.486599,4973847
2000-11-24,28.670156,29.533344,28.176907,29.348375,23.018536,3157121
2000-11-27,29.348375,30.149906,29.225063,29.533344,23.163609,4937557
2000-11-28,29.533344,30.026594,29.163406,29.471687,23.115248,4968069
2000-11-29,29.471687,29.471687,27.991938,28.423531,22.293163,5100456
2000-11-30,28.423531,28.793468,27.498688,28.546844,22.389881,5963507
2000-12-01,28.731813,30.334875,28.731813,29.594999,23.211969,5580030
2000-12-04,29.471687,29.471687,28.793468,29.040094,22.776745,4151951
2000-12-05,29.040094,30.704813,28.670156,30.273218,23.743914,5057577
2000-12-06,30.704813,31.568001,30.704813,31.013094,24.491810,5313431
2000-12-07,31.013094,31.013094,29.656656,30.211563,23.858816,4134110
2000-12-08,30.211563,30.889782,30.026594,30.519844,24.102282,2896300
2000-12-11,30.519844,30.643156,29.841625,29.964937,23.664061,3238317
2000-12-12,29.964937,30.149906,29.348375,29.903280,23.615364,5851698
2000-12-13,29.903280,30.273218,29.225063,29.348375,23.177143,5113837
2000-12-14,29.348375,29.471687,28.238564,28.608500,22.592842,7113026
2000-12-15,28.608500,29.348375,27.868626,28.978437,22.884989,9256665
2000-12-18,28.978437,29.533344,28.423531,28.916780,22.836300,5140598
2000-12-19,28.916780,29.225063,28.670156,28.731813,22.690231,5936239
2000-12-20,27.375376,27.375376,26.450531,26.697157,21.083406,9131779
2000-12-21,26.697157,27.313719,26.142250,27.313719,21.570322,6423720
2000-12-22,27.067095,27.067095,25.649000,26.080593,20.596491,7755398
2000-12-26,26.388874,26.758814,26.388874,26.573845,20.986025,4882818
2000-12-27,26.573845,28.176907,26.573845,27.930281,22.057238,8588343
2000-12-28,27.930281,28.485188,27.252064,28.361876,22.398077,4713735
2000-12-29,28.361876,28.731813,28.053595,28.546844,22.544153,4627876
2001-01-02,28.053595,28.053595,27.252064,27.560345,21.765089,6545261
2001-01-03,27.622000,30.951439,27.622000,30.643156,24.199659,10278966
2001-01-04,30.643156,32.986095,30.458187,31.506344,24.881346,10500253
2001-01-05,31.506344,32.184563,30.889782,31.074751,24.540506,6497415
2001-01-08,31.074751,31.136406,29.163406,29.718313,23.469292,5067005
2001-01-09,29.718313,30.581499,29.471687,29.718313,23.469292,4768779
2001-01-10,29.718313,30.149906,29.471687,29.964937,23.664061,3361987
2001-01-11,29.964937,30.951439,28.916780,29.101749,22.982376,5959655
2001-01-12,29.348375,31.444689,29.348375,31.136406,24.589190,8352762
2001-01-16,31.383032,32.801125,31.383032,32.616158,25.757792,6504714
2001-01-17,32.616158,33.541000,32.122906,32.924438,26.001245,6341814
2001-01-18,32.924438,32.986095,31.629656,32.677814,25.806482,4830309
2001-01-19,32.677814,32.986095,31.937939,32.246220,25.465641,5077750
2001-01-22,30.889782,30.889782,30.088249,30.704813,24.248356,6229295
2001-01-23,30.704813,30.828125,29.471687,29.594999,23.371906,8182869
2001-01-24,29.594999,30.643156,29.471687,30.088249,23.761440,8365940
2001-01-25,30.088249,30.334875,29.594999,29.656656,23.420599,5866295
2001-01-26,29.533344,29.533344,28.916780,29.410030,23.225834,9084947
2001-01-29,29.170805,30.581499,29.170805,30.403931,24.010736,5214901
2001-01-30,30.403931,30.877451,29.545675,30.482849,24.073067,4832337
2001-01-31,30.482849,30.502581,29.920546,30.038925,23.722486,5115560
2001-02-01,30.038925,31.272051,29.851490,31.074751,24.540506,5894881
2001-02-02,30.828125,30.828125,30.137575,30.334875,23.956202,5300558
2001-02-05,30.334875,30.384199,29.407564,30.019196,23.706907,6053827
2001-02-06,30.581499,31.666651,30.581499,31.183266,24.626200,9262240
2001-02-07,31.183266,32.406525,30.581499,30.581499,24.150969,8180233
2001-02-08,30.660419,32.061249,30.660419,31.696245,25.031313,7135530
2001-02-09,31.696245,31.696245,30.828125,31.518675,24.891081,4971313
2001-02-12,31.518675,32.534771,31.439754,32.071114,25.327354,5408008
2001-02-13,32.071114,32.455849,30.877451,31.074751,24.540506,6161683
2001-02-14,31.074751,31.479216,30.334875,30.729475,24.267830,5477750
2001-02-15,30.828125,32.061249,30.828125,31.972466,25.249453,4727826
2001-02-16,31.972466,32.524906,30.828125,31.577866,24.937826,4744045
2001-02-20,31.577866,31.666651,30.709745,30.729475,24.267830,4908059
2001-02-21,30.729475,31.568001,30.680149,31.084616,24.548296,3858591
2001-02-22,31.084616,31.272051,30.186899,30.581499,24.150969,6011252
2001-02-23,30.581499,30.601231,29.200399,29.890949,23.605627,5774658
2001-02-26,29.890949,30.976101,29.496349,30.976101,24.462601,4354790
2001-02-27,30.699881,30.699881,29.703514,30.334875,23.956202,3988951
2001-02-28,30.334875,30.818260,29.851490,30.532175,24.112017,3658794
2001-03-01,30.532175,30.581499,29.516081,29.930410,23.636791,6341814
2001-03-02,29.792299,29.792299,28.292820,29.585135,23.364120,6720324
2001-03-05,29.585135,29.594999,28.904449,29.131346,23.005749,4323467
2001-03-06,29.131346,29.496349,28.707150,29.328646,23.161560,7374861
2001-03-07,29.496349,29.989599,29.496349,29.575270,23.356321,6147694
2001-03-08,29.575270,29.960005,29.348375,29.447025,23.255049,4975672
2001-03-09,29.447025,29.762705,29.003099,29.318781,23.153774,3593614
2001-03-12,28.993235,28.993235,26.635500,27.138615,21.432037,7217942
2001-03-13,27.138615,27.799570,26.556580,27.641729,21.829359,8567055
2001-03-14,27.641729,27.671326,25.944950,26.724285,21.104834,6014698
2001-03-15,26.724285,27.740379,26.635500,27.622000,21.813782,5260112
2001-03-16,27.612135,27.612135,26.694691,27.148479,21.439825,8240953
2001-03-19,27.148479,27.819300,26.941315,27.631865,21.821571,3868525
2001-03-20,27.631865,27.848894,26.280359,26.546715,20.964602,4354384
2001-03-21,26.546715,27.523350,26.112656,27.010370,21.330763,7496300
2001-03-22,27.010370,27.128750,25.708191,26.605906,21.011343,9117385
2001-03-23,26.605906,27.612135,26.191574,27.444429,21.673552,7512519
2001-03-26,27.444429,28.115250,26.882126,27.543079,21.751457,5301064
2001-03-27,27.543079,29.358240,27.503620,28.805799,22.748655,8221085
2001-03-28,28.125114,28.125114,27.118885,27.977140,22.094242,9149316
2001-03-29,27.977140,28.085655,26.980776,27.720650,21.891684,3528941
2001-03-30,27.720650,28.460526,27.256994,28.213900,22.281219,3837202
2001-04-02,28.213900,28.578905,27.513485,27.592405,21.790409,3988748
2001-04-03,27.355644,27.355644,26.112656,26.734150,21.112623,7319615
2001-04-04,26.734150,27.128750,26.487526,26.734150,21.112623,6380335
2001-04-05,26.803205,27.908085,26.803205,27.700920,21.876101,5383984
2001-04-06,27.700920,28.105385,27.197805,28.105385,22.195518,4025038
2001-04-09,28.105385,28.509850,27.671326,28.213900,22.281219,3349721
2001-04-10,28.273090,29.239861,28.273090,28.855125,22.787609,4737253
2001-04-11,28.855125,28.855125,27.937679,28.243496,22.304592,4505220
2001-04-12,28.243496,28.795935,27.819300,28.697285,22.662956,3113026
2001-04-16,28.697285,29.249725,28.519714,28.766340,22.717493,3461733
2001-04-17,28.766340,29.594999,28.440796,29.594999,23.371906,5099848
2001-04-18,29.594999,31.548269,29.299049,31.469351,24.852131,7604257
2001-04-19,31.469351,31.568001,30.788666,31.449619,24.836548,5263457
2001-04-20,31.242455,31.242455,30.098116,30.936640,24.431433,5262646
2001-04-23,30.936640,30.936640,29.496349,29.624596,23.395275,5707146
2001-04-24,29.585135,29.585135,28.194170,28.194170,22.265644,6281196
2001-04-25,28.460526,30.522310,28.460526,30.394066,24.002949,9158236
2001-04-26,30.581499,31.538404,30.581499,31.094481,24.556082,6729143
2001-04-27,31.094481,31.469351,30.088249,30.512445,24.096434,4785200
2001-04-30,30.512445,31.025425,29.841625,29.841625,23.566677,3923974
2001-05-01,29.871220,31.074751,29.871220,30.137575,23.800392,4180436
2001-05-02,30.285549,31.420025,30.285549,30.828125,24.345737,3778104
2001-05-03,30.828125,30.976101,30.157305,30.542040,24.119806,4089610
2001-05-04,30.542040,30.581499,29.890949,30.492716,24.080854,2957831
2001-05-07,30.492716,30.749205,29.940275,30.571634,24.143177,3060720
2001-05-08,30.561769,30.561769,29.950140,30.147440,23.808184,2678966
2001-05-09,29.920546,29.920546,29.447025,29.447025,23.255049,3529954
2001-05-10,29.821896,30.828125,29.821896,30.660419,24.213295,5179321
2001-05-11,30.660419,31.272051,30.453255,30.847855,24.361320,4334820
2001-05-14,30.847855,31.252319,30.334875,30.532175,24.112017,2824227
2001-05-15,30.532175,30.976101,30.147440,30.680149,24.228872,4712114
2001-05-16,30.680149,32.061249,29.890949,31.627190,24.976778,7950431
2001-05-17,31.627190,32.801125,31.568001,32.071114,25.327354,9518702
2001-05-18,32.071114,32.238819,31.686380,32.159901,25.397476,8055550
2001-05-21,33.047749,34.142765,33.047749,33.817219,26.706297,10705018
2001-05-22,33.817219,34.330200,33.205589,34.034248,26.877693,6933908
2001-05-23,33.896141,33.896141,32.653149,32.663013,25.794790,6140598
2001-05-24,32.663013,33.471947,32.653149,32.850449,25.942818,6037304
2001-05-25,32.564365,32.564365,31.725840,32.199360,25.428635,6429498
2001-05-29,32.199360,32.406525,31.568001,32.179630,25.413054,4457577
2001-05-30,32.011925,32.011925,31.222725,31.350969,24.758638,5693969
2001-05-31,31.350969,31.617325,30.916910,31.193130,24.633991,5025748
2001-06-01,31.193130,31.370701,30.768934,31.291780,24.711899,3542119
2001-06-04,31.291780,31.321375,30.788666,31.193130,24.633991,2927015
2001-06-05,31.193130,31.202995,30.709745,30.926775,24.423643,3700862
2001-06-06,30.936640,31.449619,30.936640,31.173401,24.618410,4085150
2001-06-07,31.173401,31.972466,31.114210,31.715975,25.046894,4908971
2001-06-08,31.715975,31.814625,30.966234,31.420025,24.813177,2948606
2001-06-11,31.321375,31.321375,30.650555,31.084616,24.548296,3151647
2001-06-12,31.084616,31.301645,30.265820,31.064884,24.532713,3523467
2001-06-13,31.005695,31.005695,30.088249,30.384199,23.995159,3502484
2001-06-14,30.384199,30.403931,29.249725,29.456890,23.262842,4397871
2001-06-15,29.397699,29.397699,28.864990,29.299049,23.138191,6663153
2001-06-18,29.151075,29.151075,28.509850,28.638096,22.616217,6174861
2001-06-19,28.638096,29.200399,28.450661,28.460526,22.475981,5340699
2001-06-20,28.460526,29.141211,27.917950,28.855125,22.787609,6074404
2001-06-21,28.855125,29.881084,28.549311,29.693649,23.449812,4577293
2001-06-22,29.594999,29.594999,28.361876,28.795935,22.740868,6095793
2001-06-25,28.795935,28.795935,27.908085,28.598635,22.585052,5969589
2001-06-26,28.588770,28.588770,27.572676,27.868626,22.008549,6466802
2001-06-27,27.868626,27.987005,26.980776,27.769976,21.930637,8033249
2001-06-28,27.769976,28.499985,27.720650,27.957411,22.078663,5153066
2001-06-29,27.957411,28.598635,27.385241,28.499985,22.507143,5453725
2001-07-02,28.499985,28.628229,27.691055,28.352011,22.390291,4309681
2001-07-03,28.342146,28.342146,27.868626,27.967276,22.086451,2848860
2001-07-05,27.967276,28.282955,27.720650,27.809435,21.961802,3558439
2001-07-06,27.740379,27.740379,26.901855,27.335915,21.587852,4528738
2001-07-09,27.335915,27.769976,27.039965,27.316185,21.572271,3619970
2001-07-10,27.316185,27.424700,26.645365,26.734150,21.112623,4019361
2001-07-11,26.734150,27.819300,26.734150,27.622000,21.813782,8325596
2001-07-12,27.622000,27.710785,26.448065,27.247129,21.517735,7298023
2001-07-13,27.247129,27.917950,27.158344,27.809435,21.961802,8039027
2001-07-16,27.809435,28.233629,27.109020,27.227400,21.502159,5782159
2001-07-17,27.227400,27.917950,27.049829,27.917950,22.047501,5351140
2001-07-18,27.375376,27.375376,26.536850,26.645365,21.042507,5845717
2001-07-19,26.645365,27.375376,26.408606,26.783476,21.151577,6124278
2001-07-20,26.783476,27.030100,26.467794,26.635500,21.034716,4467410
2001-07-23,26.635500,26.911720,26.398741,26.517120,20.941225,4679878
2001-07-24,26.517120,26.517120,25.678595,25.796974,20.372511,5225849
2001-07-25,25.796974,26.290224,25.718056,26.112656,20.621807,6284947
2001-07-26,26.112656,26.734150,25.944950,26.536850,20.956810,9371820
2001-07-27,26.536850,26.980776,26.467794,26.665094,21.058088,4067816
2001-07-30,26.901855,27.030100,26.043600,26.240900,20.723091,6548099
2001-07-31,26.260630,26.477659,25.826571,25.994274,20.528326,7955195
2001-08-01,26.191574,26.497391,25.905491,26.309956,20.777624,6647846
2001-08-02,26.684826,26.803205,26.043600,26.142250,20.645185,7907653
2001-08-03,26.734150,27.128750,26.240900,26.240900,20.723091,9633452
2001-08-06,26.339550,26.655230,26.260630,26.467794,20.902277,5336949
2001-08-07,26.467794,27.276726,26.398741,26.931450,21.268436,6086974
2001-08-08,26.901855,27.020235,26.448065,26.655230,21.050297,5405474
2001-08-09,26.655230,27.602270,26.438200,26.872259,21.221691,5464369
2001-08-10,26.684826,27.148479,26.507256,27.030100,21.346342,4685555
2001-08-13,27.030100,27.217535,26.783476,26.872259,21.221691,3521237
2001-08-14,26.872259,27.109020,26.645365,26.714420,21.097044,3733806
2001-08-15,26.635500,26.911720,26.201441,26.260630,20.738672,4947795
2001-08-16,26.142250,26.191574,25.796974,26.092924,20.606230,7465585
2001-08-17,26.092924,26.339550,24.761150,25.303724,19.982981,6877141
2001-08-20,25.353050,25.629271,25.155750,25.550350,20.177748,4232438
2001-08-21,25.629271,25.984409,25.303724,25.451700,20.099840,4127015
2001-08-22,25.451700,26.033735,25.274130,25.757515,20.341347,3579219
2001-08-23,25.550350,25.954815,25.530621,25.796974,20.372511,2965737
2001-08-24,25.816706,26.487526,25.698324,26.290224,20.762043,3809934
2001-08-27,26.438200,26.566444,26.033735,26.043600,20.567278,3276229
2001-08-28,26.043600,26.270494,25.303724,25.412239,20.068678,3233857
2001-08-29,25.530621,25.530621,25.007774,25.066965,19.796001,3424633
2001-08-30,25.017639,25.303724,24.090330,24.297495,19.188332,5244703
2001-08-31,24.228439,25.175480,24.228439,25.086695,19.811588,4093969
2001-09-04,24.761150,25.698324,24.662500,25.362915,20.029726,5390167
2001-09-05,25.116289,25.491159,24.761150,25.017639,19.757050,4705626
2001-09-06,24.682230,25.057100,23.902895,24.159386,19.079268,6541206
2001-09-07,23.774651,24.070601,22.837475,23.784515,18.783228,8813583
2001-09-10,23.182751,23.666136,22.936125,23.261669,18.370317,7357628
2001-09-17,18.743500,20.716499,18.595526,18.990126,14.996975,46866396
2001-09-18,19.720135,19.730000,17.510374,18.151600,14.334769,23455449
2001-09-19,18.003626,18.447550,16.583065,18.250250,14.412676,25406386
2001-09-20,17.658350,18.082544,15.290750,16.750771,13.228502,61903294
2001-09-21,16.277250,17.954300,15.803730,17.628756,13.921866,44317993
2001-09-24,17.757000,18.250250,17.273615,17.658350,13.945239,24310086
2001-09-25,17.648485,17.717541,17.017124,17.224291,13.602450,16898327
2001-09-26,17.658350,17.668215,17.066450,17.204559,13.586870,14167359
2001-09-27,17.017124,17.549835,16.898745,17.313074,13.672566,7822605
2001-09-28,17.757000,18.546200,17.520241,18.368629,14.506164,12816320
2001-10-01,18.368629,18.664579,17.776730,17.776730,14.038725,7872174
2001-10-02,17.904976,18.743500,17.855650,18.743500,14.802205,9593208
2001-10-03,18.743500,19.779325,18.260115,19.641214,15.511155,13098226
2001-10-04,19.710270,19.956896,19.039450,19.039450,15.035927,13177699
2001-10-05,19.473511,19.483376,18.556065,18.940800,14.958016,9441967
2001-10-08,18.940800,19.049314,18.161465,18.457415,14.576276,6043994
2001-10-09,18.299576,18.842150,18.250250,18.842150,14.880113,6613178
2001-10-10,18.546200,19.217020,18.388359,19.039450,15.035927,6645920
2001-10-11,19.335400,20.213385,19.295940,19.582026,15.464414,13604663
2001-10-12,19.138100,19.621485,18.842150,19.345264,15.277439,8587228
2001-10-15,18.812555,19.118370,18.644850,18.891476,14.919065,5495489
2001-10-16,19.138100,19.325535,18.595526,18.901340,14.926853,6478662
2001-10-17,19.473511,19.631350,18.161465,18.250250,14.412676,9042169
2001-10-18,18.250250,18.269979,17.569565,17.658350,13.945239,6889002
2001-10-19,17.757000,18.240385,17.658350,18.240385,14.404888,6913127
2001-10-22,18.013491,18.408091,17.865515,18.299576,14.451630,8643386
2001-10-23,18.595526,18.694176,18.151600,18.269979,14.428257,6825646
2001-10-24,18.299576,18.595526,18.102276,18.191059,14.365932,5263457
2001-10-25,17.786594,18.842150,17.757000,18.763229,14.817788,9178206
2001-10-26,18.496876,19.128235,18.289709,18.457415,14.576276,5991080
2001-10-29,18.447550,18.546200,17.904976,18.003626,14.217907,5995337
2001-10-30,18.102276,18.546200,17.766865,17.914841,14.147796,7849671
2001-10-31,18.200926,18.694176,18.052950,18.339035,14.482792,5916776
2001-11-01,18.388359,18.832285,18.210791,18.575794,14.669767,5531678
2001-11-02,18.792826,18.842150,18.447550,18.615255,14.700928,6930563
2001-11-05,18.990126,19.236750,18.743500,18.901340,14.926853,7297922
2001-11-06,18.398226,18.496876,18.102276,18.496876,14.607440,11325494
2001-11-07,18.250250,18.329170,18.033220,18.210791,14.381512,9948201
2001-11-08,18.447550,19.286076,18.299576,18.585661,14.677556,8400203
2001-11-09,17.954300,18.842150,17.806326,18.694176,14.763257,11350329
2001-11-12,18.743500,18.743500,17.954300,18.457415,14.576276,16017841
2001-11-13,18.694176,19.217020,18.654715,18.842150,14.880113,11777395
2001-11-14,19.286076,19.582026,18.792826,19.059179,15.051509,15731069
2001-11-15,18.990126,20.114735,18.743500,20.025949,15.814992,14154384
2001-11-16,20.223249,21.061775,20.124599,20.479740,16.173357,13948708
2001-11-19,20.963125,21.328131,20.736231,21.209749,16.749866,17443183
2001-11-20,21.160425,21.614216,20.963125,20.982855,16.570681,11897415
2001-11-21,20.992720,21.032181,20.134464,20.568525,16.243475,6352560
2001-11-23,20.963125,21.002584,20.568525,20.716499,16.360334,2975063
2001-11-26,20.864475,21.209749,20.726364,21.101234,16.664169,5084643
2001-11-27,20.716499,21.012449,20.519199,20.785555,16.414869,7919919
2001-11-28,20.716499,20.716499,19.887840,19.937164,15.744876,6045819
2001-11-29,20.183790,20.213385,19.483376,19.986490,15.783831,7255651
2001-11-30,20.242979,20.469875,19.877975,20.193655,15.947432,6914648
2001-12-03,20.193655,20.193655,19.532700,19.700405,15.557899,7022605
2001-12-04,19.828650,19.877975,19.236750,19.730000,15.581272,8421591
2001-12-05,20.223249,21.604349,20.104870,21.357725,17.045706,13074202
2001-12-06,21.604349,22.314631,21.209749,22.235710,17.746431,12057881
2001-12-07,22.196251,22.590851,21.890434,22.048275,17.596840,8546680
2001-12-10,21.702999,22.048275,21.012449,21.337996,17.029957,7548099
2001-12-11,21.446510,22.344225,21.357725,22.097601,17.636206,10316371
2001-12-12,22.097601,22.285034,21.712866,21.939760,17.510233,7320628
2001-12-13,21.702999,21.870705,21.012449,21.308399,17.006340,8161581
2001-12-14,21.012449,21.199884,20.095005,20.686905,16.510317,9191485
2001-12-17,20.963125,21.002584,20.351496,20.509335,16.368603,6157425
2001-12-18,20.716499,20.943396,20.420549,20.686905,16.510317,12772022
2001-12-19,20.617849,20.617849,20.134464,20.420549,16.297747,9295895
2001-12-20,20.430414,20.667175,20.233114,20.272575,16.179642,6937760
2001-12-21,20.469875,20.509335,20.223249,20.400820,16.281994,12465890
2001-12-24,20.667175,20.667175,20.164061,20.371225,16.258377,2785200
2001-12-26,20.223249,20.509335,20.223249,20.321899,16.219006,4271668
2001-12-27,20.469875,20.716499,20.282440,20.716499,16.533943,6157527
2001-12-28,20.716499,20.864475,20.529064,20.667175,16.494576,7469742
2001-12-31,20.667175,20.963125,20.272575,20.440281,16.313492,7562696
2002-01-02,20.617849,21.219616,20.548796,21.160425,16.888239,8711404
2002-01-03,21.801649,21.900299,21.604349,21.821381,17.415752,12440750
2002-01-04,22.176519,22.442875,21.920031,22.393551,17.872400,9727927
2002-01-07,22.640175,23.281401,22.502066,22.936125,18.305437,13697719
2002-01-08,22.936125,22.936125,22.344225,22.482334,17.943264,6347086
2002-01-09,22.561255,22.580984,21.357725,21.505699,17.163803,9389458
2002-01-10,21.920031,22.077869,21.308399,21.989084,17.549597,6213887
2002-01-11,21.555025,22.038410,21.436646,21.574755,17.218918,5681906
2002-01-14,21.268940,21.505699,20.913799,21.081505,16.825256,6433654
2002-01-15,21.160425,21.328131,20.894070,21.190020,16.911863,7068525
2002-01-16,21.190020,21.209749,20.223249,20.223249,16.140274,6977091
2002-01-17,20.568525,21.051910,20.479740,20.953260,16.722900,6574962
2002-01-18,20.913799,21.022314,20.716499,20.913799,16.691404,5676432
2002-01-22,21.111099,21.190020,20.706635,20.825014,16.620546,5556918
2002-01-23,20.775690,21.209749,20.529064,21.120964,16.856747,7454435
2002-01-24,21.407049,21.614216,20.519199,20.913799,16.691404,7931678
2002-01-25,21.160425,21.604349,20.963125,21.485970,17.148060,5595438
2002-01-28,22.294901,22.294901,21.505699,21.841110,17.431498,5216320
2002-01-29,21.880569,21.939760,20.736231,21.456375,17.124441,7704105
2002-01-30,20.963125,21.456375,19.749729,21.111099,16.848877,10943740
2002-01-31,21.111099,21.949625,20.519199,20.775690,16.581181,10336847
2002-02-01,22.146925,22.294901,21.555025,22.146925,17.675571,15985707
2002-02-04,22.156790,22.156790,21.357725,21.387320,17.069326,7700355
2002-02-05,21.209749,21.683270,21.160425,21.505699,17.163803,6495489
2002-02-06,21.357725,21.850975,20.913799,21.130831,16.864620,6953573
2002-02-07,21.337996,22.285034,21.239346,22.245575,17.754305,10490725
2002-02-08,22.245575,23.271536,22.028545,23.103830,18.439281,10158236
2002-02-11,22.945990,23.715460,22.798016,23.626675,18.856567,7725900
2002-02-12,23.182751,23.380051,22.837475,23.084101,18.423536,9804359
2002-02-13,22.936125,23.676001,22.758554,23.547754,18.793579,7262038
2002-02-14,23.676001,24.060736,23.626675,23.912760,19.084892,6929346
2002-02-15,23.863436,23.971951,23.439240,23.577351,18.817202,6691232
2002-02-19,23.380051,23.567486,22.541525,22.551390,17.998377,7596351
2002-02-20,22.886801,24.110060,22.738825,24.001545,19.155756,10832438
2002-02-21,23.774651,24.021275,23.251804,23.409645,18.683352,6379625
2002-02-22,23.172886,23.922625,22.955854,23.350454,18.636114,4360973
2002-02-25,23.597080,24.070601,23.508295,23.893030,19.069143,6487988
2002-02-26,24.139654,24.267900,23.261669,23.567486,18.809322,6648657
2002-02-27,23.725325,24.169250,23.676001,23.922625,19.092766,7924785
2002-02-28,23.429375,23.439240,22.551390,22.689501,18.108603,15552357
2002-03-01,22.640175,23.676001,22.492201,23.666136,18.888058,9413482
2002-03-04,23.676001,23.676001,22.936125,23.241940,18.549507,9676736
2002-03-05,23.182751,23.932489,23.123560,23.715460,18.927427,11560872
2002-03-06,23.676001,23.833839,23.468836,23.823975,19.014036,9077141
2002-03-07,23.823975,23.823975,23.232075,23.439240,18.706976,7984693
2002-03-08,23.676001,23.774651,23.044640,23.429375,18.699102,10421896
2002-03-11,23.281401,23.754919,23.182751,23.597080,18.832951,3669843
2002-03-12,23.498430,23.646404,23.123560,23.389915,18.667608,5884440
2002-03-13,23.389915,23.577351,23.034775,23.153154,18.478647,4123264
2002-03-14,23.074236,23.232075,22.867069,23.182751,18.502266,5966143
2002-03-15,23.646404,24.070601,23.478701,23.991680,19.147881,11480588
2002-03-18,24.149521,24.662500,23.863436,24.179115,19.297474,7752154
2002-03-19,24.583580,24.583580,23.636539,23.971951,19.132130,7498936
2002-03-20,23.823975,24.050871,23.498430,23.676001,18.895939,5090928
2002-03-21,23.676001,23.774651,22.867069,23.310995,18.604624,4549012
2002-03-22,23.330725,23.419510,22.945990,23.133425,18.462906,4039838
2002-03-25,23.380051,23.380051,22.738825,22.886801,18.266068,4639838
2002-03-26,22.738825,23.330725,22.344225,22.551390,17.998377,7751140
2002-03-27,22.462605,22.738825,22.344225,22.580984,18.021994,5331374
2002-03-28,22.837475,22.965719,22.551390,22.768419,18.171593,6052306
2002-04-01,22.344225,22.679634,21.801649,22.590851,18.029871,6293563
2002-04-02,22.492201,22.590851,22.196251,22.452740,17.919643,4508566
2002-04-03,22.452740,22.482334,21.900299,22.137060,17.667700,5709782
2002-04-04,22.137060,22.472469,21.949625,22.255440,17.762177,5067917
2002-04-05,22.403416,23.301130,22.206116,22.926260,18.297562,8132387
2002-04-08,22.442875,22.867069,22.423145,22.807880,18.203083,5160872
2002-04-09,22.886801,23.153154,22.709230,22.758554,18.163712,4568677
2002-04-10,23.133425,23.912760,22.936125,23.725325,18.935303,10192904
2002-04-11,23.577351,23.764786,22.955854,23.153154,18.478647,7707146
2002-04-12,23.163019,23.725325,23.084101,23.676001,18.895939,4891637
2002-04-15,23.676001,23.676001,23.123560,23.320860,18.612494,4155195
2002-04-16,23.774651,23.814110,23.449104,23.577351,18.817202,5324480
2002-04-17,23.676001,23.922625,23.478701,23.784515,18.982540,6612671
2002-04-18,23.804245,24.139654,22.936125,24.070601,19.210861,11072377
2002-04-19,24.415874,24.830206,24.415874,24.613174,19.643900,16929143
2002-04-22,24.662500,24.800610,24.149521,24.208710,19.321089,5922960
2002-04-23,24.356686,24.761150,23.971951,24.169250,19.289598,5510086
2002-04-24,24.366550,24.662500,24.169250,24.188980,19.305344,6497010
2002-04-25,23.922625,24.810474,23.360319,24.662500,19.683264,9200710
2002-04-26,24.169250,24.534254,23.449104,23.774651,18.974667,11017233
2002-04-29,23.577351,23.666136,22.472469,22.709230,18.124348,6548606
2002-04-30,22.709230,23.182751,22.442875,22.867069,18.250324,7835580
2002-05-01,23.113695,23.971951,22.699366,23.843704,19.029778,8371515
2002-05-02,24.119925,24.366550,23.458969,23.705595,18.919550,5764116
2002-05-03,23.478701,23.636539,22.788151,23.281401,18.581001,4675621
2002-05-06,23.054504,23.261669,22.580984,22.580984,18.021994,4016523
2002-05-07,22.590851,23.015045,22.472469,22.580984,18.021994,5323061
2002-05-08,22.689501,23.577351,22.640175,23.508295,18.762087,6028789
2002-05-09,23.281401,23.478701,22.945990,23.232075,18.541632,4736036
2002-05-10,23.232075,23.232075,22.738825,22.837475,18.226700,5033147
2002-05-13,23.133425,23.281401,22.945990,23.133425,18.462906,3536543
2002-05-14,23.676001,24.159386,23.478701,24.070601,19.210861,6098327
2002-05-15,23.774651,24.642771,23.764786,24.169250,19.289598,6484339
2002-05-16,24.317225,24.386280,23.962086,24.198845,19.313219,4484440
2002-05-17,23.971951,24.534254,23.971951,24.514524,19.565161,4386214
2002-05-20,24.267900,24.317225,23.833839,24.100195,19.234488,3584693
2002-05-21,24.149521,24.198845,23.222210,23.518160,18.769958,5971515
2002-05-22,23.429375,23.478701,22.758554,23.133425,18.462906,6117182
2002-05-23,23.380051,23.508295,22.985451,23.508295,18.762087,6812772
2002-05-24,23.626675,23.656269,23.044640,23.241940,18.549507,3359047
2002-05-28,23.478701,23.577351,23.143290,23.222210,18.533766,4680385
2002-05-29,23.232075,23.330725,22.541525,22.738825,18.147968,6389863
2002-05-30,22.442875,22.985451,22.294901,22.916395,18.289690,5042980
2002-05-31,22.689501,23.103830,22.492201,22.600716,18.037741,5917486
2002-06-03,22.689501,23.044640,21.998949,22.196251,17.714935,7060517
2002-06-04,21.949625,22.146925,21.693134,21.939760,17.510233,9560365
2002-06-05,21.939760,22.363955,21.732595,21.821381,17.415752,6857679
2002-06-06,22.097601,22.097601,21.249210,21.407049,17.085072,5631728
2002-06-07,20.963125,21.525431,20.815149,21.357725,17.045706,7702585
2002-06-10,21.456375,21.989084,21.259075,21.683270,17.305521,5431424
2002-06-11,21.702999,22.068005,21.180155,21.288670,16.990593,6667309
2002-06-12,21.249210,21.357725,19.730000,20.864475,16.652042,11379524
2002-06-13,20.716499,20.894070,20.509335,20.755960,16.565435,6980030
2002-06-14,20.223249,20.913799,19.434050,20.746096,16.557564,6869235
2002-06-17,20.716499,21.485970,20.568525,21.239346,16.951231,5371110
2002-06-18,21.456375,21.890434,21.229481,21.653675,17.281906,5546984
2002-06-19,20.963125,21.160425,20.469875,20.578390,16.423712,8544653
2002-06-20,20.469875,20.479740,19.226885,19.295940,15.400187,11775570
2002-06-21,19.039450,19.276211,18.891476,18.990126,15.156114,13331475
2002-06-24,18.990126,19.236750,18.546200,18.743500,14.959279,14242271
2002-06-25,19.384726,19.384726,18.921070,18.970394,15.140366,8696097
2002-06-26,18.398226,18.930935,18.348900,18.763229,14.975027,9995641
2002-06-27,19.138100,19.138100,18.200926,18.792826,14.998648,12781450
2002-06-28,18.546200,18.723770,18.240385,18.644850,14.880548,14430005
2002-07-01,18.644850,18.832285,17.993759,18.112141,14.455390,7887886
2002-07-02,17.924706,18.447550,17.362400,18.250250,14.565613,11426153
2002-07-03,18.250250,18.753365,18.122005,18.694176,14.919913,6261531
2002-07-05,18.842150,19.730000,18.792826,19.522835,15.581272,3883629
2002-07-08,19.335400,19.522835,18.595526,18.743500,14.959279,6650076
2002-07-09,18.743500,19.108505,18.437685,18.506741,14.770317,6657172
2002-07-10,18.595526,18.842150,17.885244,18.043085,14.400277,6413279
2002-07-11,17.757000,18.447550,17.569565,18.447550,14.723081,8003852
2002-07-12,18.052950,18.674444,17.757000,18.200926,14.526246,6087886
2002-07-15,17.806326,18.013491,17.046721,17.737270,14.156203,9406792
2002-07-16,17.017124,17.885244,16.967800,17.411724,13.896382,9288089
2002-07-17,17.806326,18.013491,17.461050,17.895109,14.282176,7670755
2002-07-18,17.757000,17.904976,17.313074,17.421591,13.904260,5592296
2002-07-19,16.790230,16.967800,16.149006,16.415359,13.101181,10934921
2002-07-22,16.326574,16.523874,15.448590,15.685350,12.518557,13551850
2002-07-23,15.734675,16.079950,15.123045,15.418995,12.305977,14082919
2002-07-24,14.945475,16.385765,14.698850,16.198330,12.927968,13194627
2002-07-25,16.208195,16.770500,15.290750,16.306845,13.014574,10289103
2002-07-26,16.079950,16.602795,15.714945,15.784000,12.597289,7683832
2002-07-29,16.277250,17.214424,16.099680,17.115774,13.660187,10302686
2002-07-30,17.115774,17.500509,16.425224,17.204559,13.731047,8972022
2002-07-31,17.362400,17.490644,16.770500,17.490644,13.959373,7819361
2002-08-01,17.204559,17.313074,16.573200,16.602795,13.250773,8656868
2002-08-02,14.955340,15.103315,14.698850,15.103315,12.054029,30988140
2002-08-05,14.856690,14.945475,13.663025,14.077355,11.235209,15891536
2002-08-06,14.501550,14.767905,14.116815,14.185870,11.321814,12413077
2002-08-07,14.353575,14.501550,13.564375,13.712350,10.943896,14050279
2002-08-08,13.761675,14.649525,13.298020,14.304250,11.416293,19417537
2002-08-09,14.156275,14.452225,13.811000,14.452225,11.534391,10839027
2002-08-12,14.402900,14.412765,13.761675,14.037895,11.203714,9579017
2002-08-13,13.811000,13.909650,13.564375,13.584105,10.841543,14143234
2002-08-14,13.613700,14.383170,13.337480,14.304250,11.416293,16333300
2002-08-15,14.304250,15.024395,14.284520,14.945475,11.928059,15124987
2002-08-16,15.192100,16.001030,14.876420,15.645890,12.487063,14678155
2002-08-19,15.981300,16.612659,15.784000,16.425224,13.109054,13068626
2002-08-20,16.425224,16.514009,16.001030,16.227924,12.951587,7776381
2002-08-21,16.375900,16.701445,16.237789,16.671850,13.305887,8487278
2002-08-22,16.691580,17.214424,16.573200,17.135506,13.675930,7196553
2002-08-23,16.819824,16.957935,16.030624,16.602795,13.250773,7131171
2002-08-26,16.602795,16.652121,15.991165,16.444956,13.124803,7192195
2002-08-27,16.484415,16.622524,15.714945,15.784000,12.597289,9179219
2002-08-28,15.734675,15.734675,15.044125,15.192100,12.124887,7677648
2002-08-29,14.896150,15.754405,14.659390,15.557105,12.416204,8817537
2002-08-30,15.586700,15.734675,15.310480,15.468320,12.345345,4173137
2002-09-03,15.369670,15.369670,14.471955,14.531145,11.597379,9282311
2002-09-04,14.777770,15.024395,14.531145,14.836960,11.841453,6633046
2002-09-05,14.836960,14.836960,14.343710,14.560740,11.620998,5573948
2002-09-06,14.767905,15.310480,14.708715,15.152640,12.093399,6241865
2002-09-09,15.123045,15.981300,14.846825,15.685350,12.518557,7240649
2002-09-10,15.685350,16.099680,15.566970,16.030624,12.794123,6856969
2002-09-11,16.178600,16.415359,15.882650,15.961570,12.739007,3750735
2002-09-12,15.882650,15.882650,15.162505,15.290750,12.203623,5731069
2002-09-13,15.290750,15.547240,15.024395,15.290750,12.203623,6623315
2002-09-16,15.290750,15.695215,15.123045,15.606430,12.455569,6129143
2002-09-17,15.902380,16.030624,15.537375,15.764270,12.581541,7342727
2002-09-18,15.448590,15.784000,15.152640,15.527510,12.392583,8553371
2002-09-19,15.044125,15.280885,14.610065,14.610065,11.660365,6633147
2002-09-20,14.748175,15.083585,14.649525,15.034260,11.998918,10048150
2002-09-23,14.698850,14.945475,14.501550,14.866555,11.865073,7283021
2002-09-24,14.452225,14.994800,14.393035,14.550875,11.613127,12966447
2002-09-25,14.896150,15.290750,14.511415,15.221695,12.148511,8045210
2002-09-26,15.261155,15.764270,15.034260,15.685350,12.518557,8749417
2002-09-27,15.537375,15.685350,14.945475,15.034260,11.998918,11017841
2002-09-30,14.846825,15.182235,14.402900,14.935610,11.920186,11420679
2002-10-01,15.044125,15.586700,14.817230,15.488050,12.361091,11155702
2002-10-02,15.488050,16.474550,15.320345,16.030624,12.794123,15243588
2002-10-03,16.326574,16.425224,15.596565,15.784000,12.597289,13382463
2002-10-04,15.833325,15.981300,14.560740,14.846825,11.849325,14939483
2002-10-07,14.846825,15.192100,13.909650,13.949110,11.132852,12637101
2002-10-08,13.958975,14.748175,13.712350,14.452225,11.534391,11847238
2002-10-09,14.126680,14.491685,13.811000,14.008300,11.180094,7981551
2002-10-10,14.106950,15.221695,13.801135,15.014530,11.983171,9242777
2002-10-11,15.636025,15.931975,15.300615,15.784000,12.597289,8960061
2002-10-14,15.142775,16.010895,15.132910,15.862920,12.660274,8011252
2002-10-15,16.178600,16.523874,15.892515,16.523874,13.187784,11610340
2002-10-16,16.178600,16.444956,15.843190,16.178600,12.912219,8257070
2002-10-17,16.523874,16.671850,16.277250,16.523874,13.187784,7907957
2002-10-18,16.030624,16.543606,15.695215,16.523874,13.187784,8332894
2002-10-21,16.523874,17.165100,16.296980,17.145370,13.683806,8857780
2002-10-22,16.967800,17.253885,16.415359,16.879015,13.471226,8430005
2002-10-23,16.770500,17.707676,16.701445,17.559700,14.014483,12747491
2002-10-24,17.707676,17.865515,16.898745,17.165100,13.699552,12050887
2002-10-25,17.115774,17.786594,16.918474,17.737270,14.156203,7019868
2002-10-28,17.757000,17.904976,16.967800,17.145370,13.683806,8036695
2002-10-29,16.898745,17.174965,16.296980,16.523874,13.187784,8377395
2002-10-30,16.523874,16.849421,16.425224,16.602795,13.250773,6102078
2002-10-31,16.514009,16.602795,16.296980,16.474550,13.148419,7432641
2002-11-01,16.523874,16.869150,16.306845,16.800095,13.408239,6311607
2002-11-04,17.904976,18.339035,17.599159,17.806326,14.211321,12663153
2002-11-05,17.954300,18.496876,17.885244,18.378494,14.667965,8014901
2002-11-06,18.447550,18.733635,17.845785,18.605391,14.849052,10419868
2002-11-07,18.447550,18.595526,17.707676,18.013491,14.376657,9328434
2002-11-08,16.829691,17.747135,16.829691,17.441320,13.920004,10702484
2002-11-11,17.362400,17.461050,16.869150,17.135506,13.675930,4547998
2002-11-12,17.135506,17.520241,16.997395,17.313074,13.817653,5589660
2002-11-13,17.303209,17.757000,16.829691,17.658350,14.093216,6782159
2002-11-14,17.934570,18.043085,17.697809,17.875380,14.266427,5738875
2002-11-15,18.003626,18.437685,17.707676,18.279844,14.589237,5953269
2002-11-18,18.398226,18.634985,18.023355,18.062815,14.416025,5334212
2002-11-19,17.954300,18.210791,17.757000,17.934570,14.313666,4764927
2002-11-20,17.757000,18.378494,17.687944,18.299576,14.604985,5151546
2002-11-21,18.299576,19.384726,18.200926,19.286076,15.392313,9089610
2002-11-22,19.286076,19.532700,18.694176,19.266344,15.376563,8549924
2002-11-25,19.286076,19.828650,19.167694,19.374861,15.463173,7328839
2002-11-26,18.792826,19.157829,18.615255,18.753365,14.967156,6910897
2002-11-27,19.187426,19.927299,19.059179,19.621485,15.660007,7174151
2002-11-29,19.483376,19.877975,19.483376,19.552429,15.604890,3941814
2002-12-02,19.631350,19.966761,18.891476,19.128235,15.266338,8459402
2002-12-03,18.743500,18.832285,18.200926,18.289709,14.597106,7300456
2002-12-04,17.204559,17.658350,16.622524,17.441320,13.920004,17365433
2002-12-05,17.490644,17.559700,17.066450,17.401859,13.888514,6465585
2002-12-06,17.017124,17.204559,16.622524,16.938206,13.518465,9730056
2002-12-09,16.898745,16.997395,16.543606,16.622524,13.266520,6268221
2002-12-10,16.425224,16.948071,16.277250,16.809959,13.416112,9682717
2002-12-11,16.425224,16.918474,16.395630,16.632389,13.440024,5457375
2002-12-12,16.494280,16.819824,16.316710,16.642256,13.448000,5727217
2002-12-13,16.296980,16.523874,16.178600,16.296980,13.168994,6079169
2002-12-16,16.425224,16.819824,16.326574,16.652121,13.455971,5966548
2002-12-17,16.622524,17.007259,16.533739,16.800095,13.575543,5401723
2002-12-18,16.809959,16.809959,16.178600,16.306845,13.176966,7355601
2002-12-19,16.198330,16.425224,15.774135,15.981300,12.913906,7231424
2002-12-20,16.326574,16.474550,15.991165,16.237789,13.121163,7646224
2002-12-23,16.277250,16.740906,16.247656,16.405495,13.256681,5789762
2002-12-24,16.079950,16.415359,16.079950,16.188465,13.081306,2394627
2002-12-26,16.227924,16.721174,16.227924,16.336439,13.200881,4174557
2002-12-27,16.178600,16.444956,15.724810,15.793865,12.762444,5561885
2002-12-30,15.448590,15.843190,15.290750,15.823460,12.786359,7651090
2002-12-31,15.734675,16.227924,15.606430,16.089815,13.001591,6074404
2003-01-02,16.573200,17.145370,16.356171,17.026991,13.758889,10537050
2003-01-03,17.026991,17.214424,16.849421,17.125641,13.838603,4636695
2003-01-06,17.234156,18.043085,17.214424,18.003626,14.548071,7952661
2003-01-07,17.954300,18.122005,17.757000,17.806326,14.388645,6151140
2003-01-08,17.816191,17.816191,17.332806,17.441320,14.093694,6415408
2003-01-09,17.559700,18.052950,17.520241,17.835920,14.412557,7355195
2003-01-10,17.835920,18.210791,17.707676,17.904976,14.468358,6770096
2003-01-13,18.151600,18.289709,17.904976,18.052950,14.587928,5743234
2003-01-14,17.904976,18.260115,17.865515,18.220655,14.723445,5470147
2003-01-15,18.052950,18.200926,17.539970,17.747135,14.340809,7518297
2003-01-16,17.954300,18.191059,17.658350,17.806326,14.388645,6179017
2003-01-17,17.806326,18.033220,17.470915,17.559700,14.189352,6718905
2003-01-21,17.757000,17.845785,16.888880,16.918474,13.671203,6457172
2003-01-22,16.918474,17.401859,16.809959,17.086180,13.806718,6217233
2003-01-23,17.086180,17.559700,16.928341,17.441320,14.093694,4474709
2003-01-24,17.362400,17.362400,16.444956,16.869150,13.631346,8227876
2003-01-27,16.671850,16.760635,16.257521,16.523874,13.352337,8106031
2003-01-28,16.573200,16.750771,16.356171,16.622524,13.432055,6468626
2003-01-29,16.632389,17.096045,16.129274,16.829691,13.599459,6990167
2003-01-30,16.829691,16.829691,16.030624,16.129274,13.033477,7051495
2003-01-31,16.573200,17.441320,16.533739,17.263750,13.950204,12429498
2003-02-03,17.421591,17.559700,17.076315,17.214424,13.910350,6312620
2003-02-04,16.898745,16.957935,16.514009,16.671850,13.471914,5598479
2003-02-05,16.819824,17.056585,16.385765,16.671850,13.471914,5880284
2003-02-06,16.671850,16.869150,16.375900,16.770500,13.551628,5118905
2003-02-07,16.474550,16.750771,16.060221,16.129274,13.033477,6867511
2003-02-10,16.109545,16.316710,15.862920,16.237789,13.121163,6213279
2003-02-11,16.277250,16.573200,16.060221,16.257521,13.137110,6270046
2003-02-12,16.050356,16.257521,15.724810,16.079950,12.993620,6505018
2003-02-13,15.931975,16.089815,15.665620,15.912245,12.858103,7127116
2003-02-14,15.734675,16.504145,15.724810,16.504145,13.336396,5402838
2003-02-18,16.622524,17.066450,16.543606,17.066450,13.790775,5771921
2003-02-19,17.017124,17.017124,16.405495,16.622524,13.432055,4336036
2003-02-20,16.543606,16.790230,16.425224,16.622524,13.432055,4930664
2003-02-21,16.760635,17.066450,16.306845,16.790230,13.567571,6575063
2003-02-24,16.652121,16.711309,16.326574,16.385765,13.240736,5079067
2003-02-25,16.079950,16.612659,15.764270,16.533739,13.360312,7551951
2003-02-26,16.375900,16.583065,16.218060,16.444956,13.288569,5610238
2003-02-27,16.474550,16.701445,16.139139,16.277250,13.153050,8509985
2003-02-28,16.523874,16.869150,16.405495,16.829691,13.599459,11207907
2003-03-03,16.869150,16.957935,16.474550,16.573200,13.392195,5823112
2003-03-04,16.573200,16.573200,15.784000,15.833325,12.794332,10950127
2003-03-05,15.586700,15.862920,15.488050,15.724810,12.706644,10247035
2003-03-06,15.576835,15.675485,15.300615,15.448590,12.483440,7593208
2003-03-07,15.201965,15.537375,15.093450,15.507780,12.531270,9773137
2003-03-10,15.290750,15.369670,14.896150,14.975070,12.100809,6010441
2003-03-11,15.113180,15.211830,14.708715,14.817230,11.973261,7511303
2003-03-12,14.807365,15.034260,14.639660,14.975070,12.100809,6848251
2003-03-13,15.192100,16.129274,15.113180,15.981300,12.913906,9527927
2003-03-14,16.060221,16.296980,15.833325,16.198330,13.089279,8423315
2003-03-17,15.971435,16.869150,15.813595,16.780365,13.559600,9675520
2003-03-18,16.780365,16.948071,16.188465,16.356171,13.216825,8201723
2003-03-19,16.425224,16.770500,16.178600,16.740906,13.527714,9075418
2003-03-20,16.346306,16.987530,16.030624,16.908609,13.663230,11861024
2003-03-21,17.194695,18.487009,17.056585,18.487009,14.938674,16745160
2003-03-24,17.668215,17.766865,17.086180,17.165100,13.870490,13094374
2003-03-25,17.253885,17.747135,16.721174,17.451185,14.101665,8780740
2003-03-26,17.609024,17.668215,17.204559,17.391994,14.053831,9531171
2003-03-27,17.115774,17.530106,16.869150,17.342670,14.013977,9653725
2003-03-28,17.342670,17.628756,17.135506,17.451185,14.101665,7973644
2003-03-31,17.066450,17.066450,16.661985,16.790230,13.567571,7778307
2003-04-01,16.790230,17.017124,16.721174,16.879015,13.639316,8339787
2003-04-02,17.125641,17.806326,17.125641,17.737270,14.332840,9324683
2003-04-03,17.757000,17.826056,17.382130,17.411724,14.069777,7759655
2003-04-04,17.362400,17.520241,16.869150,17.204559,13.902379,8710492
2003-04-07,17.757000,18.052950,17.332806,17.500509,14.141522,6927724
2003-04-08,17.500509,17.520241,16.691580,16.898745,13.655259,24300355
2003-04-09,16.967800,17.145370,16.839556,16.869150,13.631346,21106741
2003-04-10,16.967800,17.125641,16.770500,17.105909,13.822660,7288089
2003-04-11,17.263750,17.727406,17.263750,17.599159,14.221237,12927826
2003-04-14,17.362400,18.003626,17.332806,17.954300,14.508211,9727522
2003-04-15,17.806326,18.082544,17.658350,18.062815,14.595904,8181652
2003-04-16,18.062815,18.141735,17.678080,17.747135,14.340809,8687785
2003-04-17,17.747135,18.161465,17.707676,18.151600,14.667644,5776280
2003-04-21,18.151600,18.299576,17.895109,18.200926,14.707500,6378713
2003-04-22,18.003626,18.743500,17.924706,18.615255,15.042306,9817131
2003-04-23,18.565929,19.019720,18.506741,18.980261,15.337255,9211151
2003-04-24,18.694176,18.733635,18.200926,18.398226,14.866935,6331678
2003-04-25,18.447550,18.477144,17.757000,17.914841,14.476327,7079878
2003-04-28,18.023355,18.289709,17.983894,18.200926,14.707500,7195540
2003-04-29,18.289709,18.546200,17.944435,18.082544,14.611843,7337456
2003-04-30,18.151600,18.447550,17.924706,18.408091,14.874907,8598175
2003-05-01,18.447550,18.595526,18.299576,18.467279,14.922737,7917689
2003-05-02,18.467279,18.733635,17.461050,18.634985,15.058250,11942828
2003-05-05,18.634985,18.634985,18.171329,18.240385,14.739389,7730360
2003-05-06,18.240385,18.437685,18.072680,18.210791,14.715476,9109275
2003-05-07,18.210791,18.329170,17.983894,18.112141,14.635760,6549417
2003-05-08,18.013491,18.151600,17.806326,17.924706,14.484302,7184187
2003-05-09,18.003626,18.447550,17.875380,18.408091,14.874907,7044298
2003-05-12,18.408091,18.822420,18.092409,18.782961,15.177824,7224633
2003-05-13,18.487009,18.546200,18.200926,18.250250,14.747358,8581652
2003-05-14,18.506741,18.506741,17.904976,18.052950,14.587928,9387126
2003-05-15,18.131870,18.240385,17.993759,18.210791,14.715476,6893969
2003-05-16,17.983894,18.250250,17.983894,18.191059,14.699531,7268018
2003-05-19,18.003626,18.003626,17.530106,17.579430,14.205296,7527623
2003-05-20,17.658350,17.855650,17.372265,17.609024,14.229210,8135124
2003-05-21,18.052950,18.102276,17.214424,17.638620,14.253126,8923467
2003-05-22,17.707676,18.131870,17.678080,17.875380,14.444439,10425748
2003-05-23,18.003626,18.102276,17.954300,17.993759,14.540100,6126508
2003-05-27,17.914841,18.684311,17.904976,18.615255,15.042306,11726609
2003-05-28,18.743500,19.256479,18.644850,19.177561,15.496687,14963507
2003-05-29,19.582026,19.582026,18.921070,19.019720,15.369140,12741105
2003-05-30,19.088776,19.552429,19.039450,19.384726,15.664087,8098733
2003-06-02,19.631350,19.907570,19.552429,19.799055,15.998894,15864977
2003-06-03,19.730000,19.818785,19.394590,19.493240,15.751777,8664572
2003-06-04,19.730000,20.598120,19.730000,20.450146,16.525017,14953877
2003-06-05,20.223249,20.805285,20.134464,20.657310,16.692417,10848758
2003-06-06,20.765825,21.259075,20.765825,20.992720,16.963451,14813786
2003-06-09,20.963125,20.992720,19.828650,20.045679,16.198183,11444501
2003-06-10,20.292305,20.430414,20.173925,20.341631,16.437330,6301774
2003-06-11,20.568525,20.568525,19.582026,20.519199,16.580816,6575874
2003-06-12,20.469875,20.617849,20.025949,20.519199,16.580816,8596351
2003-06-13,20.667175,20.677040,19.868111,20.075275,16.222097,7049164
2003-06-16,20.065411,20.499470,20.006220,20.390955,16.477186,7311809
2003-06-17,20.696770,20.943396,20.390955,20.854610,16.851849,9026964
2003-06-18,20.716499,20.755960,20.183790,20.331764,16.429359,9641054
2003-06-19,20.400820,20.410685,19.749729,19.818785,16.014833,8315864
2003-06-20,20.114735,20.252846,19.897705,20.055546,16.206154,10062139
2003-06-23,19.907570,20.055546,19.374861,19.591890,15.831490,8795844
2003-06-24,19.591890,19.660946,19.226885,19.364994,15.648141,7900456
2003-06-25,19.443914,19.483376,18.743500,18.852015,15.233624,13572529
2003-06-26,18.881611,19.207155,18.595526,19.138100,15.464799,8247745
2003-06-27,19.286076,19.414320,18.970394,19.078911,15.416971,6626457
2003-06-30,19.730000,19.897705,19.276211,19.483376,15.743803,14831424
2003-07-01,19.493240,19.670811,19.138100,19.621485,15.855408,8451698
2003-07-02,19.730000,20.006220,19.591890,19.937164,16.110497,9345971
2003-07-03,19.690540,20.292305,19.660946,19.799055,15.998894,5196858
2003-07-07,19.976625,20.420549,19.927299,20.302170,16.405443,6851901
2003-07-08,19.996355,20.785555,19.996355,20.321899,16.421381,12726913
2003-07-09,20.193655,20.844746,20.164061,20.637581,16.676474,9985808
2003-07-10,20.331764,20.489605,20.134464,20.282440,16.389500,7509782
2003-07-11,20.282440,20.598120,20.282440,20.558661,16.612701,5254840
2003-07-14,20.667175,21.259075,20.667175,21.022314,16.987366,10427167
2003-07-15,21.308399,21.328131,20.894070,21.061775,17.019251,10918196
2003-07-16,21.150560,21.160425,20.696770,20.765825,16.780106,6858084
2003-07-17,20.765825,20.864475,20.430414,20.538931,16.596764,5902585
2003-07-18,20.686905,20.765825,20.460011,20.726364,16.748217,5585099
2003-07-21,20.519199,20.558661,19.986490,20.134464,16.269930,6987329
2003-07-22,20.223249,20.755960,20.075275,20.538931,16.596764,7360061
2003-07-23,20.548796,20.637581,20.025949,20.331764,16.429359,5912114
2003-07-24,20.568525,20.953260,20.381090,20.568525,16.620676,7500152
2003-07-25,20.686905,21.042046,20.529064,21.002584,16.971418,7739483
2003-07-28,21.407049,21.870705,21.337996,21.614216,17.465656,13584085
2003-07-29,21.693134,21.929895,21.525431,21.752325,17.577259,8500558
2003-07-30,21.752325,21.811516,21.337996,21.397184,17.290287,7952661
2003-07-31,21.702999,21.811516,21.407049,21.624081,17.473627,8677851
2003-08-01,22.077869,23.478701,22.077869,22.215981,17.951925,15771313
2003-08-04,22.087734,22.245575,21.535295,21.811516,17.625093,8144247
2003-08-05,21.801649,21.801649,21.219616,21.259075,17.178682,6802027
2003-08-06,21.259075,21.456375,21.032181,21.120964,17.067080,7036695
2003-08-07,21.219616,21.505699,21.061775,21.357725,17.258396,7010542
2003-08-08,21.426781,21.555025,21.278805,21.545160,17.409853,5926812
2003-08-11,21.545160,21.791784,21.505699,21.752325,17.577259,6715155
2003-08-12,21.772055,22.186384,21.702999,22.146925,17.896120,6959858
2003-08-13,22.186384,22.235710,21.900299,22.196251,17.935976,5716067
2003-08-14,22.196251,22.383684,21.880569,22.255440,17.983809,6424227
2003-08-15,22.324495,22.324495,22.048275,22.146925,17.896120,3035175
2003-08-18,22.176519,22.225845,22.068005,22.097601,17.856264,7268221
2003-08-19,22.097601,22.146925,21.653675,21.929895,17.720745,8053117
2003-08-20,21.505699,21.791784,21.466240,21.683270,17.521456,7175367
2003-08-21,21.673405,21.712866,21.150560,21.308399,17.218540,13794323
2003-08-22,21.456375,21.505699,21.022314,21.120964,17.067080,9761987
2003-08-25,20.913799,21.042046,20.815149,20.963125,16.939535,6173036
2003-08-26,20.844746,20.953260,20.568525,20.568525,16.620676,11138875
2003-08-27,20.578390,20.657310,20.361361,20.440281,16.517048,10698733
2003-08-28,20.519199,20.548796,19.877975,20.025949,16.182240,16045616
2003-08-29,20.045679,20.420549,19.947029,20.223249,16.341667,9273087
2003-09-02,20.450146,20.755960,20.282440,20.667175,16.700390,12159655
2003-09-03,20.913799,21.180155,20.548796,21.032181,16.995337,11591485
2003-09-04,20.894070,21.199884,20.884205,21.170290,17.106941,8392803
2003-09-05,21.140696,21.249210,20.844746,20.903934,16.891708,7580030
2003-09-08,20.834881,21.111099,20.696770,21.071640,17.027224,6990877
2003-09-09,20.667175,20.923664,20.647446,20.894070,16.883736,6559047
2003-09-10,20.588255,20.657310,20.183790,20.321899,16.421381,9731982
2003-09-11,20.282440,20.509335,20.203520,20.400820,16.485155,6545565
2003-09-12,20.154196,20.164061,19.799055,19.966761,16.134409,9369894
2003-09-15,19.730000,20.173925,19.730000,19.828650,16.022804,11565940
2003-09-16,19.927299,20.223249,19.779325,20.164061,16.293840,11421186
2003-09-17,20.085140,20.272575,19.927299,19.996355,16.158323,7859503
2003-09-18,20.025949,20.173925,19.818785,20.173925,16.301811,7964420
2003-09-19,20.075275,20.223249,19.937164,20.203520,16.325727,8937050
2003-09-22,19.877975,19.956896,19.601755,19.739864,15.951063,10300456
2003-09-23,19.848379,20.025949,19.749729,19.927299,16.102528,8871769
2003-09-24,19.858246,19.887840,19.512970,19.542564,15.791632,9742828
2003-09-25,20.045679,20.371225,19.877975,20.035814,16.190208,14077243
2003-09-26,20.055546,20.124599,19.700405,19.808920,16.006868,7967866
2003-09-29,19.749729,20.025949,19.572161,20.006220,16.166292,7068829
2003-09-30,19.877975,20.203520,19.591890,19.897705,16.078609,12520730
2003-10-01,20.144329,20.568525,20.085140,20.548796,16.604733,11393715
2003-10-02,20.548796,20.716499,20.381090,20.657310,16.692417,7591586
2003-10-03,21.012449,21.357725,20.963125,20.992720,16.963451,10505119
2003-10-06,20.963125,21.111099,20.726364,20.903934,16.891708,4998074
2003-10-07,20.785555,21.298534,20.726364,21.268940,17.186653,8213381
2003-10-08,21.337996,21.387320,21.022314,21.170290,17.106941,5638723
2003-10-09,21.653675,21.791784,21.259075,21.584620,17.441742,10137456
2003-10-10,21.308399,21.505699,21.239346,21.367590,17.266367,5989965
2003-10-13,21.456375,21.584620,21.091370,21.209749,17.138823,7424531
2003-10-14,21.170290,21.762190,21.120964,21.653675,17.497543,7372631
2003-10-15,21.653675,21.702999,21.357725,21.456375,17.338116,6542423
2003-10-16,21.357725,21.643810,21.357725,21.604349,17.457689,4460010
2003-10-17,21.683270,21.693134,21.239346,21.288670,17.202595,5574455
2003-10-20,21.407049,21.416916,21.091370,21.259075,17.178682,4933604
2003-10-21,21.407049,21.604349,21.219616,21.495834,17.369997,6410137
2003-10-22,21.407049,21.584620,21.229481,21.328131,17.234480,5749012
2003-10-23,21.328131,21.555025,21.229481,21.555025,17.417830,4655651
2003-10-24,21.555025,21.555025,21.219616,21.505699,17.377968,4698733
2003-10-27,21.545160,22.028545,21.525431,21.841110,17.649004,7804257
2003-10-28,21.998949,22.294901,21.900299,22.235710,17.967865,9312418
2003-10-29,22.235710,22.531660,22.028545,22.462605,18.151211,6549924
2003-10-30,22.541525,22.640175,22.097601,22.571119,18.238899,6243893
2003-10-31,22.541525,22.571119,22.097601,22.334360,18.047585,5981855
2003-11-03,22.541525,22.679634,22.393551,22.610580,18.270786,6611556
2003-11-04,22.492201,22.689501,22.285034,22.442875,18.135265,6046731
2003-11-05,22.442875,22.758554,22.294901,22.709230,18.350498,5678054
2003-11-06,22.590851,23.123560,22.196251,23.084101,18.653419,7442169
2003-11-07,23.133425,23.439240,22.975586,23.084101,18.653419,7917892
2003-11-10,22.985451,23.093966,22.788151,22.837475,18.454126,4089103
2003-11-11,22.738825,22.906530,22.699366,22.807880,18.430216,3679372
2003-11-12,22.807880,23.064369,22.719095,23.024910,18.605591,6573036
2003-11-13,23.084101,23.113695,22.916395,23.005180,18.589642,6271566
2003-11-14,22.955854,23.064369,22.610580,22.758554,18.390352,4850177
2003-11-17,22.502066,22.837475,22.344225,22.719095,18.358467,7606183
2003-11-18,22.837475,22.837475,22.186384,22.215981,17.951925,8180537
2003-11-19,22.442875,22.571119,22.285034,22.482334,18.167152,5800101
2003-11-20,22.265305,22.768419,22.265305,22.373819,18.079466,8093158
2003-11-21,22.433010,22.472469,22.077869,22.275169,17.999750,10379118
2003-11-24,22.314631,22.541525,22.245575,22.521795,18.199041,7255651
2003-11-25,22.492201,22.926260,22.413280,22.679634,18.326582,5698632
2003-11-26,22.886801,22.886801,22.590851,22.768419,18.398331,4756817
2003-11-28,22.758554,22.827610,22.699366,22.778284,18.406298,1977192
2003-12-01,22.778284,23.024910,22.650040,22.857204,18.470074,12497314
2003-12-02,22.541525,22.738825,22.137060,22.275169,17.999750,14352357
2003-12-03,22.255440,22.294901,21.495834,21.555025,17.417830,17242271
2003-12-04,21.712866,21.900299,21.604349,21.900299,17.696833,10830816
2003-12-05,21.702999,21.732595,21.268940,21.377455,17.274343,9604967
2003-12-08,21.308399,21.495834,21.308399,21.476105,17.354061,6726812
2003-12-09,21.683270,22.048275,21.624081,21.998949,17.776550,13539179
2003-12-10,21.850975,22.403416,21.732595,22.107466,18.034063,13185302
2003-12-11,22.077869,22.403416,21.969355,22.344225,18.227196,7582565
2003-12-12,22.334360,22.600716,22.265305,22.511930,18.364004,6287988
2003-12-15,22.669769,22.768419,22.354090,22.521795,18.372051,7824633
2003-12-16,22.580984,22.738825,22.541525,22.640175,18.468618,5938571
2003-12-17,22.571119,22.630310,22.383684,22.630310,18.460571,4612975
2003-12-18,22.630310,22.867069,22.561255,22.827610,18.621519,4434769
2003-12-19,22.373819,22.945990,22.373819,22.916395,18.693947,9114344
2003-12-22,22.758554,23.133425,22.640175,23.133425,18.870989,7836189
2003-12-23,23.034775,23.172886,22.945990,23.143290,18.879032,5654131
2003-12-24,23.015045,23.133425,22.945990,23.054504,18.806604,4251191
2003-12-26,23.054504,23.143290,22.837475,22.896666,18.677849,2650684
2003-12-29,22.847340,23.182751,22.847340,23.163019,18.895124,4672478
2003-12-30,23.113695,23.241940,22.945990,22.985451,18.750277,4090826
2003-12-31,22.995316,23.133425,22.876934,23.015045,18.774418,4741206
2004-01-02,23.172886,23.597080,23.143290,23.350454,19.048023,6756006
2004-01-05,23.350454,23.873301,23.291265,23.814110,19.426252,10508667
2004-01-06,23.676001,23.942354,23.676001,23.873301,19.474535,9587937
2004-01-07,24.149521,24.307360,23.932489,24.267900,19.796427,9880791
2004-01-08,24.267900,24.642771,24.218575,24.623039,20.086130,9703092
2004-01-09,24.415874,24.652636,24.376415,24.534254,20.013704,7512215
2004-01-12,24.445471,24.613174,24.267900,24.544121,20.021749,6523974
2004-01-13,24.475065,24.652636,24.267900,24.346821,19.860806,11992803
2004-01-14,24.544121,24.692095,24.356686,24.563850,20.037846,13034871
2004-01-15,24.593445,24.741421,24.376415,24.484930,19.973475,9030309
2004-01-16,24.593445,24.603310,24.435604,24.514524,19.997606,8133401
2004-01-20,24.465200,24.504660,23.981815,24.139654,19.691814,9000304
2004-01-21,23.981815,24.267900,23.932489,24.248171,19.780334,7283933
2004-01-22,24.248171,24.455336,24.149521,24.366550,19.876900,4894273
2004-01-23,24.366550,24.504660,23.429375,23.725325,19.353825,10101673
2004-01-26,23.597080,24.110060,23.597080,24.070601,19.635481,6054638
2004-01-27,24.100195,24.149521,23.745054,23.833839,19.442345,4783071
2004-01-28,23.745054,23.804245,23.192616,23.350454,19.048023,7406488
2004-01-29,23.478701,24.317225,22.669769,24.119925,19.675720,15629194
2004-01-30,23.399780,23.853571,23.380051,23.676001,19.313591,17266092
2004-02-02,23.478701,23.705595,23.281401,23.478701,19.152645,9368779
2004-02-03,23.113695,23.557619,22.788151,22.945990,18.718086,10141510
2004-02-04,22.748690,23.399780,22.738825,22.876934,18.661751,9086163
2004-02-05,22.985451,23.202480,22.827610,22.886801,18.669800,7445413
2004-02-06,22.788151,23.212345,22.590851,23.034775,18.790510,10139280
2004-02-09,23.034775,23.656269,22.965719,23.449104,19.128500,10452712
2004-02-10,23.528025,23.971951,23.429375,23.754919,19.377962,7386721
2004-02-11,27.543079,27.622000,26.901855,27.227400,22.210632,116588748
2004-02-12,27.572676,28.026464,27.237265,27.622000,22.532522,58656462
2004-02-13,27.227400,27.375376,26.487526,26.556580,21.663410,43279372
2004-02-17,27.030100,27.138615,26.132385,26.536850,21.647310,28662443
2004-02-18,26.438200,26.497391,26.201441,26.349415,21.494413,11731272
2004-02-19,26.635500,26.684826,26.339550,26.635500,21.727785,9971617
2004-02-20,26.625635,26.625635,26.033735,26.191574,21.365654,13148606
2004-02-23,26.191574,26.388874,25.668730,26.388874,21.526606,13657273
2004-02-24,26.033735,26.073195,25.451700,25.609541,20.890865,15822301
2004-02-25,25.649000,26.033735,25.560215,25.944950,21.164473,12067005
2004-02-26,26.191574,26.615770,26.073195,26.369144,21.510506,11430512
2004-02-27,26.517120,26.517120,26.161980,26.171844,21.349562,9962088
2004-03-01,26.438200,26.674959,26.280359,26.507256,21.623171,10602534
2004-03-02,26.339550,26.684826,26.339550,26.398741,21.534653,8528434
2004-03-03,26.339550,26.536850,26.221170,26.290224,21.446133,10618956
2004-03-04,26.300091,26.625635,26.300091,26.438200,21.566841,7669336
2004-03-05,26.398741,26.487526,26.053465,26.122520,21.309328,8566346
2004-03-08,26.191574,26.290224,25.846300,25.885759,21.116188,6776685
2004-03-09,25.885759,26.053465,25.629271,25.875895,21.108139,8949924
2004-03-10,25.796974,25.905491,25.076830,25.106424,20.480452,13667917
2004-03-11,25.106424,25.175480,24.415874,24.613174,20.078085,13086265
2004-03-12,24.840071,25.747650,24.563850,25.747650,21.003531,15635378
2004-03-15,25.057100,25.145885,24.761150,24.988045,20.383884,11247339
2004-03-16,25.007774,25.155750,24.879530,25.057100,20.440212,9534921
2004-03-17,25.116289,25.599674,25.017639,25.451700,20.762108,6608211
2004-03-18,25.501024,25.708191,25.234671,25.382645,20.705776,7416523
2004-03-19,25.392509,25.589809,25.007774,25.047235,20.432171,8135834
2004-03-22,24.761150,24.928856,24.534254,24.563850,20.037846,8648657
2004-03-23,24.761150,25.007774,24.573715,24.761150,20.198795,7539888
2004-03-24,24.761150,24.761150,24.218575,24.435604,19.933233,8691333
2004-03-25,24.642771,24.820339,24.475065,24.711824,20.158560,7136036
2004-03-26,24.662500,24.899260,24.573715,24.761150,20.198795,5351951
2004-03-29,24.810474,24.928856,24.721689,24.859800,20.279268,4739280
2004-03-30,24.810474,24.889395,24.711824,24.840071,20.263166,4771515
2004-03-31,24.889395,24.918989,24.563850,24.652636,20.110277,8251495
2004-04-01,24.761150,25.037371,23.962086,25.007774,20.399977,8350431
2004-04-02,25.530621,25.639135,25.205074,25.599674,20.882820,9080791
2004-04-05,25.471430,26.221170,25.362915,26.142250,21.325418,8187836
2004-04-06,25.944950,26.290224,25.875895,26.231035,21.397844,6810846
2004-04-07,25.984409,26.112656,25.658865,25.658865,20.931101,6403345
2004-04-08,26.132385,26.132385,25.570080,25.895624,21.124237,4120426
2004-04-12,25.501024,25.550350,25.165615,25.353050,20.681635,6510694
2004-04-13,25.303724,25.392509,24.623039,24.662500,20.118322,10035783
2004-04-14,24.563850,24.800610,24.465200,24.662500,20.118322,9546376
2004-04-15,24.810474,24.840071,24.297495,24.366550,19.876900,7704410
2004-04-16,24.366550,24.563850,24.100195,24.563850,20.037846,11856868
2004-04-19,24.287630,24.751286,24.258036,24.623039,20.086130,5867816
2004-04-20,24.721689,24.948586,24.406010,24.465200,19.957373,8467511
2004-04-21,24.366550,24.701960,24.317225,24.662500,20.118322,8370907
2004-04-22,24.761150,24.909124,24.544121,24.544121,20.021749,7473188
2004-04-23,24.544121,24.603310,24.228439,24.317225,19.836666,8110289
2004-04-26,24.386280,24.524389,23.774651,24.050871,19.619387,9158135
2004-04-27,24.169250,24.208710,23.853571,23.853571,19.458439,9646629
2004-04-28,23.429375,23.626675,23.281401,23.626675,19.273352,28449062
2004-04-29,23.873301,24.070601,23.360319,23.380051,19.072168,17104815
2004-04-30,23.380051,23.429375,22.590851,22.719095,18.532993,16997364
2004-05-03,22.867069,22.936125,22.640175,22.817745,18.613470,9411252
2004-05-04,22.640175,22.945990,22.551390,22.709230,18.524948,10831221
2004-05-05,22.689501,23.044640,22.541525,22.689501,18.508858,10128839
2004-05-06,22.502066,22.659904,22.166655,22.442875,18.307671,9461632
2004-05-07,22.245575,22.610580,22.028545,22.146925,18.066252,7841764
2004-05-10,21.811516,22.294901,21.101234,21.801649,17.784599,12047035
2004-05-11,22.294901,22.886801,22.285034,22.669769,18.492756,14412570
2004-05-12,22.679634,22.886801,22.344225,22.689501,18.508858,10148201
2004-05-13,23.064369,23.261669,22.788151,22.985451,18.750277,18058692
2004-05-14,23.034775,23.133425,22.748690,22.926260,18.701992,7104004
2004-05-17,22.640175,22.679634,22.383684,22.590851,18.428385,6658692
2004-05-18,22.778284,22.985451,22.531660,22.531660,18.380096,5236087
2004-05-19,22.768419,23.093966,22.541525,22.689501,18.508858,8089508
2004-05-20,22.600716,22.867069,22.551390,22.738825,18.549089,4251495
2004-05-21,22.886801,23.044640,22.373819,22.373819,18.251341,7053624
2004-05-24,22.590851,22.936125,22.511930,22.886801,18.669800,5979118
2004-05-25,22.886801,23.429375,22.719095,23.429375,19.112408,5405170
2004-05-26,23.340590,23.528025,23.212345,23.340590,19.039976,5470857
2004-05-27,23.528025,23.606945,23.291265,23.389915,19.080214,5804866
2004-05-28,23.478701,23.547754,23.153154,23.153154,18.887079,3879980
2004-06-01,23.478701,23.616810,23.113695,23.518160,19.184828,7336138
2004-06-02,23.626675,24.119925,23.064369,24.090330,19.651575,8753472
2004-06-03,23.922625,24.188980,23.636539,23.646404,19.289444,6509478
2004-06-04,23.823975,24.050871,23.685865,23.735189,19.361872,4915560
2004-06-07,23.922625,24.188980,23.656269,24.070601,19.635481,6578611
2004-06-08,24.119925,24.277765,24.001545,24.267900,19.796427,5967157
2004-06-09,24.267900,24.534254,24.139654,24.248171,19.780334,7252712
2004-06-10,24.188980,24.514524,24.179115,24.386280,19.892996,5602737
2004-06-14,24.218575,24.455336,24.198845,24.386280,19.892996,7386822
2004-06-15,24.386280,24.563850,24.248171,24.366550,19.876900,6138976
2004-06-16,24.317225,24.603310,24.228439,24.534254,20.013704,6154891
2004-06-17,24.435604,24.662500,24.366550,24.524389,20.005655,4896300
2004-06-18,24.534254,24.682230,24.396145,24.682230,20.134413,7328332
2004-06-21,24.563850,24.672365,24.435604,24.613174,20.078085,6366346
2004-06-22,24.435604,24.613174,24.415874,24.583580,20.053942,6760365
2004-06-23,24.475065,24.613174,23.971951,24.317225,19.836666,8469437
2004-06-24,24.366550,25.086695,24.228439,24.997910,20.391930,17934516
2004-06-25,24.859800,25.076830,24.751286,24.840071,20.263166,7792904
2004-06-28,24.849936,25.224806,24.790745,24.899260,20.311457,5432843
2004-06-29,24.909124,25.224806,24.820339,25.145885,20.512642,5302990
2004-06-30,25.155750,25.254400,24.997910,25.145885,20.512642,6251799
2004-07-01,24.997910,25.155750,24.771015,24.938721,20.343649,6081500
2004-07-02,25.007774,25.076830,24.800610,24.928856,20.335600,4260416
2004-07-06,24.928856,24.928856,24.346821,24.366550,19.876900,5905525
2004-07-07,24.415874,24.534254,24.366550,24.396145,19.901045,4479676
2004-07-08,24.317225,24.415874,24.011410,24.021275,19.595243,4897415
2004-07-09,24.267900,24.317225,23.991680,24.267900,19.796427,5809529
2004-07-12,24.238304,24.396145,23.971951,24.021275,19.595243,5897314
2004-07-13,23.823975,24.129789,23.823975,23.902895,19.498680,3802331
2004-07-14,23.745054,24.070601,23.695730,23.863436,19.466488,4425139
2004-07-15,23.823975,23.893030,23.537889,23.547754,19.208973,4518398
2004-07-16,23.764786,23.764786,23.093966,23.133425,18.870989,6910390
2004-07-19,23.084101,23.251804,22.788151,23.172886,18.903175,7623822
2004-07-20,23.113695,23.616810,23.084101,23.577351,19.233116,7143031
2004-07-21,23.577351,23.616810,22.886801,23.320860,19.023886,6014597
2004-07-22,22.837475,23.133425,22.640175,22.995316,18.758322,6907248
2004-07-23,22.965719,23.113695,22.571119,22.650040,18.476671,5998885
2004-07-26,22.640175,22.827610,22.383684,22.541525,18.388145,5296503
2004-07-27,22.640175,22.778284,22.531660,22.640175,18.468618,5879372
2004-07-28,22.590851,22.807880,22.265305,22.531660,18.380096,5680791
2004-07-29,22.590851,22.906530,22.590851,22.689501,18.508858,4120426
2004-07-30,22.590851,22.837475,22.502066,22.778284,18.581278,4828180
2004-08-02,22.788151,22.867069,22.590851,22.788151,18.589334,5220274
2004-08-03,22.709230,22.768419,22.383684,22.462605,18.323769,4811961
2004-08-04,22.294901,22.511930,22.048275,22.186384,18.098440,6764420
2004-08-05,22.344225,22.442875,21.949625,21.979219,17.929449,6140902
2004-08-06,21.732595,21.949625,21.555025,21.693134,17.696075,6308059
2004-08-09,21.693134,21.870705,21.545160,21.643810,17.655838,5256665
2004-08-10,21.683270,22.285034,21.653675,22.137060,18.058207,9327116
2004-08-11,21.920031,21.920031,21.229481,21.485970,17.527082,12018348
2004-08-12,21.209749,21.298534,20.716499,20.923664,17.068384,13046731
2004-08-13,20.864475,21.111099,20.598120,20.607985,16.810871,10860314
2004-08-16,20.716499,21.446510,20.677040,21.259075,17.341993,11471972
2004-08-17,21.259075,21.772055,21.259075,21.683270,17.688025,6826863
2004-08-18,21.653675,22.028545,21.456375,21.959490,17.913357,4774658
2004-08-19,21.900299,22.117331,21.821381,22.097601,18.026016,4994627
2004-08-20,21.949625,22.206116,21.929895,22.137060,18.058207,6499442
2004-08-23,22.048275,22.324495,21.850975,21.870705,17.840927,4154992
2004-08-24,22.097601,22.294901,21.900299,22.008816,17.953588,5287278
2004-08-25,21.910166,22.383684,21.910166,22.196251,18.106487,4876026
2004-08-26,22.265305,22.472469,22.176519,22.373819,18.251341,2889306
2004-08-27,22.294901,22.442875,22.087734,22.354090,18.235241,3743639
2004-08-30,22.196251,22.334360,22.077869,22.097601,18.026016,3714850
2004-08-31,22.225845,22.285034,22.028545,22.146925,18.066252,5101166
2004-09-01,22.156790,22.225845,21.989084,22.176519,18.090395,4670654
2004-09-02,22.048275,22.275169,21.929895,22.235710,18.138680,5099645
2004-09-03,22.196251,22.383684,21.998949,22.068005,18.001873,4262443
2004-09-07,22.058140,22.482334,22.058140,22.383684,18.259386,5705423
2004-09-08,22.551390,22.768419,22.462605,22.580984,18.420332,6231627
2004-09-09,22.571119,22.728960,22.502066,22.551390,18.396193,6004663
2004-09-10,22.709230,23.074236,22.590851,22.847340,18.637611,6513634
2004-09-13,22.896666,23.163019,22.886801,23.005180,18.766367,4227674
2004-09-14,23.005180,23.064369,22.689501,22.936125,18.710041,6719513
2004-09-15,22.936125,22.985451,22.620445,22.699366,18.516899,6505626
2004-09-16,22.620445,23.261669,22.620445,23.084101,18.830751,5066396
2004-09-17,23.330725,23.330725,23.074236,23.103830,18.846840,5720831
2004-09-20,22.945990,23.113695,22.689501,22.817745,18.613470,6167359
2004-09-21,22.985451,23.103830,22.689501,23.093966,18.838800,5220882
2004-09-22,22.965719,23.182751,22.896666,22.985451,18.750277,4663558
2004-09-23,22.886801,23.172886,22.847340,22.945990,18.718086,5380841
2004-09-24,22.886801,23.271536,22.886801,23.143290,18.879032,3956006
2004-09-27,22.945990,23.034775,22.798016,22.857204,18.645658,4818449
2004-09-28,22.837475,22.955854,22.048275,22.294901,18.186964,13157932
2004-09-29,22.304766,22.492201,21.702999,22.492201,18.347908,11477750
2004-09-30,22.245575,22.452740,22.087734,22.245575,18.146723,9099037
2004-10-01,22.255440,22.857204,22.206116,22.768419,18.573236,6009427
2004-10-04,23.419510,23.419510,22.876934,23.222210,18.943413,7265079
2004-10-05,23.261669,23.666136,23.202480,23.557619,19.217018,8125697
2004-10-06,23.646404,24.021275,23.458969,24.011410,19.587198,9217233
2004-10-07,24.041004,24.623039,23.952221,24.415874,19.917137,13850988
2004-10-08,24.415874,24.711824,24.228439,24.514524,19.997606,10226356
2004-10-11,24.514524,24.672365,24.445471,24.563850,20.037846,5527116
2004-10-12,24.317225,24.524389,24.248171,24.504660,19.989563,9507045
2004-10-13,24.494795,24.761150,24.494795,24.672365,20.126369,9925900
2004-10-14,24.672365,24.692095,24.336954,24.514524,19.997606,8902889
2004-10-15,24.484930,24.672365,24.267900,24.573715,20.045898,8775063
2004-10-18,24.662500,24.810474,24.642771,24.741421,20.182701,6602838
2004-10-19,24.711824,24.771015,24.475065,24.553986,20.029799,6308262
2004-10-20,24.445471,24.563850,24.297495,24.406010,19.909090,5586518
2004-10-21,24.386280,24.958450,24.169250,24.958450,20.359741,7961176
2004-10-22,24.761150,24.790745,24.218575,24.287630,19.812527,5831526
2004-10-25,24.080465,24.267900,23.942354,24.258036,19.788382,5799493
2004-10-26,24.169250,24.593445,24.031139,24.534254,20.013704,5979219
2004-10-27,24.425739,24.642771,24.169250,24.632904,20.094181,5271668
2004-10-28,24.632904,24.859800,24.445471,24.780880,20.214890,4965129
2004-10-29,24.662500,24.918989,24.563850,24.879530,20.295359,6362899
2004-11-01,24.790745,25.076830,24.455336,24.889395,20.303410,5372428
2004-11-02,24.632904,25.510889,24.632904,25.116289,20.488497,8445717
2004-11-03,25.550350,25.579945,25.116289,25.293859,20.633350,6032134
2004-11-04,25.382645,26.033735,25.333321,25.964680,21.180569,6877547
2004-11-05,25.964680,26.309956,25.796974,26.073195,21.269087,7302788
2004-11-08,25.796974,25.944950,25.609541,25.688459,20.955238,5572225
2004-11-09,25.649000,26.132385,25.649000,25.915356,21.140335,5872884
2004-11-10,26.043600,26.497391,26.004141,26.300091,21.454176,7939483
2004-11-11,26.438200,26.438200,25.994274,26.231035,21.397844,6623112
2004-11-12,26.191574,26.596041,26.112656,26.438200,21.566841,5176381
2004-11-15,26.497391,26.605906,26.270494,26.369144,21.510506,4972225
2004-11-16,26.191574,26.398741,26.063330,26.171844,21.349562,5974557
2004-11-17,26.191574,26.517120,26.112656,26.201441,21.373705,6225038
2004-11-18,26.112656,26.329685,25.964680,26.014006,21.220804,6066194
2004-11-19,26.536850,26.714420,26.142250,26.300091,21.454176,9298125
2004-11-22,26.319820,26.852530,26.142250,26.822935,21.880684,6695084
2004-11-23,26.832800,27.000505,26.744015,26.951180,21.985300,6170198
2004-11-24,27.030100,27.079426,26.842665,26.970909,22.001398,3396249
2004-11-26,26.862394,26.970909,26.536850,26.753880,21.824356,1487481
2004-11-29,26.970909,27.069559,26.339550,26.694691,21.776073,5664369
2004-11-30,26.615770,26.882126,26.517120,26.517120,21.631218,4970502
2004-12-01,26.605906,27.404970,26.596041,27.306320,22.275003,7988140
2004-12-02,27.306320,27.612135,27.237265,27.247129,22.226721,5921338
2004-12-03,27.148479,27.375376,26.911720,27.000505,22.025536,5587126
2004-12-06,27.000505,27.128750,26.832800,26.951180,21.985300,3898936
2004-12-07,26.872259,27.109020,26.625635,26.734150,21.808260,5969488
2004-12-08,26.704556,26.832800,26.319820,26.832800,22.084312,6281703
2004-12-09,26.832800,27.266859,26.783476,27.247129,22.425322,7443994
2004-12-10,26.645365,27.602270,26.645365,27.256994,22.433441,4061835
2004-12-13,27.266859,27.414835,27.217535,27.355644,22.514635,5121034
2004-12-14,27.355644,27.365511,27.207670,27.286591,22.457800,5528231
2004-12-15,27.128750,27.335915,27.109020,27.227400,22.409086,6935124
2004-12-16,27.227400,27.483891,27.059694,27.178076,22.368490,6128941
2004-12-17,27.187941,27.375376,26.980776,27.000505,22.222340,8173948
2004-12-20,27.059694,27.256994,26.862394,27.049829,22.262936,4614192
2004-12-21,27.000505,27.276726,26.921585,27.109020,22.311653,4382159
2004-12-22,27.197805,27.276726,27.010370,27.256994,22.433441,4294475
2004-12-23,27.187941,27.306320,27.148479,27.217535,22.400963,2940699
2004-12-27,27.286591,27.474026,27.217535,27.375376,22.530876,2946984
2004-12-28,27.395105,27.612135,27.316185,27.612135,22.725735,3352053
2004-12-29,27.503620,27.602270,27.444429,27.572676,22.693256,3597669
2004-12-30,27.602270,27.651594,27.503620,27.503620,22.636421,3949012
2004-12-31,27.602270,27.622000,27.385241,27.424700,22.571474,2451799
2005-01-03,27.434565,27.878490,27.434565,27.474026,22.612068,5698936
2005-01-04,27.839029,27.839029,27.148479,27.178076,22.368490,5893969
2005-01-05,27.375376,27.375376,27.020235,27.030100,22.246700,5454638
2005-01-06,27.059694,27.483891,26.990641,27.069559,22.279181,5606893
2005-01-07,27.128750,27.168209,26.684826,26.803205,22.059959,6624430
2005-01-10,26.783476,27.010370,26.734150,26.911720,22.149267,4510289
2005-01-11,26.793341,27.069559,26.744015,26.842665,22.092436,7641967
2005-01-12,26.852530,27.503620,26.793341,27.345779,22.506517,7918297
2005-01-13,27.503620,27.503620,27.256994,27.375376,22.530876,6743436
2005-01-14,27.700920,28.115250,27.671326,27.917950,22.977428,12502889
2005-01-18,27.927814,28.460526,27.868626,28.352011,23.334679,9677344
2005-01-19,28.381605,28.549311,28.075790,28.115250,23.139811,8632032
2005-01-20,28.016600,28.322414,27.868626,28.134979,23.156055,5963811
2005-01-21,28.134979,28.204035,27.769976,27.769976,22.855648,6256868
2005-01-24,27.769976,27.888355,27.523350,27.572676,22.693256,6121439
2005-01-25,27.799570,28.460526,27.572676,28.411200,23.383389,10043690
2005-01-26,28.519714,28.519714,27.927814,28.194170,23.204771,7490623
2005-01-27,28.036329,28.174440,27.681190,27.917950,22.977428,7241764
2005-01-28,27.819300,27.996870,27.582541,27.848894,22.920595,7795540
2005-01-31,28.213900,28.460526,28.065926,28.243496,23.245365,6912722
2005-02-01,28.361876,28.578905,28.046194,28.411200,23.383389,10887582
2005-02-02,28.499985,28.509850,28.292820,28.440796,23.407749,7762088
2005-02-03,28.470390,28.470390,28.134979,28.411200,23.383389,5205981
2005-02-04,28.381605,28.963640,28.282955,28.914314,23.797468,9378814
2005-02-07,29.022829,29.496349,28.864990,29.476620,24.260269,9398479
2005-02-08,29.476620,29.585135,29.220131,29.437160,24.227791,6019159
2005-02-09,29.348375,29.427296,28.953775,28.953775,23.829948,6622504
2005-02-10,29.131346,29.170805,28.825529,28.953775,23.829948,5475418
2005-02-11,28.845261,29.141211,28.588770,28.943911,23.821831,6097516
2005-02-14,28.845261,29.042561,28.608500,28.993235,23.862423,5146680
2005-02-15,28.914314,29.180670,28.845261,29.180670,24.016689,5094374
2005-02-16,29.101749,29.101749,28.874855,28.934046,23.813709,4131069
2005-02-17,28.845261,29.072155,28.756475,28.953775,23.829948,4824531
2005-02-18,28.963640,28.973505,28.667690,28.667690,23.594494,5194425
2005-02-22,28.450661,28.608500,28.036329,28.046194,23.082977,7571110
2005-02-23,28.046194,28.450661,27.720650,28.263226,23.261602,6045109
2005-02-24,28.154711,28.381605,27.710785,27.769976,22.855648,8553776
2005-02-25,27.720650,28.115250,27.138615,27.513485,22.644541,10205170
2005-02-28,27.365511,27.562811,27.227400,27.562811,22.685135,6596148
2005-03-01,27.592405,28.125114,27.523350,28.095520,23.123575,7574962
2005-03-02,28.016600,28.460526,27.917950,28.302685,23.294081,4694475
2005-03-03,28.302685,28.381605,28.026464,28.184305,23.196651,6930056
2005-03-04,28.361876,28.578905,28.223764,28.490120,23.448345,6135732
2005-03-07,28.480255,28.608500,28.361876,28.569040,23.513302,4111911
2005-03-08,28.361876,28.371740,28.046194,28.144844,23.164171,6433452
2005-03-09,27.996870,28.134979,27.316185,27.602270,22.717611,9296300
2005-03-10,27.503620,27.829165,27.434565,27.622000,22.733854,4978104
2005-03-11,27.740379,27.829165,27.099155,27.217535,22.400963,6969184
2005-03-14,27.622000,27.720650,27.256994,27.641729,22.750092,7984795
2005-03-15,27.917950,28.578905,27.917950,28.213900,23.221006,10863457
2005-03-16,28.065926,28.529579,28.016600,28.263226,23.261602,9857881
2005-03-17,28.460526,28.499985,27.937679,27.987005,23.034262,6478763
2005-03-18,28.056061,28.056061,27.444429,27.710785,22.806929,11746376
2005-03-21,27.839029,28.006735,27.523350,27.799570,22.879997,4423213
2005-03-22,27.700920,28.026464,27.404970,27.404970,22.555229,5136746
2005-03-23,27.533215,27.651594,27.355644,27.404970,22.555229,5259807
2005-03-24,27.424700,27.769976,27.375376,27.375376,22.530876,4841358
2005-03-28,27.552944,28.036329,27.533215,27.789705,22.871880,5191181
2005-03-29,27.720650,27.868626,27.424700,27.523350,22.652660,6244197
2005-03-30,27.622000,28.065926,27.592405,27.967276,23.018026,4923771
2005-03-31,28.016600,28.460526,27.868626,28.342146,23.326555,6443588
2005-04-01,28.401335,28.499985,28.125114,28.194170,23.204771,5260720
2005-04-04,28.263226,28.282955,27.937679,28.046194,23.082977,4672985
2005-04-05,27.987005,28.273090,27.927814,28.154711,23.172289,4473898
2005-04-06,28.263226,28.282955,27.957411,28.026464,23.066740,3758540
2005-04-07,28.026464,28.322414,27.967276,28.312550,23.302200,4779726
2005-04-08,28.253361,28.608500,27.917950,28.016600,23.058622,4549417
2005-04-11,28.006735,28.075790,27.671326,27.750244,22.839403,4415915
2005-04-12,27.720650,27.829165,27.345779,27.760111,22.847525,6181652
2005-04-13,27.651594,27.917950,27.326050,27.326050,22.490278,4380639
2005-04-14,27.266859,27.503620,27.148479,27.256994,22.433441,5631221
2005-04-15,27.187941,27.375376,26.961044,27.000505,22.222340,7607197
2005-04-18,26.635500,26.931450,26.576309,26.576309,21.873213,6055347
2005-04-19,26.487526,26.921585,26.487526,26.783476,22.043722,6150938
2005-04-20,26.586176,26.862394,26.240900,26.260630,21.613396,5368474
2005-04-21,26.448065,27.375376,26.349415,27.296455,22.465923,7220578
2005-04-22,27.227400,27.335915,26.576309,26.931450,22.165504,4962696
2005-04-25,26.970909,27.049829,26.684826,26.832800,22.084312,4361683
2005-04-26,26.744015,26.753880,26.438200,26.438200,21.759548,5807603
2005-04-27,26.339550,26.536850,26.152115,26.477659,21.792023,5511100
2005-04-28,26.240900,26.329685,25.471430,25.550350,21.028814,9948099
2005-04-29,25.698324,26.043600,25.362915,26.043600,21.434774,8371313
2005-05-02,26.211306,26.359280,25.757515,25.974545,21.377937,6490218
2005-05-03,25.974545,26.092924,25.668730,25.895624,21.312986,7073492
2005-05-04,25.895624,26.457930,25.826571,26.428335,21.751427,5219260
2005-05-05,26.339550,26.596041,26.270494,26.349415,21.686472,4437608
2005-05-06,26.586176,26.783476,26.448065,26.526985,21.832619,5810137
2005-05-09,26.586176,26.813070,26.586176,26.694691,21.970648,5957932
2005-05-10,26.536850,26.704556,26.319820,26.586176,21.881334,5368880
2005-05-11,26.615770,27.404970,25.895624,26.309956,21.653997,10819260
2005-05-12,26.586176,26.724285,26.260630,26.388874,21.718948,7838419
2005-05-13,26.546715,26.734150,26.398741,26.635500,21.921930,7178104
2005-05-16,26.684826,26.803205,26.566444,26.704556,21.978765,6104815
2005-05-17,26.586176,27.030100,26.546715,26.911720,22.149267,6307755
2005-05-18,27.069559,27.227400,26.793341,27.128750,22.327892,7473999
2005-05-19,27.316185,27.641729,27.276726,27.562811,22.685135,6661227
2005-05-20,27.622000,27.622000,27.424700,27.454294,22.595827,6157121
2005-05-23,27.395105,27.454294,27.158344,27.178076,22.368490,8412671
2005-05-24,27.079426,27.365511,27.049829,27.286591,22.457800,6050380
2005-05-25,27.039965,27.375376,26.931450,27.276726,22.449680,6817841
2005-05-26,27.424700,27.552944,27.365511,27.424700,22.571474,5110289
2005-05-27,27.385241,27.622000,27.355644,27.503620,22.636421,3821997
2005-05-31,27.306320,27.345779,27.049829,27.069559,22.279181,6227268
2005-06-01,27.138615,27.434565,26.990641,27.207670,22.392845,5881804
2005-06-02,27.207670,27.227400,27.020235,27.069559,22.279181,5425038
2005-06-03,26.980776,27.069559,26.882126,26.951180,22.181744,5510593
2005-06-06,26.901855,27.089291,26.694691,26.714420,21.986881,6628180
2005-06-07,26.783476,27.128750,26.783476,26.921585,22.157391,7212164
2005-06-08,27.030100,27.247129,26.990641,27.039965,22.254820,5916168
2005-06-09,26.980776,27.286591,26.961044,27.178076,22.368490,4983274
2005-06-10,27.178076,27.335915,26.339550,27.148479,22.344131,6142220
2005-06-13,27.030100,27.503620,26.931450,27.385241,22.538994,5971211
2005-06-14,27.474026,27.612135,27.227400,27.266859,22.441561,6907957
2005-06-15,27.424700,27.424700,26.615770,26.674959,21.954407,10490522
2005-06-16,26.704556,26.832800,26.408606,26.418470,21.743307,6875013
2005-06-17,26.813070,26.813070,26.240900,26.339550,21.678350,9602433
2005-06-20,26.171844,26.339550,26.053465,26.231035,21.589041,5527319
2005-06-21,26.319820,26.526985,26.211306,26.369144,21.702713,3888697
2005-06-22,26.536850,26.635500,26.240900,26.329685,21.670237,4638824
2005-06-23,26.309956,26.438200,25.895624,25.915356,21.329226,4407501
2005-06-24,25.658865,25.935085,25.333321,25.688459,21.142481,6235986
2005-06-27,25.688459,25.796974,25.126156,25.283995,20.809595,6917587
2005-06-28,25.412239,25.698324,25.353050,25.510889,20.996336,6326711
2005-06-29,25.412239,25.491159,25.027506,25.086695,20.647207,8079473
2005-06-30,25.333321,25.402374,24.780880,24.840071,20.444231,7739584
2005-07-01,24.879530,25.145885,24.623039,24.751286,20.371157,5244805
2005-07-05,24.741421,24.909124,24.534254,24.701960,20.330557,5697314
2005-07-06,24.593445,24.721689,24.415874,24.455336,20.127584,7361987
2005-07-07,24.139654,24.327089,24.021275,24.119925,19.851521,10409225
2005-07-08,24.080465,24.918989,24.050871,24.662500,20.298079,10447238
2005-07-11,25.007774,25.126156,24.692095,24.840071,20.444231,8896706
2005-07-12,24.909124,25.372780,24.711824,25.066965,20.630976,10275824
2005-07-13,25.244535,25.530621,25.057100,25.362915,20.874548,7599797
2005-07-14,25.570080,26.142250,25.501024,25.974545,21.377937,12597770
2005-07-15,26.043600,26.112656,25.895624,26.023870,21.418535,7714242
2005-07-18,25.974545,26.092924,25.658865,25.698324,21.150602,7284744
2005-07-19,25.668730,25.777245,25.264265,25.412239,20.915144,8686569
2005-07-20,25.422106,25.520756,25.214939,25.481295,20.971977,6153573
2005-07-21,25.501024,25.501024,25.155750,25.214939,20.752756,5524278
2005-07-22,25.185345,25.510889,25.165615,25.481295,20.971977,4499341
2005-07-25,25.481295,25.579945,25.244535,25.293859,20.817713,3796959
2005-07-26,25.372780,25.796974,25.313589,25.530621,21.012573,6003041
2005-07-27,25.836435,25.836435,25.264265,25.481295,20.971977,5697922
2005-07-28,25.353050,25.757515,25.353050,25.599674,21.069407,4331576
2005-07-29,25.540485,25.629271,25.283995,25.293859,20.817713,3809529
2005-08-01,25.293859,25.441835,25.175480,25.264265,20.793356,5378510
2005-08-02,25.234671,25.303724,25.106424,25.214939,20.752756,4827369
2005-08-03,25.323456,25.796974,25.175480,25.422106,20.923265,7814597
2005-08-04,25.402374,25.481295,25.214939,25.274130,20.801476,4038925
2005-08-05,25.155750,25.244535,24.958450,25.136021,20.687807,3974252
2005-08-08,25.106424,25.412239,24.948586,25.066965,20.630976,4148910
2005-08-09,25.293859,25.905491,25.293859,25.787109,21.223675,10838824
2005-08-10,25.254400,25.599674,24.928856,25.126156,20.679688,12615408
2005-08-11,25.057100,25.550350,25.057100,25.530621,21.012573,8425342
2005-08-12,25.481295,25.530621,25.175480,25.412239,20.915144,6488596
2005-08-15,25.501024,25.905491,25.372780,25.816706,21.248034,9071870
2005-08-16,25.846300,26.004141,25.727921,25.905491,21.321108,8494171
2005-08-17,25.816706,26.112656,25.718056,25.935085,21.345463,5834161
2005-08-18,25.816706,25.905491,25.658865,25.727921,21.174963,6346275
2005-08-19,25.747650,25.846300,25.570080,25.619406,21.085648,5775773
2005-08-22,25.560215,25.619406,25.155750,25.382645,20.890789,9462848
2005-08-23,25.283995,25.501024,25.205074,25.451700,20.947618,7162494
2005-08-24,25.362915,25.451700,25.057100,25.057100,20.622854,7804055
2005-08-25,25.145885,25.145885,24.810474,24.859800,20.460463,7690928
2005-08-26,24.909124,25.136021,24.820339,24.988045,20.566017,6527217
2005-08-29,24.790745,25.116289,24.761150,25.007774,20.582254,6098429
2005-08-30,24.800610,25.017639,24.790745,24.948586,20.533541,10779422
2005-08-31,24.909124,24.909124,24.583580,24.849936,20.452347,9612266
2005-09-01,24.751286,24.830206,24.317225,24.356686,20.046383,10264774
2005-09-02,24.356686,24.593445,24.218575,24.425739,20.103220,6454131
2005-09-06,24.465200,24.918989,24.465200,24.830206,20.436108,7265180
2005-09-07,24.701960,24.997910,24.692095,24.879530,20.476707,7044197
2005-09-08,24.701960,24.810474,24.563850,24.613174,20.257488,9233857
2005-09-09,24.613174,24.958450,24.504660,24.701960,20.330557,8595033
2005-09-12,24.731556,24.820339,24.573715,24.780880,20.395517,5971110
2005-09-13,24.780880,24.790745,24.455336,24.475065,20.143816,5969691
2005-09-14,24.475065,24.642771,23.528025,23.784515,19.575472,13312620
2005-09-15,23.695730,23.784515,23.577351,23.676001,19.486158,14430917
2005-09-16,23.774651,23.912760,23.695730,23.784515,19.575472,11912722
2005-09-19,23.676001,23.735189,23.478701,23.577351,19.404970,8084237
2005-09-20,23.577351,23.853571,23.419510,23.429375,19.283176,10527724
2005-09-21,23.271536,23.350454,23.005180,23.015045,18.942177,11679878
2005-09-22,22.916395,23.034775,22.590851,22.916395,18.860979,11440142
2005-09-23,22.807880,22.965719,22.659904,22.906530,18.852858,10055449
2005-09-26,23.084101,23.123560,22.817745,22.945990,18.885332,7323872
2005-09-27,22.985451,23.172886,22.788151,23.044640,18.966530,8805271
2005-09-28,23.024910,23.251804,22.906530,23.054504,18.974649,8470552
2005-09-29,23.054504,23.676001,22.965719,23.636539,19.453682,11694475
2005-09-30,23.715460,24.021275,23.695730,23.804245,19.591707,8197162
2005-10-03,23.804245,23.893030,23.636539,23.685865,19.494276,5863254
2005-10-04,24.287630,24.662500,23.735189,24.228439,19.940836,15716168
2005-10-05,24.070601,24.238304,23.893030,23.902895,19.672901,9093360
2005-10-06,23.922625,24.267900,23.597080,23.764786,19.559235,9974252
2005-10-07,23.774651,23.863436,23.695730,23.774651,19.567350,5812570
2005-10-10,23.715460,23.794380,23.518160,23.557619,19.388733,6800811
2005-10-11,23.498430,23.764786,23.380051,23.449104,19.299412,8460314
2005-10-12,23.429375,23.636539,22.886801,23.024910,18.950291,12674911
2005-10-13,22.837475,23.143290,22.768419,23.113695,19.023369,8466700
2005-10-14,23.093966,23.222210,22.886801,23.074236,18.990889,6541510
2005-10-17,22.926260,23.232075,22.817745,23.172886,19.072079,7324886
2005-10-18,23.172886,23.222210,22.876934,23.074236,18.990889,9321541
2005-10-19,22.906530,23.163019,22.590851,23.123560,19.031488,8650177
2005-10-20,23.015045,23.123560,22.580984,22.650040,18.641762,7724480
2005-10-21,22.788151,23.074236,22.590851,22.669769,18.657995,8882311
2005-10-24,22.669769,23.034775,22.659904,22.985451,18.917818,8425241
2005-10-25,22.857204,23.291265,22.837475,23.202480,19.096439,8796959
2005-10-26,23.232075,23.528025,23.172886,23.261669,19.145149,6936138
2005-10-27,23.439240,23.478701,23.034775,23.103830,19.015245,6264166
2005-10-28,23.212345,23.676001,23.182751,23.498430,19.340014,8803447
2005-10-31,23.676001,24.169250,23.656269,24.041004,19.786570,10385910
2005-11-01,23.952221,24.475065,23.952221,24.327089,20.022032,12009630
2005-11-02,24.267900,24.534254,24.228439,24.484930,20.151934,7455449
2005-11-03,24.642771,24.662500,24.297495,24.563850,20.216890,9572833
2005-11-04,24.662500,24.711824,24.258036,24.475065,20.143816,6894273
2005-11-07,24.662500,24.859800,24.534254,24.820339,20.427988,7903903
2005-11-08,24.830206,24.918989,24.731556,24.820339,20.427988,7530765
2005-11-09,24.820339,25.195210,24.820339,25.076830,20.639091,8767968
2005-11-10,25.057100,25.451700,25.047235,25.362915,20.874548,7589356
2005-11-11,25.362915,25.649000,25.283995,25.510889,20.996336,8285251
2005-11-14,25.451700,25.836435,25.402374,25.658865,21.118124,10538773
2005-11-15,25.579945,25.757515,25.353050,25.708191,21.158728,10909072
2005-11-16,25.668730,25.806841,25.264265,25.501024,20.988214,8954688
2005-11-17,25.392509,25.747650,25.353050,25.639135,21.101891,9867207
2005-11-18,25.155750,25.333321,24.682230,24.859800,20.460463,20652813
2005-11-21,24.711824,24.830206,24.425739,24.711824,20.338675,9386619
2005-11-22,24.583580,24.662500,24.396145,24.603310,20.249363,9305626
2005-11-23,24.790745,24.810474,24.573715,24.623039,20.265604,7699037
2005-11-25,24.682230,24.849936,24.623039,24.711824,20.338675,2120324
2005-11-28,24.849936,24.859800,24.504660,24.682230,20.314323,5972022
2005-11-29,24.721689,24.899260,24.662500,24.741421,20.363039,7616827
2005-11-30,24.761150,24.761150,24.465200,24.593445,20.241247,9724785
2005-12-01,24.711824,24.771015,24.563850,24.623039,20.265604,7982666
2005-12-02,24.553986,24.662500,24.484930,24.544121,20.200649,5777800
2005-12-05,24.484930,24.721689,24.475065,24.672365,20.306202,9765433
2005-12-06,24.810474,25.234671,24.711824,25.175480,20.720282,10446224
2005-12-07,25.155750,25.353050,24.988045,25.323456,20.842070,8543943
2005-12-08,24.988045,25.165615,24.632904,24.711824,20.554876,7986011
2005-12-09,24.741421,24.909124,24.692095,24.849936,20.669756,5618855
2005-12-12,24.948586,25.106424,24.810474,24.810474,20.636930,4490623
2005-12-13,24.761150,24.938721,24.701960,24.790745,20.620523,6894678
2005-12-14,24.711824,24.790745,24.504660,24.662500,20.513849,8764116
2005-12-15,24.662500,24.751286,24.376415,24.406010,20.300507,8148403
2005-12-16,24.563850,24.573715,24.208710,24.366550,20.267689,16276939
2005-12-19,23.991680,24.514524,23.991680,24.208710,20.136396,6916675
2005-12-20,24.188980,24.346821,23.893030,23.942354,19.914846,9194222
2005-12-21,23.942354,24.050871,23.626675,23.774651,19.775352,7954688
2005-12-22,23.794380,23.883165,23.636539,23.863436,19.849205,6688191
2005-12-23,23.626675,24.050871,23.626675,23.942354,19.914846,3355195
2005-12-27,24.011410,24.070601,23.774651,23.814110,19.808176,4646325
2005-12-28,23.784515,23.971951,23.784515,23.804245,19.799967,4596148
2005-12-29,23.853571,23.952221,23.774651,23.843704,19.832788,4937354
2005-12-30,23.823975,23.863436,23.626675,23.646404,19.668680,7336036
2006-01-03,23.754919,24.149521,23.676001,24.070601,20.021519,9789559
2006-01-04,24.169250,24.356686,23.449104,23.666136,19.685091,13337658
2006-01-05,23.804245,24.356686,23.774651,24.080465,20.029722,8816219
2006-01-06,24.317225,24.455336,24.110060,24.406010,20.300507,6500253
2006-01-09,24.514524,24.692095,24.386280,24.662500,20.513849,6680487
2006-01-10,24.682230,24.988045,24.662500,24.978180,20.776426,11957628
2006-01-11,25.037371,25.441835,24.909124,25.214939,20.973358,12363406
2006-01-12,25.303724,25.441835,25.175480,25.293859,21.039005,10032438
2006-01-13,25.264265,25.392509,25.155750,25.353050,21.088242,8184085
2006-01-17,25.481295,25.481295,25.037371,25.037371,20.825661,9454435
2006-01-18,24.889395,25.007774,24.652636,24.859800,20.677958,8039027
2006-01-19,24.573715,25.944950,24.573715,25.885759,21.531338,26900051
2006-01-20,25.747650,26.142250,25.254400,25.372780,21.104652,19239838
2006-01-23,25.402374,25.451700,24.909124,25.175480,20.940536,11466295
2006-01-24,25.254400,25.777245,25.254400,25.639135,21.326200,22468525
2006-01-25,25.836435,25.846300,25.007774,25.096560,20.874897,33507755
2006-01-26,25.155750,25.234671,24.563850,24.741421,20.579494,32957324
2006-01-27,24.820339,24.938721,24.652636,24.741421,20.579494,11889407
2006-01-30,24.879530,25.234671,24.840071,25.116289,20.891304,20834364
2006-01-31,25.155750,25.165615,24.889395,24.968315,20.768225,16210846
2006-02-01,24.810474,24.997910,24.810474,24.928856,20.735401,12136746
2006-02-02,24.810474,24.830206,24.662500,24.761150,20.595911,10782463
2006-02-03,24.642771,24.771015,24.563850,24.672365,20.522053,12187836
2006-02-06,24.859800,25.007774,24.623039,24.623039,20.481026,12514344
2006-02-07,25.224806,26.517120,25.155750,26.339550,21.908792,48682615
2006-02-08,26.300091,26.674959,26.240900,26.536850,22.072897,24842879
2006-02-09,26.497391,26.497391,26.211306,26.359280,21.925203,14052205
2006-02-10,26.250765,26.398741,26.112656,26.319820,21.892380,10365535
2006-02-13,26.319820,26.398741,25.895624,26.053465,21.670832,9759250
2006-02-14,26.201441,26.388874,26.132385,26.388874,21.949825,12130461
2006-02-15,26.388874,26.546715,26.260630,26.517120,22.056492,12259605
2006-02-16,26.536850,26.734150,26.438200,26.684826,22.195984,11117283
2006-02-17,26.684826,26.822935,26.467794,26.546715,22.081108,8212671
2006-02-21,26.152115,26.911720,26.152115,26.793341,22.286251,10791384
2006-02-22,26.862394,27.178076,26.783476,27.089291,22.532412,11107349
2006-02-23,27.089291,27.404970,27.000505,27.335915,22.737553,13015712
2006-02-24,27.335915,27.612135,27.237265,27.602270,22.959101,11974557
2006-02-27,27.622000,28.105385,27.602270,27.996870,23.287325,14870958
2006-02-28,28.075790,28.075790,27.444429,27.612135,22.967304,11006994
2006-03-01,27.622000,27.799570,27.552944,27.710785,23.049362,9220476
2006-03-02,27.622000,27.691055,27.365511,27.651594,23.000132,9710492
2006-03-03,27.562811,28.056061,27.533215,27.839029,23.156034,7980132
2006-03-06,27.769976,27.839029,27.503620,27.503620,22.877048,7479676
2006-03-07,27.434565,27.681190,27.375376,27.631865,22.983719,7846427
2006-03-08,27.612135,27.769976,27.533215,27.671326,23.016541,7360061
2006-03-09,27.750244,27.888355,27.454294,27.710785,23.049362,7101368
2006-03-10,27.661461,27.917950,27.562811,27.779840,23.106804,8194323
2006-03-13,27.888355,28.233629,27.779840,28.174440,23.435024,10551749
2006-03-14,28.075790,28.273090,28.036329,28.273090,23.517080,5684237
2006-03-15,28.213900,28.460526,28.164576,28.361876,23.590929,6735834
2006-03-16,28.421064,28.460526,28.125114,28.292820,23.533485,6096706
2006-03-17,28.401335,28.411200,28.154711,28.253361,23.500668,8086265
2006-03-20,28.292820,28.421064,28.134979,28.253361,23.500668,6354486
2006-03-21,28.184305,28.243496,27.661461,27.720650,23.057571,7787633
2006-03-22,27.730515,27.819300,27.375376,27.414835,22.803196,13208718
2006-03-23,27.523350,27.523350,27.039965,27.148479,22.581648,12652509
2006-03-24,27.118885,27.306320,26.980776,27.079426,22.524206,7011556
2006-03-27,27.030100,27.168209,26.931450,26.970909,22.433947,8442271
2006-03-28,27.039965,27.069559,26.694691,26.724285,22.228809,13007299
2006-03-29,26.852530,27.740379,26.793341,27.483891,22.860630,13031323
2006-03-30,27.306320,27.710785,27.276726,27.493755,22.868839,7445413
2006-03-31,27.474026,27.671326,27.316185,27.513485,22.885250,8013989
2006-04-03,27.493755,27.691055,27.434565,27.562811,22.926281,7124075
2006-04-04,27.483891,27.868626,27.404970,27.533215,22.901659,7559655
2006-04-05,27.493755,27.562811,27.256994,27.414835,22.803196,7691840
2006-04-06,27.306320,27.454294,27.010370,27.306320,22.712936,6580841
2006-04-07,27.375376,27.622000,27.000505,27.158344,22.589849,6067917
2006-04-10,27.178076,27.622000,27.178076,27.414835,22.803196,6749823
2006-04-11,27.434565,27.671326,27.247129,27.395105,22.786785,5957121
2006-04-12,27.395105,27.622000,27.355644,27.543079,22.909866,4979828
2006-04-13,27.444429,27.622000,27.395105,27.503620,22.877048,3667005
2006-04-17,27.523350,27.523350,27.178076,27.276726,22.688318,5925900
2006-04-18,27.365511,27.809435,27.326050,27.710785,23.049362,7355499
2006-04-19,27.710785,27.720650,27.099155,27.109020,22.548826,7730765
2006-04-20,27.089291,27.168209,26.921585,26.970909,22.433947,8012063
2006-04-21,27.168209,27.168209,26.546715,26.655230,22.171370,7737760
2006-04-24,26.448065,26.970909,26.388874,26.901855,22.376507,6906842
2006-04-25,27.059694,27.168209,26.507256,26.635500,22.154957,8157628
2006-04-26,26.635500,27.069559,26.615770,26.832800,22.319071,6620476
2006-04-27,26.635500,27.474026,26.635500,27.385241,22.778582,9712823
2006-04-28,27.335915,27.769976,27.276726,27.582541,22.942690,11729042
2006-05-01,27.631865,27.799570,27.256994,27.296455,22.704733,8388444
2006-05-02,27.523350,27.651594,27.404970,27.513485,22.885250,6899240
2006-05-03,27.572676,27.779840,27.513485,27.730515,23.065775,8559351
2006-05-04,27.779840,28.046194,27.779840,28.016600,23.303734,7910492
2006-05-05,28.115250,28.756475,28.115250,28.697285,23.869917,52736138
2006-05-08,28.904449,28.924179,28.223764,28.381605,23.607340,27962190
2006-05-09,28.460526,29.200399,28.391470,29.180670,24.271988,18452103
2006-05-10,29.397699,29.782434,29.180670,29.703514,24.706881,21400405
2006-05-11,29.447025,29.535810,29.121481,29.397699,24.452511,14666194
2006-05-12,29.397699,29.575270,29.210264,29.496349,24.534563,12967461
2006-05-15,29.348375,29.594999,29.318781,29.585135,24.608412,11148099
2006-05-16,29.565405,30.038925,29.466755,29.940275,24.903812,14396553
2006-05-17,29.871220,29.890949,29.249725,29.358240,24.419685,15452610
2006-05-18,29.358240,29.525946,28.786070,29.200399,24.288401,13824126
2006-05-19,29.299049,29.989599,29.229996,29.742975,24.739708,14111404
2006-05-22,29.693649,29.910681,29.447025,29.594999,24.616621,12137658
2006-05-23,29.693649,30.038925,29.545675,29.821896,24.805344,10522352
2006-05-24,29.900814,29.940275,29.575270,29.733110,24.731501,12651799
2006-05-25,29.890949,29.920546,29.604864,29.742975,24.739708,8432945
2006-05-26,29.920546,30.117846,29.841625,30.098116,25.035103,7595438
2006-05-30,30.048790,30.058655,29.752840,29.792299,24.780731,8308971
2006-05-31,29.940275,30.098116,29.723246,30.088249,25.026896,14483122
2006-06-01,30.088249,30.305281,30.009331,30.206631,25.125366,10212367
2006-06-02,30.196766,30.275684,30.038925,30.206631,25.125366,8780132
2006-06-05,30.206631,30.571634,30.038925,30.325010,25.223829,10158236
2006-06-06,30.472984,30.561769,29.969870,30.117846,25.051516,16524480
2006-06-07,30.117846,30.611095,30.009331,30.236225,25.149982,13680385
2006-06-08,30.038925,30.068520,29.299049,29.466755,24.509953,20901774
2006-06-09,29.516081,29.594999,28.855125,28.934046,24.066853,15250988
2006-06-12,28.016600,28.618364,27.917950,28.509850,23.714010,19011556
2006-06-13,28.134979,28.342146,27.839029,27.898220,23.205271,13736036
2006-06-14,27.622000,28.411200,27.572676,28.302685,23.541697,15075621
2006-06-15,28.253361,28.855125,28.115250,28.795935,23.951973,11960365
2006-06-16,28.993235,29.141211,28.657825,29.052425,24.165314,12722048
2006-06-19,29.032696,29.052425,28.608500,28.677555,23.853504,12419159
2006-06-20,28.628229,28.943911,28.519714,28.835396,23.984797,13811556
2006-06-21,28.776205,29.348375,28.647961,28.736746,23.902742,11726812
2006-06-22,28.736746,29.111614,28.677555,28.884720,24.025820,9550735
2006-06-23,28.805799,28.884720,28.470390,28.726879,23.894533,8750025
2006-06-26,28.677555,29.348375,28.667690,29.269455,24.345839,9528434
2006-06-27,29.180670,29.249725,28.924179,29.012964,24.132494,9016118
2006-06-28,29.012964,29.239861,28.845261,28.983370,24.107880,8398277
2006-06-29,29.180670,29.664055,29.091885,29.476620,24.518154,11240851
2006-06-30,29.476620,29.762705,29.417431,29.594999,24.616621,12560568
2006-07-03,29.782434,29.900814,29.555540,29.614731,24.633030,5875215
2006-07-05,29.417431,30.038925,29.299049,29.664055,24.674059,11341814
2006-07-06,29.654190,30.038925,29.535810,29.634460,24.649445,10917993
2006-07-07,29.496349,29.673920,29.269455,29.427296,24.477125,9477344
2006-07-10,29.742975,29.930410,29.447025,29.516081,24.550976,11878256
2006-07-11,29.496349,29.861355,29.427296,29.841625,24.821760,10149214
2006-07-12,29.841625,29.890949,29.407564,29.506214,24.542768,8530157
2006-07-13,28.904449,28.934046,28.065926,28.312550,23.549900,17884440
2006-07-14,28.164576,28.312550,27.769976,28.105385,23.377584,10685150
2006-07-17,27.779840,28.213900,27.769976,28.213900,23.467844,10588444
2006-07-18,28.085655,28.746611,27.937679,28.707150,23.878126,10974962
2006-07-19,28.647961,29.141211,28.559175,28.864990,24.009409,11712114
2006-07-20,28.845261,29.348375,28.726879,28.726879,23.894533,9347795
2006-07-21,28.519714,28.598635,28.046194,28.085655,23.361176,11008414
2006-07-24,28.174440,29.012964,28.105385,28.973505,24.099672,9340294
2006-07-25,28.805799,29.220131,28.569040,29.082020,24.189934,8081196
2006-07-26,29.052425,29.249725,28.825529,28.943911,24.075056,8281703
2006-07-27,29.239861,29.239861,28.776205,28.815664,23.968378,10630005
2006-07-28,28.983370,29.387835,28.864990,29.299049,24.370455,14853827
2006-07-31,29.151075,29.328646,29.003099,29.289185,24.362249,9415915
2006-08-01,29.249725,29.348375,28.924179,28.953775,24.083261,9992701
2006-08-02,28.934046,29.516081,28.914314,29.397699,24.452511,8592195
2006-08-03,29.111614,29.693649,28.993235,29.634460,24.649445,8253523
2006-08-04,29.673920,29.713381,29.200399,29.496349,24.534563,10043082
2006-08-07,29.496349,29.496349,28.786070,28.993235,24.116076,10644703
2006-08-08,29.101749,29.289185,28.381605,28.588770,23.779657,12581450
2006-08-09,29.594999,29.644325,28.401335,28.440796,23.656572,18942828
2006-08-10,28.361876,29.328646,28.302685,29.180670,24.271988,17259605
2006-08-11,29.220131,29.279320,28.825529,29.032696,24.148905,6915459
2006-08-14,29.131346,29.397699,29.042561,29.121481,24.222757,8793817
2006-08-15,29.249725,29.358240,29.082020,29.239861,24.321222,7611049
2006-08-16,29.308914,29.358240,29.160940,29.308914,24.378658,9914242
2006-08-17,29.200399,29.594999,29.160940,29.496349,24.534563,6190775
2006-08-18,29.565405,29.565405,29.239861,29.506214,24.542768,6821490
2006-08-21,29.496349,29.565405,29.279320,29.565405,24.592005,6809934
2006-08-22,29.565405,29.644325,29.111614,29.239861,24.321222,14945869
2006-08-23,29.220131,29.397699,28.618364,28.795935,23.951973,9195236
2006-08-24,28.776205,28.914314,28.430929,28.559175,23.755039,10489711
2006-08-25,28.411200,28.677555,28.312550,28.559175,23.755039,5944045
2006-08-28,28.539446,29.052425,28.529579,28.973505,24.099672,5185200
2006-08-29,29.003099,29.131346,28.608500,28.717014,23.886326,9098733
2006-08-30,28.835396,29.210264,28.835396,29.170805,24.263779,7928028
2006-08-31,29.101749,29.308914,28.914314,29.249725,24.329432,5312418
2006-09-01,29.417431,29.594999,29.249725,29.486485,24.526358,6010948
2006-09-05,29.417431,29.634460,29.348375,29.447025,24.493536,5984187
2006-09-06,29.318781,29.368105,29.170805,29.210264,24.296604,4957729
2006-09-07,29.022829,29.289185,28.904449,29.091885,24.198135,6719716
2006-09-08,29.644325,29.644325,29.101749,29.180670,24.271988,7524278
2006-09-11,29.003099,29.427296,29.003099,29.368105,24.427891,6632337
2006-09-12,29.348375,29.871220,29.259590,29.802164,24.788933,12782362
2006-09-13,29.841625,30.098116,29.594999,30.038925,24.985872,10920527
2006-09-14,29.861355,29.999466,29.644325,29.979734,24.936636,5863153
2006-09-15,30.088249,30.167170,29.713381,29.900814,24.870991,17190370
2006-09-18,29.713381,29.920546,29.585135,29.654190,24.665855,6675013
2006-09-19,29.713381,30.196766,29.654190,30.058655,25.002283,7702382
2006-09-20,30.196766,30.630825,30.186899,30.611095,25.461792,11413583
2006-09-21,30.482849,30.709745,30.098116,30.295416,25.199211,9315661
2006-09-22,30.157305,30.285549,29.594999,29.673920,24.682262,11380132
2006-09-25,29.881084,29.989599,29.338511,29.752840,24.747910,8469944
2006-09-26,29.861355,30.680149,29.851490,30.650555,25.494614,13983071
2006-09-27,30.492716,31.035290,30.482849,30.620960,25.469997,13151343
2006-09-28,30.581499,30.808395,30.403931,30.512445,25.379736,9662240
2006-09-29,30.532175,30.877451,30.413795,30.492716,25.363325,8328434
2006-10-02,30.374334,30.601231,29.989599,30.117846,25.051516,6693462
2006-10-03,30.068520,30.630825,30.068520,30.581499,25.437176,8015104
2006-10-04,30.433525,30.847855,30.384199,30.768934,25.593081,10070248
2006-10-05,30.640690,30.739340,30.522310,30.650555,25.494614,5071972
2006-10-06,30.650555,30.966234,30.443390,30.916910,25.716166,7449671
2006-10-09,30.877451,31.163534,30.808395,30.966234,25.757191,5295692
2006-10-10,30.877451,30.966234,30.640690,30.828125,25.642307,6374455
2006-10-11,30.778799,30.976101,30.729475,30.887316,25.691547,4519311
2006-10-12,30.926775,31.005695,30.699881,30.877451,25.683340,5928637
2006-10-13,30.759069,30.818260,30.364470,30.690016,25.527435,5464470
2006-10-16,30.630825,30.719610,30.492716,30.601231,25.453588,4522352
2006-10-17,30.601231,30.798531,30.551905,30.680149,25.519228,6750836
2006-10-18,30.808395,31.163534,30.778799,31.153669,25.913094,12997364
2006-10-19,31.015560,31.321375,30.976101,31.163534,25.921301,6277952
2006-10-20,31.321375,31.360834,30.946505,31.025425,25.806427,8245616
2006-10-23,30.778799,30.907045,30.640690,30.857719,25.666927,8408515
2006-10-24,30.719610,31.015560,30.611095,30.956369,25.748985,6997263
2006-10-25,31.035290,31.124075,30.581499,30.778799,25.601284,7588951
2006-10-26,30.926775,31.548269,30.877451,31.548269,26.241316,10390775
2006-10-27,31.410160,31.558134,31.153669,31.301645,26.036177,6836999
2006-10-30,31.262184,31.479216,30.976101,31.429890,26.142849,4642575
2006-10-31,31.400295,31.449619,30.907045,31.035290,25.814629,7538368
2006-11-01,31.124075,31.429890,31.035290,31.301645,26.036177,8549113
2006-11-02,31.272051,31.380566,30.966234,31.272051,26.011560,5225849
2006-11-03,31.400295,31.538404,31.262184,31.459484,26.167465,8646528
2006-11-06,31.568001,32.041519,31.508810,32.021790,26.635187,11381855
2006-11-07,32.051384,32.574230,31.982330,32.406525,26.955200,11923771
2006-11-08,32.258549,32.791260,32.031654,32.653149,27.160339,7121338
2006-11-09,32.939236,33.393024,32.554501,33.126671,27.554209,19937253
2006-11-10,32.307877,32.406525,31.311510,31.962601,26.585953,25368880
2006-11-13,31.863951,31.913275,31.272051,31.824490,26.471069,11938773
2006-11-14,32.031654,32.159901,31.479216,32.090843,26.692623,12770502
2006-11-15,31.992195,32.327606,31.903410,32.248684,26.823910,10721237
2006-11-16,32.495312,32.653149,32.248684,32.613689,27.127514,8678966
2006-11-17,32.613689,32.761665,32.445984,32.495312,27.029051,10251191
2006-11-20,32.554501,32.672878,32.426254,32.672878,27.176744,11202331
2006-11-21,32.603825,32.919506,32.554501,32.781395,27.267010,5803447
2006-11-22,32.781395,32.830719,32.327606,32.544636,27.070078,8421591
2006-11-24,32.298012,32.613689,32.199360,32.465714,27.004427,2679473
2006-11-27,32.406525,32.445984,32.021790,32.150036,26.741861,10124480
2006-11-28,32.021790,32.534771,31.992195,32.445984,26.988022,10554080
2006-11-29,32.495312,32.554501,32.337471,32.436119,26.979816,9573441
2006-11-30,32.544636,32.791260,32.367065,32.603825,27.119310,9076837
2006-12-01,32.603825,32.682747,32.317741,32.643284,27.152134,8489407
2006-12-04,32.771530,33.047749,32.643284,32.988560,27.439327,7916472
2006-12-05,32.988560,33.738300,32.929371,33.738300,28.062950,13714648
2006-12-06,33.570595,33.728436,33.412754,33.639648,27.980890,8218753
2006-12-07,33.590324,33.886276,33.541000,33.679111,28.013714,6590573
2006-12-08,33.550865,34.024384,33.550865,33.925735,28.218849,6307552
2006-12-11,33.827084,34.172359,33.787624,34.053982,28.325525,7158642
2006-12-12,33.975060,34.211819,33.817219,34.073711,28.341938,9484744
2006-12-13,33.975060,34.093441,33.896141,33.984924,28.524090,8572833
2006-12-14,34.034248,34.271011,33.915871,34.251282,28.747648,8705322
2006-12-15,34.349930,34.369659,33.688976,33.836948,28.399895,14119108
2006-12-18,33.639648,34.221684,33.639648,34.024384,28.557209,7993411
2006-12-19,33.984924,34.418983,33.866547,34.379524,28.855278,8790775
2006-12-20,34.290741,34.330200,34.053982,34.142765,28.656569,5742017
2006-12-21,34.261147,34.330200,33.965195,34.073711,28.598618,6377496
2006-12-22,34.142765,34.142765,33.679111,33.698841,28.283981,6807907
2006-12-26,33.659382,34.162495,33.481812,34.063847,28.590334,6653928
2006-12-27,34.024384,34.231548,33.856682,34.073711,28.598618,7627065
2006-12-28,34.073711,34.340065,34.004654,34.053982,28.582052,7204663
2006-12-29,33.955330,34.142765,33.807354,33.807354,28.375055,9827876
2007-01-03,33.748165,34.073711,33.531136,33.738300,28.317101,13562595
2007-01-04,33.738300,34.083576,33.708706,34.004654,28.540649,9806285
2007-01-05,33.807354,33.975060,33.531136,33.728436,28.308815,10551445
2007-01-08,33.728436,34.162495,33.610054,34.034248,28.565489,9479676
2007-01-09,34.034248,34.221684,33.491676,33.984924,28.524090,11588444
2007-01-10,33.688976,34.083576,33.521271,34.024384,28.557209,7305525
2007-01-11,34.123035,34.557095,33.984924,34.517635,28.971201,12361379
2007-01-12,34.517635,34.813583,34.379524,34.734665,29.153358,12022301
2007-01-16,34.537365,34.675476,34.418983,34.557095,29.004320,11147897
2007-01-17,34.527500,34.823448,34.428848,34.774124,29.186478,9946173
2007-01-18,34.823448,35.444946,34.774124,35.366024,29.683271,16723872
2007-01-19,35.444946,35.484406,35.001019,35.020748,29.393475,12621186
2007-01-22,34.971424,35.001019,34.576824,34.675476,29.103678,8841662
2007-01-23,34.547230,35.158859,34.527500,35.099670,29.459715,11278865
2007-01-24,35.099670,35.267376,34.793854,34.872776,29.269285,10761683
2007-01-25,34.872776,34.941830,34.409119,34.468311,28.929810,9584693
2007-01-26,34.527500,34.596554,34.004654,34.083576,28.606892,10533604
2007-01-29,34.034248,34.596554,33.975060,34.211819,28.714527,11190370
2007-01-30,34.172359,34.616283,34.152630,34.566959,29.012608,6639736
2007-01-31,34.665611,34.783989,34.537365,34.695206,29.120245,9058895
2007-02-01,34.616283,34.675476,34.418983,34.537365,28.987764,8158236
2007-02-02,34.547230,34.902370,34.527500,34.705070,29.128531,7773239
2007-02-05,34.922100,35.010883,34.675476,34.783989,29.194759,8992296
2007-02-06,34.931965,34.981289,34.606419,34.714935,29.136805,7906944
2007-02-07,34.872776,35.109535,34.724800,35.001019,29.376911,12159250
2007-02-08,35.553459,35.602783,34.478176,34.813583,29.219601,20736442
2007-02-09,34.724800,34.823448,33.462078,33.896141,28.449574,19246224
2007-02-12,34.063847,34.192089,33.314106,33.462078,28.085264,18015509
2007-02-13,33.610054,34.152630,33.471947,34.123035,28.640013,13023822
2007-02-14,34.113171,34.349930,34.053982,34.280876,28.772488,11996452
2007-02-15,34.231548,34.261147,33.708706,34.201954,28.706249,11198682
2007-02-16,34.211819,34.438717,33.945465,34.418983,28.888403,9634871
2007-02-20,34.349930,34.655746,34.201954,34.576824,29.020882,8818246
2007-02-21,34.359795,34.764259,34.280876,34.665611,29.095402,8346782
2007-02-22,34.596554,34.764259,34.488041,34.685341,29.111967,7762392
2007-02-23,34.626148,34.734665,34.507771,34.665611,29.095402,7243690
2007-02-26,34.665611,34.813583,34.458447,34.636017,29.070566,8214090
2007-02-27,34.280876,34.527500,32.209225,32.653149,27.406313,15154283
2007-02-28,33.047749,33.915871,32.880047,33.787624,28.358500,15819361
2007-03-01,33.274647,34.034248,33.077347,33.925735,28.474409,13915966
2007-03-02,33.649513,33.777760,33.402889,33.491676,28.110104,10056462
2007-03-05,33.097076,33.649513,32.968830,33.264778,27.919657,10660821
2007-03-06,33.393024,34.083576,33.294376,33.906006,28.457857,11526406
2007-03-07,33.925735,34.152630,33.787624,33.965195,28.507536,9520831
2007-03-08,34.152630,34.359795,33.935600,34.221684,28.722807,8292043
2007-03-09,34.399254,34.428848,33.817219,33.906006,28.457857,11559149
2007-03-12,33.718571,33.906006,33.462078,33.738300,28.317101,11825950
2007-03-13,33.531136,33.659382,33.057613,33.166130,27.836861,13893664
2007-03-14,33.994789,33.994789,32.830719,33.274647,27.927942,10327522
2007-03-15,33.501541,33.629784,33.284512,33.333836,27.977623,10048049
2007-03-16,33.442348,33.639648,33.047749,33.156265,27.828585,13816929
2007-03-19,33.412754,33.659382,33.353565,33.629784,28.226017,7909275
2007-03-20,33.590324,33.965195,33.511406,33.915871,28.466131,7285555
2007-03-21,33.846813,34.774124,33.797489,34.695206,29.120245,11937557
2007-03-22,33.984924,34.941830,33.984924,34.853046,29.252722,11948910
2007-03-23,34.586689,34.833317,34.399254,34.517635,28.971201,7270958
2007-03-26,34.418983,34.774124,34.330200,34.744530,29.161640,9948606
2007-03-27,34.527500,34.636017,34.172359,34.192089,28.697968,12370198
2007-03-28,34.123035,34.132900,33.590324,33.767895,28.341934,12579625
2007-03-29,34.221684,34.241413,33.777760,33.925735,28.474409,7857273
2007-03-30,33.955330,34.280876,33.580460,33.965195,28.507536,10662848
2007-04-02,33.935600,34.044113,33.777760,34.004654,28.540649,7045920
2007-04-03,34.103306,34.695206,34.053982,34.448582,28.913248,12224430
2007-04-04,34.369659,34.399254,33.975060,34.172359,28.681406,10018550
2007-04-05,34.152630,34.537365,34.083576,34.438717,28.904968,7685048
2007-04-09,34.438717,34.537365,34.330200,34.438717,28.904968,8176280
2007-04-10,34.497906,34.557095,34.290741,34.517635,28.971201,7593614
2007-04-11,34.468311,34.606419,33.876411,34.123035,28.640013,12000101
2007-04-12,34.132900,34.261147,33.965195,34.201954,28.706249,9242169
2007-04-13,34.201954,34.399254,34.044113,34.251282,28.747648,9090218
2007-04-16,34.330200,34.665611,34.300606,34.547230,28.996046,8110390
2007-04-17,34.458447,34.764259,34.241413,34.675476,29.103678,8993310
2007-04-18,34.576824,34.626148,34.280876,34.448582,28.913248,7423112
2007-04-19,34.478176,34.547230,34.103306,34.448582,28.913248,8197567
2007-04-20,34.714935,34.843182,34.241413,34.803719,29.211313,12246427
2007-04-23,34.724800,34.823448,34.557095,34.606419,29.045723,6981551
2007-04-24,34.626148,34.764259,34.418983,34.438717,28.904968,6938976
2007-04-25,34.596554,34.951694,34.389389,34.843182,29.244442,9223923
2007-04-26,34.695206,34.991154,34.497906,34.695206,29.120245,7538976
2007-04-27,34.527500,34.655746,34.320335,34.507771,28.962917,6210340
2007-04-30,34.547230,34.665611,34.231548,34.507771,28.962917,10169589
2007-05-01,34.616283,35.020748,34.616283,34.991154,29.368637,11095590
2007-05-02,34.971424,35.514000,34.922100,35.218048,29.559071,12028383
2007-05-03,35.247646,35.523865,35.139130,35.208183,29.550793,8324886
2007-05-04,35.267376,35.671841,35.227917,35.366024,29.683271,7428890
2007-05-07,35.494270,35.809952,35.435081,35.573189,29.857147,8703497
2007-05-08,35.681705,36.076305,35.533730,36.056576,30.262867,15504815
2007-05-09,35.563324,35.839546,35.218048,35.632381,29.906830,14108870
2007-05-10,35.356159,35.504135,35.070076,35.208183,29.550793,9787633
2007-05-11,35.257511,35.681705,35.247646,35.583054,29.865435,7581348
2007-05-14,35.583054,35.760624,35.395618,35.494270,29.790915,6719108
2007-05-15,35.642246,35.849411,35.405483,35.454811,29.757795,7869742
2007-05-16,35.642246,35.691570,35.296970,35.523865,29.815754,8476330
2007-05-17,35.474541,35.740894,35.306835,35.504135,29.799187,6849569
2007-05-18,35.622517,35.701435,35.346294,35.533730,29.824028,10987734
2007-05-21,35.514000,36.263741,35.494270,35.948059,30.171782,12149012
2007-05-22,36.204552,36.204552,35.612652,35.780354,30.031023,7247238
2007-05-23,35.780354,36.293335,35.760624,35.987518,30.204903,7884034
2007-05-24,36.066441,36.076305,35.316700,35.356159,29.674992,8845109
2007-05-25,35.425217,35.661976,35.158859,35.543594,29.832304,6399899
2007-05-29,35.563324,35.652111,34.991154,35.109535,29.467995,11589154
2007-05-30,34.882641,35.494270,34.793854,35.425217,29.732954,12281703
2007-05-31,35.415352,35.464676,34.793854,34.961559,29.343798,15805373
2007-06-01,34.931965,35.139130,34.655746,34.764259,29.178202,12744045
2007-06-04,35.099670,35.296970,34.695206,35.218048,29.559071,12621287
2007-06-05,35.277241,35.405483,34.734665,34.793854,29.203043,9957729
2007-06-06,34.783989,34.882641,34.280876,34.438717,28.904968,9045920
2007-06-07,34.300606,34.438717,33.491676,33.797489,28.366772,13395945
2007-06-08,33.550865,33.817219,33.333836,33.738300,28.317101,11568474
2007-06-11,33.817219,33.975060,33.659382,33.718571,28.300541,7646629
2007-06-12,33.639648,33.718571,33.067478,33.106941,27.787191,9726812
2007-06-13,33.500000,33.549999,33.000000,33.400002,28.033157,16055000
2007-06-14,33.410000,33.970001,33.400002,33.790001,28.360485,14256200
2007-06-15,34.099998,34.750000,34.000000,34.400002,28.872467,22308600
2007-06-18,34.500000,34.889999,34.480000,34.540001,28.989975,13016200
2007-06-19,34.509998,34.860001,34.439999,34.759998,29.174622,11318200
2007-06-20,34.759998,34.759998,34.160000,34.189999,28.696215,11218300
2007-06-21,34.130001,34.360001,33.880001,34.189999,28.696215,10323800
2007-06-22,34.009998,34.439999,33.910000,34.139999,28.654243,15008200
2007-06-25,34.110001,34.520000,33.919998,34.060001,28.587107,10094000
2007-06-26,34.200001,34.290001,33.860001,34.060001,28.587107,9643600
2007-06-27,33.799999,34.340000,33.730000,34.270000,28.763359,8017900
2007-06-28,34.250000,34.250000,33.720001,33.849998,28.410845,11961500
2007-06-29,33.889999,34.459999,33.709999,34.139999,28.654243,12019300
2007-07-02,34.380001,34.720001,34.200001,34.520000,28.973186,7763800
2007-07-03,34.540001,34.669998,34.299999,34.540001,28.989975,5158900
2007-07-05,34.500000,34.639999,34.240002,34.630001,29.065516,7330400
2007-07-06,34.590000,34.610001,34.430000,34.490002,28.948009,6726000
2007-07-09,34.540001,34.610001,34.380001,34.459999,28.922823,6021500
2007-07-10,34.169998,34.590000,33.849998,33.889999,28.444418,11101000
2007-07-11,33.759998,34.009998,33.669998,33.980000,28.519958,9836700
2007-07-12,34.110001,34.270000,33.959999,34.250000,28.746576,10820300
2007-07-13,34.099998,34.570000,34.000000,34.369999,28.847298,8205500
2007-07-16,34.209999,34.580002,34.209999,34.470001,28.931223,5896500
2007-07-17,34.439999,34.869999,34.349998,34.680000,29.107485,11371400
2007-07-18,34.560001,34.779999,34.189999,34.599998,29.040339,10280800
2007-07-19,34.660000,34.830002,34.400002,34.470001,28.931223,8068900
2007-07-20,34.459999,34.560001,34.279999,34.340000,28.822113,10748100
2007-07-23,34.450001,35.230000,34.430000,35.029999,29.401237,11264900
2007-07-24,34.950001,35.380001,34.669998,34.750000,29.166231,10447200
2007-07-25,34.910000,35.189999,34.750000,34.930000,29.317305,10207300
2007-07-26,34.759998,34.900002,33.740002,34.080002,28.603891,15441300
2007-07-27,34.139999,34.380001,33.740002,33.740002,28.318525,12203200
2007-07-30,33.980000,34.150002,33.570000,34.009998,28.545143,11459800
2007-07-31,34.009998,34.070000,32.990002,33.000000,27.697430,15670600
2007-08-01,32.880001,33.939999,32.750000,33.830002,28.394062,15048300
2007-08-02,33.980000,34.529999,33.689999,34.360001,28.838903,11475200
2007-08-03,34.139999,34.619999,33.840000,33.900002,28.452812,12642500
2007-08-06,34.000000,34.389999,33.830002,34.299999,28.788546,14263800
2007-08-07,33.950001,34.849998,33.849998,34.549999,28.998371,14309900
2007-08-08,34.599998,34.930000,33.849998,34.290001,28.780153,13078200
2007-08-09,33.830002,34.200001,33.000000,33.000000,27.697430,14932200
2007-08-10,32.570000,33.419998,32.070000,33.160000,27.831717,15404100
2007-08-13,33.340000,33.740002,33.130001,33.240002,27.898869,8596100
2007-08-14,33.240002,33.500000,32.130001,32.360001,27.160269,11502700
2007-08-15,32.299999,32.639999,31.629999,31.709999,26.614712,12764000
2007-08-16,31.350000,32.630001,31.250000,32.580002,27.344919,19361900
2007-08-17,33.380001,33.549999,32.299999,32.680000,27.428844,15964200
2007-08-20,32.779999,33.110001,32.520000,32.910000,27.621887,10782500
2007-08-21,32.709999,33.450001,32.639999,33.290001,27.940832,9959400
2007-08-22,33.580002,33.680000,33.110001,33.570000,28.175840,10689800
2007-08-23,33.750000,33.980000,32.970001,33.160000,27.831717,10962700
2007-08-24,33.270000,33.889999,33.119999,33.869999,28.427633,7380600
2007-08-27,33.740002,34.080002,33.490002,33.840000,28.402458,7100200
2007-08-28,33.750000,33.790001,33.070000,33.200001,27.865290,9712800
2007-08-29,33.299999,33.950001,33.070000,33.889999,28.444418,8361500
2007-08-30,33.570000,33.740002,33.330002,33.470001,28.091908,7330700
2007-08-31,33.740002,33.820000,33.450001,33.599998,28.201021,7075900
2007-09-04,33.509998,34.299999,33.500000,34.130001,28.645855,9743200
2007-09-05,33.840000,34.099998,33.740002,34.040001,28.570322,10641700
2007-09-06,34.220001,34.480000,33.869999,34.410000,28.880867,8150700
2007-09-07,33.930000,34.160000,33.470001,33.590000,28.192625,9909900
2007-09-10,33.590000,33.869999,33.230000,33.560001,28.167446,5500100
2007-09-11,33.630001,33.700001,33.290001,33.490002,28.108696,7714800
2007-09-12,33.529999,33.820000,33.410000,33.720001,28.301735,8113000
2007-09-13,33.799999,33.900002,33.439999,33.520000,28.133879,6968700
2007-09-14,33.320000,33.849998,33.000000,33.560001,28.167446,8797900
2007-09-17,33.360001,33.450001,33.060001,33.380001,28.016367,7205200
2007-09-18,33.540001,34.700001,33.400002,34.580002,29.023552,13653100
2007-09-19,34.810001,34.950001,34.540001,34.560001,29.006754,10549400
2007-09-20,34.669998,34.750000,33.799999,34.040001,28.570322,10201900
2007-09-21,34.060001,34.889999,34.040001,34.599998,29.040339,14708900
2007-09-24,34.599998,34.599998,34.200001,34.320000,28.805325,8089600
2007-09-25,34.200001,34.320000,33.680000,34.070000,28.595495,9942600
2007-09-26,34.270000,34.580002,34.189999,34.520000,28.973186,8417300
2007-09-27,34.480000,34.490002,34.119999,34.209999,28.712994,6974400
2007-09-28,34.259998,34.419998,33.930000,34.389999,28.864077,8016200
2007-10-01,34.380001,34.910000,34.380001,34.650002,29.082306,8662100
2007-10-02,34.650002,35.009998,34.599998,34.770000,29.183022,9403000
2007-10-03,34.599998,34.970001,34.540001,34.720001,29.141050,5716800
2007-10-04,34.889999,35.070000,34.830002,34.900002,29.292133,5580700
2007-10-05,35.090000,35.599998,35.029999,35.470001,29.770542,7324700
2007-10-08,35.470001,35.689999,35.130001,35.270000,29.602678,4791700
2007-10-09,35.160000,35.450001,35.099998,35.450001,29.753754,7273700
2007-10-10,35.450001,35.549999,35.060001,35.279999,29.611069,4715700
2007-10-11,35.500000,35.630001,34.900002,35.009998,29.384451,6109800
2007-10-12,35.200001,35.580002,35.150002,35.470001,29.770542,5474100
2007-10-15,35.369999,35.490002,34.860001,35.139999,29.493563,6688100
2007-10-16,35.130001,35.340000,34.939999,35.009998,29.384451,8072600
2007-10-17,35.259998,35.590000,35.139999,35.380001,29.695005,9032300
2007-10-18,35.310001,35.400002,34.709999,34.779999,29.191406,8503300
2007-10-19,34.549999,34.770000,33.770000,33.810001,28.377274,11195000
2007-10-22,33.680000,34.790001,33.570000,34.680000,29.107485,9859200
2007-10-23,34.820000,34.959999,34.580002,34.889999,29.283737,6380800
2007-10-24,34.549999,35.110001,34.360001,35.060001,29.426420,7848700
2007-10-25,34.980000,35.000000,34.139999,34.450001,28.914436,10633300
2007-10-26,34.619999,34.720001,33.939999,34.380001,28.855684,11462400
2007-10-29,34.490002,34.810001,34.200001,34.680000,29.107485,7164000
2007-10-30,34.480000,34.570000,34.250000,34.290001,28.780153,4885800
2007-10-31,34.009998,34.730000,34.009998,34.630001,29.065516,7818200
2007-11-01,34.509998,34.709999,33.320000,33.799999,28.368885,11121700
2007-11-02,34.259998,34.259998,33.520000,33.919998,28.469601,8945500
2007-11-05,33.400002,34.259998,33.400002,33.880001,28.436026,7983900
2007-11-06,33.860001,34.180000,33.619999,34.080002,28.603891,6594500
2007-11-07,33.529999,34.029999,33.310001,33.500000,28.117083,7564100
2007-11-08,33.439999,33.830002,32.889999,33.630001,28.226200,12136700
2007-11-09,32.810001,33.200001,32.060001,32.740002,27.479210,14932200
2007-11-12,32.000000,32.720001,32.000000,32.020000,26.874901,13316400
2007-11-13,32.220001,33.070000,32.060001,33.009998,27.705826,11447600
2007-11-14,33.139999,33.139999,31.750000,31.860001,26.740606,15313300
2007-11-15,31.799999,32.840000,31.750000,32.400002,27.193844,10539500
2007-11-16,32.590000,32.700001,32.009998,32.529999,27.302948,9347700
2007-11-19,32.259998,32.299999,31.150000,31.250000,26.228622,14612100
2007-11-20,31.469999,31.889999,31.020000,31.549999,26.480419,9425700
2007-11-21,31.350000,31.700001,31.120001,31.500000,26.438452,8661400
2007-11-23,31.650000,31.900000,31.490000,31.840000,26.723820,3548500
2007-11-26,31.910000,31.959999,31.200001,31.240000,26.220234,7337600
2007-11-27,31.379999,31.820000,30.680000,31.719999,26.623104,14270700
2007-11-28,31.889999,32.959999,31.670000,32.689999,27.437243,12798400
2007-11-29,32.650002,32.910000,32.380001,32.810001,27.537958,7761400
2007-11-30,33.490002,33.490002,32.930000,33.150002,27.823324,11958400
2007-12-03,33.060001,33.500000,32.830002,33.040001,27.731005,9049100
2007-12-04,32.910000,33.070000,32.439999,32.750000,27.487602,9322200
2007-12-05,32.500000,32.990002,32.259998,32.750000,27.784529,7463500
2007-12-06,32.740002,32.889999,32.250000,32.720001,27.759079,7927400
2007-12-07,32.720001,33.000000,32.660000,32.790001,27.818472,8023900
2007-12-10,32.820000,32.970001,32.270000,32.349998,27.445175,12255800
2007-12-11,32.349998,32.509998,31.709999,31.760000,26.944633,13925600
2007-12-12,32.270000,32.700001,31.969999,32.279999,27.385790,10617700
2007-12-13,32.080002,32.889999,32.029999,32.759998,27.793011,11704100
2007-12-14,32.900002,33.230000,32.549999,33.009998,28.005114,11888200
2007-12-17,32.869999,33.250000,32.689999,32.990002,27.988148,12023200
2007-12-18,32.910000,33.299999,32.610001,33.020000,28.013596,11937200
2007-12-19,32.959999,33.139999,32.080002,32.259998,27.368822,11035600
2007-12-20,32.430000,32.500000,32.130001,32.330002,27.428213,9591800
2007-12-21,32.650002,33.049999,32.250000,32.939999,27.945723,20408900
2007-12-24,32.959999,33.410000,32.950001,33.240002,28.200243,3458100
2007-12-26,33.029999,33.200001,32.730000,32.820000,27.843920,5029400
2007-12-27,32.639999,32.900002,32.340000,32.430000,27.513054,6700400
2007-12-28,32.770000,32.799999,32.270000,32.419998,27.504566,5621800
2007-12-31,32.419998,32.520000,32.240002,32.279999,27.385790,5447900
2008-01-02,32.320000,32.630001,31.690001,31.840000,27.012505,9269900
2008-01-03,31.879999,32.020000,31.660000,31.770000,26.953121,9681100
2008-01-04,31.000000,31.680000,31.000000,31.129999,26.410151,9550700
2008-01-07,31.379999,31.490000,30.910000,31.160000,26.435602,10742900
2008-01-08,31.250000,31.500000,30.459999,30.540001,25.909611,13014300
2008-01-09,30.570000,30.590000,29.200001,30.160000,25.587217,24858700
2008-01-10,29.900000,30.940001,29.900000,30.670000,26.019899,12240900
2008-01-11,30.450001,30.879999,30.209999,30.320000,25.722963,11671000
2008-01-14,30.500000,30.750000,30.120001,30.350000,25.748415,8717400
2008-01-15,30.219999,30.280001,29.580000,29.850000,25.324223,12043800
2008-01-16,29.660000,30.270000,29.330000,29.830000,25.307251,18819600
2008-01-17,29.900000,30.040001,28.690001,28.770000,24.407972,20109200
2008-01-18,29.000000,29.309999,28.250000,28.510000,24.187389,16355300
2008-01-22,27.180000,28.480000,26.299999,28.120001,23.856524,20538100
2008-01-23,27.100000,28.540001,27.090000,28.520000,24.195873,22041300
2008-01-24,28.580000,29.309999,28.350000,29.230000,24.798225,14847200
2008-01-25,29.530001,29.860001,28.600000,28.680000,24.331617,11966600
2008-01-28,28.750000,29.469999,28.500000,29.370001,24.917000,10421800
2008-01-29,28.730000,29.200001,28.120001,28.799999,24.433422,23011500
2008-01-30,29.059999,29.980000,29.059999,29.410000,24.950935,16609200
2008-01-31,29.040001,30.170000,28.840000,29.840000,25.315735,15074200
2008-02-01,30.750000,30.799999,30.180000,30.660000,26.011410,13988600
2008-02-04,31.049999,31.049999,30.620001,30.900000,26.215027,11835300
2008-02-05,30.990000,30.990000,30.049999,30.070000,25.510868,19217700
2008-02-06,31.900000,32.180000,31.100000,31.500000,26.724052,31176300
2008-02-07,31.260000,31.920000,31.110001,31.719999,26.910700,16612800
2008-02-08,31.610001,32.299999,31.610001,32.119999,27.250053,15161400
2008-02-11,32.270000,32.270000,31.520000,31.930000,27.088860,9082000
2008-02-12,32.060001,32.439999,31.770000,32.029999,27.173693,14314100
2008-02-13,32.070000,32.959999,32.070000,32.779999,27.809980,14445500
2008-02-14,32.720001,32.849998,32.160000,32.320000,27.419731,11997100
2008-02-15,32.160000,32.700001,32.029999,32.490002,27.563955,15225700
2008-02-19,32.529999,32.779999,32.119999,32.189999,27.309441,10609500
2008-02-20,31.969999,32.669998,31.889999,32.580002,27.640314,10207100
2008-02-21,32.630001,32.889999,32.200001,32.270000,27.377310,10305200
2008-02-22,32.250000,32.639999,31.799999,32.570000,27.631826,8812400
2008-02-25,32.820000,33.090000,32.490002,32.889999,27.903309,13567800
2008-02-26,32.750000,33.209999,32.720001,32.889999,27.903309,10340600
2008-02-27,32.759998,33.230000,32.610001,33.099998,28.081469,10319600
2008-02-28,32.930000,33.189999,32.439999,32.540001,27.606371,11221100
2008-02-29,32.130001,32.849998,32.130001,32.410000,27.496084,14575900
2008-03-03,32.610001,32.709999,32.110001,32.410000,27.496084,8283100
2008-03-04,32.160000,32.250000,31.379999,31.870001,27.037956,15907700
2008-03-05,31.900000,32.150002,31.520000,31.639999,26.842831,9692200
2008-03-06,31.549999,31.740000,31.190001,31.250000,26.511959,10529000
2008-03-07,31.110001,31.250000,30.559999,30.760000,26.096252,12750400
2008-03-10,30.820000,30.820000,30.280001,30.459999,25.841734,12622400
2008-03-11,31.000000,31.209999,30.610001,31.190001,26.461060,14520900
2008-03-12,31.260000,31.820000,31.200001,31.410000,26.647701,9646200
2008-03-13,31.209999,31.580000,30.820000,31.330000,26.579832,10556200
2008-03-14,31.330000,31.360001,30.430000,30.780001,26.113218,11421400
2008-03-17,30.139999,30.850000,30.049999,30.459999,25.841734,12626300
2008-03-18,30.770000,31.730000,30.770000,31.719999,26.910700,13788400
2008-03-19,31.690001,31.900000,31.230000,31.240000,26.503475,11737100
2008-03-20,31.280001,31.980000,31.250000,31.900000,27.063406,13802300
2008-03-24,32.000000,32.160000,31.799999,32.040001,27.182184,10536000
2008-03-25,31.990000,32.240002,31.840000,32.080002,27.216118,8547300
2008-03-26,31.910000,32.040001,31.530001,31.760000,26.944633,9219700
2008-03-27,31.879999,31.959999,31.309999,31.379999,26.622246,9569900
2008-03-28,31.590000,31.780001,31.000000,31.000000,26.299868,11021000
2008-03-31,31.040001,31.480000,30.990000,31.379999,26.622246,11352000
2008-04-01,31.520000,32.020000,31.520000,31.910000,27.071890,15649900
2008-04-02,32.000000,32.389999,31.459999,31.559999,26.774954,13072500
2008-04-03,31.430000,31.700001,31.150000,31.530001,26.749504,8981100
2008-04-04,31.520000,31.620001,31.059999,31.240000,26.503475,12519000
2008-04-07,31.410000,31.730000,31.209999,31.520000,26.741024,9732500
2008-04-08,31.360001,31.400000,30.950001,31.070000,26.359245,13068800
2008-04-09,31.120001,31.209999,30.610001,30.850000,26.172604,10508200
2008-04-10,30.790001,31.559999,30.719999,31.350000,26.596794,12183000
2008-04-11,31.040001,31.490000,30.150000,30.180000,25.604193,15488300
2008-04-14,30.230000,30.379999,29.830000,30.040001,25.485418,9476300
2008-04-15,30.070000,30.100000,29.570000,29.930000,25.392099,10320500
2008-04-16,30.120001,30.379999,29.820000,30.320000,25.722963,10606400
2008-04-17,30.240000,30.889999,30.240000,30.780001,26.113218,13438900
2008-04-18,30.850000,31.549999,30.850000,31.330000,26.579832,11513500
2008-04-21,31.100000,31.500000,31.049999,31.459999,26.690117,8797300
2008-04-22,31.389999,31.420000,31.170000,31.290001,26.545895,8461400
2008-04-23,31.469999,31.680000,31.110001,31.639999,26.842831,15000000
2008-04-24,31.850000,32.200001,31.690001,31.940001,27.097343,12009500
2008-04-25,32.040001,32.450001,31.950001,32.360001,27.453667,11949900
2008-04-28,32.549999,32.610001,32.209999,32.430000,27.513054,7648600
2008-04-29,32.320000,32.880001,32.209999,32.759998,27.793011,10179700
2008-04-30,32.779999,33.029999,32.330002,32.430000,27.513054,13077000
2008-05-01,32.450001,33.419998,32.419998,33.299999,28.251144,12246700
2008-05-02,33.500000,33.799999,33.299999,33.490002,28.412333,8708000
2008-05-05,33.720001,33.720001,33.119999,33.290001,28.242661,10193300
2008-05-06,33.439999,33.779999,32.790001,33.730000,28.615944,15123000
2008-05-07,34.209999,34.950001,34.049999,34.700001,29.438883,30876600
2008-05-08,34.759998,34.799999,34.330002,34.560001,29.320110,18859600
2008-05-09,34.099998,34.470001,34.029999,34.299999,29.099527,13434900
2008-05-12,34.150002,34.799999,34.040001,34.770000,29.498266,9176400
2008-05-13,34.580002,34.779999,34.220001,34.330002,29.124983,11067300
2008-05-14,34.500000,34.980000,34.330002,34.799999,29.523720,9867400
2008-05-15,34.650002,35.000000,34.520000,34.990002,29.684910,11357100
2008-05-16,34.970001,35.020000,34.470001,34.910000,29.617035,12728900
2008-05-19,34.790001,34.939999,34.470001,34.720001,29.455849,12365200
2008-05-20,34.500000,34.599998,33.980000,34.090000,28.921368,12635300
2008-05-21,33.950001,34.090000,33.500000,33.660000,28.556562,11358100
2008-05-22,33.779999,33.779999,33.349998,33.610001,28.514143,7735300
2008-05-23,33.520000,33.599998,33.180000,33.230000,28.191761,8951300
2008-05-27,33.310001,33.740002,33.259998,33.639999,28.539595,9309100
2008-05-28,33.660000,34.150002,33.660000,33.860001,28.726242,14201800
2008-05-29,33.860001,34.349998,33.740002,33.810001,28.683815,12570800
2008-05-30,33.980000,34.049999,33.480000,33.599998,28.505657,12779000
2008-06-02,33.500000,33.590000,33.049999,33.299999,28.251144,10323300
2008-06-03,33.480000,33.509998,33.000000,33.180000,28.149338,11060000
2008-06-04,33.150002,34.590000,33.150002,34.349998,29.141947,24630200
2008-06-05,34.320000,34.709999,34.099998,34.490002,29.260721,11640300
2008-06-06,34.139999,34.299999,32.970001,33.009998,28.005114,16597800
2008-06-09,33.320000,33.340000,32.840000,33.180000,28.149338,10011900
2008-06-10,32.889999,34.000000,32.889999,33.830002,28.700790,16606900
2008-06-11,33.750000,33.939999,33.250000,33.270000,28.225691,12419500
2008-06-12,33.529999,33.700001,33.119999,33.240002,28.200243,13138800
2008-06-13,33.480000,33.950001,33.349998,33.930000,28.785624,9153300
2008-06-16,33.770000,33.900002,33.389999,33.650002,28.548077,10955100
2008-06-17,33.849998,33.860001,33.099998,33.110001,28.089952,9163100
2008-06-18,32.970001,33.349998,32.770000,32.950001,27.954210,12078500
2008-06-19,32.959999,33.119999,32.570000,32.889999,27.903309,13913000
2008-06-20,32.639999,32.730000,31.940001,31.940001,27.097343,21345000
2008-06-23,32.130001,32.439999,32.040001,32.389999,27.479113,10850800
2008-06-24,32.250000,32.500000,31.959999,32.220001,27.334896,17528500
2008-06-25,32.400002,32.840000,32.299999,32.490002,27.563955,16132100
2008-06-26,32.160000,32.290001,31.520000,31.530001,26.749504,19848000
2008-06-27,31.530001,31.920000,31.430000,31.570000,26.783442,20844300
2008-06-30,31.700001,32.150002,31.139999,31.200001,26.469542,15850700
2008-07-01,30.910000,31.080000,30.400000,31.049999,26.342278,17144900
2008-07-02,31.110001,31.250000,30.700001,30.709999,26.053829,13633000
2008-07-03,30.920000,31.200001,30.740000,30.900000,26.215027,6952000
2008-07-07,30.000000,30.620001,29.740000,30.080000,25.519352,21977600
2008-07-08,30.000000,30.000000,29.309999,29.950001,25.409061,26083200
2008-07-09,29.959999,29.980000,29.530001,29.540001,25.061228,13575400
2008-07-10,29.590000,29.780001,29.250000,29.600000,25.112127,11366700
2008-07-11,29.260000,29.570000,28.799999,29.200001,24.772774,14948400
2008-07-14,29.590000,29.870001,29.070000,29.100000,24.687937,14277500
2008-07-15,28.820000,29.780001,28.549999,29.430000,24.967903,16665800
2008-07-16,29.500000,30.600000,29.049999,30.430000,25.816286,18261000
2008-07-17,30.500000,31.230000,30.120001,31.200001,26.469542,17998800
2008-07-18,31.290001,31.290001,30.660000,30.900000,26.215027,14004500
2008-07-21,30.959999,31.000000,30.379999,30.490000,25.867189,9782000
2008-07-22,30.420000,30.549999,29.969999,30.410000,25.799318,21715300
2008-07-23,30.620001,31.190001,30.400000,31.150000,26.427120,13220100
2008-07-24,31.139999,31.480000,30.700001,31.020000,26.316830,11780800
2008-07-25,31.219999,31.520000,31.000000,31.100000,26.384697,12842800
2008-07-28,31.330000,31.330000,30.459999,30.500000,25.875669,13658900
2008-07-29,30.600000,31.120001,30.410000,30.920000,26.231995,13298000
2008-07-30,31.240000,31.770000,30.889999,31.670000,26.868280,18219700
2008-07-31,30.549999,30.870001,30.129999,30.350000,25.748415,25577400
2008-08-01,30.500000,30.700001,29.830000,30.080000,25.519352,15120700
2008-08-04,30.110001,30.590000,30.049999,30.370001,25.765383,11445500
2008-08-05,30.520000,31.400000,30.400000,31.309999,26.562862,15540000
2008-08-06,31.129999,31.620001,30.840000,31.420000,26.656187,12841000
2008-08-07,31.120001,31.270000,30.920000,30.920000,26.231995,10696400
2008-08-08,31.000000,32.119999,30.950001,32.029999,27.173693,14759800
2008-08-11,31.969999,33.419998,31.840000,32.799999,27.826954,21907300
2008-08-12,32.860001,32.919998,32.060001,32.160000,27.283991,14848700
2008-08-13,32.119999,32.200001,31.520000,31.740000,26.927666,11051300
2008-08-14,31.670000,32.619999,31.450001,32.330002,27.428213,11535200
2008-08-15,32.470001,32.919998,32.340000,32.500000,27.572439,11487700
2008-08-18,32.540001,32.599998,31.809999,32.080002,27.216118,10246000
2008-08-19,31.840000,32.060001,31.580000,31.750000,26.936150,8781900
2008-08-20,31.860001,32.200001,31.400000,31.820000,26.995537,12415000
2008-08-21,31.650000,32.000000,31.320000,31.830000,27.004023,6966700
2008-08-22,32.119999,32.380001,31.879999,32.200001,27.317926,7954900
2008-08-25,31.969999,32.090000,31.400000,31.600000,26.808891,8071300
2008-08-26,31.520000,31.870001,31.440001,31.709999,26.902212,6506600
2008-08-27,31.459999,32.099998,31.410000,31.760000,26.944633,7317600
2008-08-28,31.889999,32.669998,31.770000,32.590000,27.648794,9675200
2008-08-29,32.369999,32.750000,32.310001,32.349998,27.445175,9062800
2008-09-02,32.740002,33.369999,32.299999,32.439999,27.521532,11843700
2008-09-03,32.320000,32.540001,31.969999,32.509998,27.580921,9554000
2008-09-04,32.439999,32.439999,31.490000,31.540001,26.757988,11444300
2008-09-05,31.450001,31.549999,30.870001,31.360001,26.605284,9012200
2008-09-08,31.990000,33.049999,31.920000,32.919998,27.928759,20362900
2008-09-09,32.869999,33.299999,32.430000,32.430000,27.513054,15312400
2008-09-10,32.599998,33.230000,32.480000,32.770000,27.801498,13883700
2008-09-11,32.590000,33.000000,32.200001,32.939999,27.945723,14011700
2008-09-12,32.770000,33.450001,32.599998,33.259998,28.217207,11213500
2008-09-15,32.590000,33.290001,32.250000,32.360001,27.453667,15191900
2008-09-16,31.740000,32.889999,31.500000,32.509998,27.580921,18550900
2008-09-17,32.099998,33.000000,31.910000,32.189999,27.309441,22284700
2008-09-18,32.250000,33.740002,32.060001,33.439999,28.369913,22442900
2008-09-19,34.009998,34.849998,33.250000,34.389999,29.175880,28430600
2008-09-22,33.849998,34.049999,32.840000,32.910000,27.920275,18394300
2008-09-23,32.880001,33.320000,32.150002,32.529999,27.597885,13450900
2008-09-24,32.590000,32.590000,31.629999,31.770000,26.953121,13600300
2008-09-25,32.000000,32.880001,31.969999,32.470001,27.546986,13356400
2008-09-26,31.940001,32.810001,31.940001,32.750000,27.784529,9546400
2008-09-29,32.200001,32.950001,29.250000,29.730000,25.222418,26696900
2008-09-30,30.340000,30.850000,29.480000,30.690001,26.036863,16589100
2008-10-01,30.299999,30.799999,29.910000,30.680000,26.028379,11020900
2008-10-02,30.420000,30.809999,29.900000,29.959999,25.417543,11783300
2008-10-03,30.170000,31.059999,29.459999,29.540001,25.061228,17468400
2008-10-06,28.840000,29.030001,26.299999,28.260000,23.975292,35803300
2008-10-07,27.809999,28.350000,26.209999,26.570000,22.541527,27859500
2008-10-08,25.510000,27.120001,24.930000,25.680000,21.786470,28972100
2008-10-09,25.620001,26.290001,23.750000,23.799999,20.191505,24391800
2008-10-10,22.590000,24.420000,21.250000,23.040001,19.546741,37801900
2008-10-13,23.709999,26.840000,23.500000,26.719999,22.668785,20772800
2008-10-14,27.959999,28.000000,25.040001,25.680000,21.786470,20214300
2008-10-15,25.110001,25.230000,23.280001,23.370001,19.826702,18089100
2008-10-16,23.370001,24.600000,22.070000,24.270000,20.590248,21418200
2008-10-17,23.690001,25.850000,23.440001,24.750000,20.997471,17985900
2008-10-20,24.959999,26.549999,24.590000,26.549999,22.524561,14070800
2008-10-21,26.100000,26.180000,25.090000,25.309999,21.472565,14680800
2008-10-22,24.680000,24.680000,22.320000,23.049999,19.555220,20567900
2008-10-23,22.940001,23.639999,21.889999,23.400000,19.852156,17445800
2008-10-24,21.740000,23.200001,21.500000,22.610001,19.181932,16247600
2008-10-27,22.020000,22.549999,21.360001,21.370001,18.129932,15081300
2008-10-28,21.990000,24.230000,21.520000,23.910000,20.284826,21845500
2008-10-29,23.750000,25.400000,23.500000,23.969999,20.335733,17071300
2008-10-30,24.920000,25.549999,24.170000,25.330000,21.489534,14182600
2008-10-31,25.020000,26.469999,24.940001,25.910000,21.981594,17466700
2008-11-03,25.850000,25.850000,24.190001,25.040001,21.243504,19742300
2008-11-04,25.290001,26.240000,25.290001,26.020000,22.074915,16761900
2008-11-05,25.910000,25.969999,24.100000,24.230000,20.556314,15063300
2008-11-06,24.129999,24.270000,22.320000,22.809999,19.351608,23027700
2008-11-07,21.549999,24.200001,21.410000,23.360001,19.818218,28705700
2008-11-10,23.900000,23.900000,21.660000,22.080000,18.732292,16363000
2008-11-11,21.770000,22.410000,20.490000,21.780001,18.477772,23171800
2008-11-12,21.360001,21.709999,20.030001,20.160000,17.103394,21258600
2008-11-13,20.299999,21.750000,19.580000,21.650000,18.367487,24066200
2008-11-14,21.139999,22.389999,20.940001,21.080000,17.883905,16888600
2008-11-17,20.080000,20.740000,19.580000,19.740000,16.747078,20652300
2008-11-18,19.920000,20.980000,19.860001,20.670000,17.536072,21954000
2008-11-19,20.559999,21.030001,19.930000,19.940001,16.916752,22433000
2008-11-20,19.590000,20.150000,18.600000,18.730000,15.890210,26921200
2008-11-21,19.240000,21.129999,18.780001,21.120001,17.917841,28131800
2008-11-24,21.360001,22.910000,20.600000,22.200001,18.834093,24042800
2008-11-25,22.299999,22.680000,21.299999,22.030001,18.689875,20331500
2008-11-26,21.299999,22.770000,20.940001,22.500000,19.088612,13904000
2008-11-28,22.420000,22.540001,21.820000,22.520000,19.105572,7577100
2008-12-01,22.040001,22.129999,20.270000,20.330000,17.247620,17969200
2008-12-02,20.650000,21.549999,20.299999,21.459999,18.206291,20051200
2008-12-03,20.600000,22.000000,20.570000,21.940001,18.613518,16331800
2008-12-04,21.540001,22.559999,21.459999,21.790001,18.486259,17198700
2008-12-05,21.510000,22.840000,20.870001,22.770000,19.317675,17945000
2008-12-08,23.000000,26.100000,22.910000,24.920000,21.141695,34087700
2008-12-09,24.080000,24.879999,23.320000,23.530001,19.962444,26341900
2008-12-10,23.850000,24.200001,23.299999,23.700001,20.106672,16276200
2008-12-11,23.410000,23.660000,22.580000,22.820000,19.650286,14827300
2008-12-12,22.120001,22.860001,21.930000,22.610001,19.469456,15025300
2008-12-15,22.930000,22.980000,22.340000,22.770000,19.607233,12908800
2008-12-16,23.040001,24.170000,22.570000,23.780001,20.476948,22276500
2008-12-17,23.570000,23.940001,23.139999,23.580000,20.304726,14715400
2008-12-18,23.670000,23.900000,22.500000,22.830000,19.658899,18351500
2008-12-19,23.000000,23.200001,22.180000,22.430000,19.314459,21133800
2008-12-22,22.410000,22.530001,21.280001,21.930000,18.883909,12596900
2008-12-23,22.180000,22.500000,21.760000,21.850000,18.815022,9381100
2008-12-24,21.910000,22.209999,21.790001,21.990000,18.935574,3507200
2008-12-26,22.290001,22.420000,21.959999,22.180000,19.099184,3069100
2008-12-29,22.150000,22.150000,21.150000,21.469999,18.487803,7411700
2008-12-30,21.480000,22.500000,21.379999,22.480000,19.357517,11105200
2008-12-31,22.570000,22.950001,22.520000,22.690001,19.538342,9012100
2009-01-02,22.760000,24.030001,22.500000,23.920000,20.597496,9796600
2009-01-05,23.510000,24.000000,23.290001,23.500000,20.235834,11675100
2009-01-06,23.809999,24.830000,23.799999,24.309999,20.933319,12070800
2009-01-07,23.889999,23.889999,22.920000,23.180000,19.960283,12300700
2009-01-08,23.100000,23.219999,22.510000,22.900000,19.719175,12600700
2009-01-09,23.120001,23.120001,22.230000,22.309999,19.211126,11489700
2009-01-12,22.299999,22.480000,21.610001,21.860001,18.823629,11259800
2009-01-13,21.520000,21.930000,21.030001,21.200001,18.255308,15502200
2009-01-14,20.930000,21.200001,20.420000,20.799999,17.910866,15482600
2009-01-15,20.799999,21.610001,19.950001,21.360001,18.393084,18169700
2009-01-16,21.670000,22.139999,20.780001,21.459999,18.479191,16294800
2009-01-20,21.459999,21.660000,20.150000,20.240000,17.428646,19725000
2009-01-21,20.840000,21.309999,20.459999,21.230000,18.281139,17181900
2009-01-22,20.790001,21.200001,20.469999,20.969999,18.057255,16007900
2009-01-23,20.430000,20.969999,19.980000,20.610001,17.747257,15436900
2009-01-26,21.080000,21.420000,20.500000,20.860001,17.962532,10840400
2009-01-27,20.910000,21.500000,20.850000,21.250000,18.298363,12696600
2009-01-28,21.639999,22.400000,21.600000,22.280001,19.185297,13079500
2009-01-29,21.930000,22.020000,21.120001,21.250000,18.298363,11295500
2009-01-30,21.309999,21.650000,20.510000,20.680000,17.807533,15484400
2009-02-02,20.080000,20.500000,19.840000,20.200001,17.394207,16499500
2009-02-03,20.780001,20.790001,19.760000,20.620001,17.755867,27402700
2009-02-04,19.590000,20.090000,18.709999,19.000000,16.360888,48826100
2009-02-05,18.870001,19.299999,18.170000,18.709999,16.111172,34993800
2009-02-06,18.760000,19.639999,18.650000,19.450001,16.748383,20471300
2009-02-09,19.820000,19.820000,19.100000,19.440001,16.739773,15404300
2009-02-10,19.280001,19.440001,18.639999,18.760000,16.154226,22253200
2009-02-11,18.950001,18.980000,18.260000,18.500000,15.930337,19154300
2009-02-12,18.330000,18.879999,18.030001,18.830000,16.214502,20367000
2009-02-13,18.719999,18.900000,18.400000,18.520000,15.947558,11804200
2009-02-17,18.070000,18.110001,17.719999,17.840000,15.362013,21996100
2009-02-18,17.950001,18.010000,17.530001,17.629999,15.181182,18669100
2009-02-19,17.780001,18.010000,17.219999,17.690001,15.232849,19575900
2009-02-20,17.250000,17.879999,17.129999,17.530001,15.095072,22969800
2009-02-23,17.709999,17.840000,16.920000,16.969999,14.612854,15134700
2009-02-24,17.110001,18.150000,16.969999,17.920000,15.430900,16498400
2009-02-25,17.780001,17.799999,17.030001,17.360001,14.948686,16146500
2009-02-26,17.540001,17.600000,16.840000,16.860001,14.518135,12636900
2009-02-27,16.680000,17.129999,16.420000,16.770000,14.440637,18621000
2009-03-02,16.480000,16.549999,15.900000,16.049999,13.820642,17103200
2009-03-03,16.160000,16.690001,15.990000,16.360001,14.087585,19551300
2009-03-04,16.520000,17.219999,16.090000,16.940001,14.587021,15800100
2009-03-05,16.500000,16.600000,15.850000,15.990000,13.768978,17038600
2009-03-06,15.840000,16.420000,15.320000,15.830000,13.631202,20629300
2009-03-09,15.480000,16.240000,15.460000,15.590000,13.424538,14569200
2009-03-10,15.230000,16.620001,15.140000,16.610001,14.302863,24287100
2009-03-11,16.760000,16.980000,16.379999,16.590000,14.285639,14956900
2009-03-12,16.799999,17.490000,16.570000,17.430000,15.008962,16768100
2009-03-13,17.639999,17.639999,17.010000,17.129999,14.750630,17520000
2009-03-16,17.270000,17.690001,17.120001,17.209999,14.819522,18963300
2009-03-17,17.200001,17.830000,17.160000,17.820000,15.344792,11424200
2009-03-18,17.719999,18.370001,17.500000,18.110001,15.594510,16190600
2009-03-19,18.150000,18.299999,17.480000,17.700001,15.241457,17370100
2009-03-20,17.799999,17.980000,17.080000,17.450001,15.026185,17766600
2009-03-23,17.830000,18.920000,17.740000,18.920000,16.291998,15830500
2009-03-24,18.090000,18.700001,18.040001,18.290001,15.749509,16570800
2009-03-25,18.340000,18.879999,17.860001,18.530001,15.956174,16019200
2009-03-26,18.680000,19.139999,18.400000,19.059999,16.412554,15556800
2009-03-27,18.809999,18.950001,18.400000,18.590000,16.007833,13962400
2009-03-30,18.120001,18.260000,17.540001,17.850000,15.370627,13150500
2009-03-31,18.059999,18.490000,17.820000,18.160000,15.637565,14704500
2009-04-01,17.920000,18.820000,17.840000,18.790001,16.180058,12933600
2009-04-02,19.250000,20.500000,19.150000,20.209999,17.402815,25194100
2009-04-03,19.910000,20.389999,19.780001,20.000000,17.221989,18478000
2009-04-06,19.780001,20.000000,19.350000,19.620001,16.894770,11280900
2009-04-07,19.379999,19.379999,19.030001,19.120001,16.464222,11623500
2009-04-08,19.190001,19.549999,19.000000,19.360001,16.670883,12438100
2009-04-09,19.830000,20.070000,19.600000,19.879999,17.118650,13841800
2009-04-13,19.600000,19.690001,19.270000,19.530001,16.817272,14907400
2009-04-14,19.350000,19.389999,18.799999,19.020000,16.378107,14315900
2009-04-15,19.120001,19.799999,19.040001,19.730000,16.989489,12706700
2009-04-16,19.900000,20.639999,19.719999,20.510000,17.661148,15449300
2009-04-17,20.570000,20.700001,20.080000,20.379999,17.549206,14911100
2009-04-20,20.000000,20.010000,19.230000,19.410000,16.713938,14272900
2009-04-21,19.219999,19.510000,19.150000,19.469999,16.765604,11611000
2009-04-22,19.299999,19.740000,19.000000,19.400000,16.705326,15812000
2009-04-23,19.420000,19.730000,19.160000,19.629999,16.903379,14190400
2009-04-24,19.840000,20.459999,19.559999,20.260000,17.445869,16599400
2009-04-27,19.620001,20.150000,19.600000,19.740000,16.998104,17855500
2009-04-28,19.600000,19.790001,19.309999,19.510000,16.800049,23172500
2009-04-29,19.680000,21.430000,19.469999,21.010000,18.091696,28270400
2009-04-30,21.280001,22.570000,21.150000,21.900000,18.858074,36593300
2009-05-01,21.760000,21.980000,21.120001,21.940001,18.892521,15718000
2009-05-04,22.010000,22.900000,21.840000,22.860001,19.684736,17603700
2009-05-05,22.690001,23.340000,22.660000,23.150000,19.934450,16806900
2009-05-06,24.950001,26.290001,24.660000,25.870001,22.276640,49777100
2009-05-07,25.799999,26.170000,24.980000,25.330000,21.811647,23981600
2009-05-08,25.700001,26.000000,25.000000,25.459999,21.923590,18172900
2009-05-11,25.110001,25.170000,24.680000,24.709999,21.277765,14656600
2009-05-12,24.900000,24.900000,23.900000,24.320000,20.941935,15536900
2009-05-13,23.889999,23.990000,23.430000,23.600000,20.321943,14055900
2009-05-14,23.650000,23.969999,23.270000,23.480000,20.218613,11893400
2009-05-15,23.450001,24.219999,23.270000,23.410000,20.158337,20991800
2009-05-18,23.620001,24.260000,23.549999,24.209999,20.847218,9355300
2009-05-19,24.250000,24.400000,23.750000,23.820000,20.511383,11906400
2009-05-20,24.000000,24.280001,23.410000,23.549999,20.278889,10524200
2009-05-21,23.080000,23.299999,22.930000,23.230000,20.003340,12632300
2009-05-22,23.250000,24.000000,23.049999,23.700001,20.408058,11099100
2009-05-26,23.469999,24.610001,23.379999,24.540001,21.131382,16299800
2009-05-27,24.440001,24.719999,23.770000,23.870001,20.554443,14981300
2009-05-28,24.070000,24.400000,23.490000,23.990000,20.657774,12314700
2009-05-29,24.139999,24.250000,23.500000,24.219999,20.855825,11215600
2009-06-01,24.830000,25.260000,24.750000,25.030001,21.553316,11990000
2009-06-02,25.090000,25.459999,24.879999,25.129999,21.639427,9792900
2009-06-03,24.860001,25.160000,24.750000,25.080000,21.596371,10892000
2009-06-04,25.010000,25.219999,24.809999,25.139999,21.648035,11521800
2009-06-05,25.480000,25.549999,24.850000,24.950001,21.484428,10980400
2009-06-08,24.940001,25.549999,24.629999,25.330000,21.811647,10700200
2009-06-09,25.180000,25.490000,25.080000,25.330000,21.811647,8534800
2009-06-10,25.469999,25.520000,24.820000,25.100000,21.613592,11791200
2009-06-11,25.150000,25.639999,25.100000,25.230000,21.725536,9577300
2009-06-12,25.030001,25.389999,24.520000,25.059999,21.579147,7332400
2009-06-15,24.780001,24.780001,24.040001,24.250000,20.881659,7871500
2009-06-16,24.309999,24.430000,23.370001,23.490000,20.227222,13346200
2009-06-17,23.430000,23.950001,23.360001,23.680000,20.390837,8615100
2009-06-18,23.760000,23.969999,23.510000,23.719999,20.425276,9313800
2009-06-19,23.889999,24.120001,23.379999,23.530001,20.261667,13805600
2009-06-22,23.190001,23.330000,22.629999,22.660000,19.512508,12356600
2009-06-23,22.719999,23.070000,22.549999,22.879999,19.701952,9802300
2009-06-24,23.080000,23.480000,22.780001,22.900000,19.719175,10006700
2009-06-25,22.860001,23.730000,22.780001,23.549999,20.278889,11652800
2009-06-26,23.420000,23.559999,23.150000,23.430000,20.175558,12086600
2009-06-29,23.500000,23.840000,23.309999,23.660000,20.373611,7735600
2009-06-30,23.700001,23.750000,23.040001,23.330000,20.089447,10805200
2009-07-01,23.500000,23.930000,23.389999,23.450001,20.192780,8102100
2009-07-02,23.180000,23.450001,22.570000,22.840000,19.667509,15561200
2009-07-06,22.680000,23.139999,22.600000,23.090000,19.882784,14452200
2009-07-07,23.110001,23.219999,22.500000,22.530001,19.400568,15263700
2009-07-08,22.680000,22.840000,22.049999,22.240000,19.150850,14542800
2009-07-09,22.379999,22.639999,22.100000,22.530001,19.400568,9779600
2009-07-10,22.290001,22.719999,22.230000,22.410000,19.297235,11076000
2009-07-13,22.490000,22.780001,22.070000,22.700001,19.546957,8433300
2009-07-14,22.719999,23.209999,22.660000,23.110001,19.900011,10361500
2009-07-15,23.370001,24.129999,23.370001,24.080000,20.735275,12112800
2009-07-16,24.540001,24.990000,24.360001,24.790001,21.346655,15463500
2009-07-17,24.809999,24.830000,24.430000,24.510000,21.105549,10516600
2009-07-20,24.980000,25.430000,24.770000,25.370001,21.846088,13801500
2009-07-21,25.389999,25.540001,24.959999,25.200001,21.699705,13081600
2009-07-22,25.090000,25.600000,24.990000,25.379999,21.854700,8490700
2009-07-23,25.450001,26.840000,25.309999,26.799999,23.077463,17220100
2009-07-24,26.629999,26.820000,26.170000,26.580000,22.888018,8818000
2009-07-27,26.549999,26.680000,26.219999,26.450001,22.776077,9796800
2009-07-28,26.570000,26.590000,26.090000,26.370001,22.707190,10791500
2009-07-29,26.180000,26.639999,25.780001,25.889999,22.293863,11834300
2009-07-30,26.379999,26.700001,26.190001,26.219999,22.578024,17084100
2009-07-31,25.389999,25.639999,25.040001,25.120001,21.630816,25054700
2009-08-03,25.520000,25.610001,25.360001,25.520000,21.975256,18161500
2009-08-04,25.350000,25.660000,25.240000,25.639999,22.078588,10073700
2009-08-05,25.639999,25.700001,24.990000,25.270000,21.759981,12043000
2009-08-06,25.350000,25.620001,25.070000,25.370001,21.846088,9145200
2009-08-07,25.629999,26.830000,25.600000,26.690001,22.982744,14579100
2009-08-10,26.420000,26.540001,26.139999,26.440001,22.767467,8199100
2009-08-11,26.330000,26.410000,25.770000,25.900000,22.302473,8745200
2009-08-12,25.910000,26.469999,25.750000,26.219999,22.578024,9024000
2009-08-13,26.280001,26.350000,25.709999,26.260000,22.612469,10621800
2009-08-14,26.230000,26.469999,25.540001,25.860001,22.268028,8901400
2009-08-17,25.379999,25.540001,24.889999,25.090000,21.604982,9396100
2009-08-18,25.230000,25.280001,24.950001,25.200001,21.699705,9701200
2009-08-19,25.000000,25.600000,25.000000,25.480000,21.940813,11145500
2009-08-20,25.530001,25.990000,25.469999,25.889999,22.293863,10030200
2009-08-21,26.049999,26.860001,25.870001,26.790001,23.068851,13723300
2009-08-24,26.990000,27.120001,26.730000,26.799999,23.077463,9356400
2009-08-25,26.980000,27.299999,26.799999,26.870001,23.137739,11427900
2009-08-26,26.719999,27.200001,26.590000,27.000000,23.249681,10588200
2009-08-27,27.100000,27.110001,26.510000,27.010000,23.258293,9044600
2009-08-28,27.080000,27.080000,26.590000,26.840000,23.111906,9270100
2009-08-31,26.490000,26.969999,25.750000,26.040001,22.423027,29465600
2009-09-01,25.889999,26.670000,25.590000,25.680000,22.113033,26083200
2009-09-02,25.629999,25.650000,25.260000,25.400000,21.871923,14833200
2009-09-03,25.590000,25.629999,25.250000,25.440001,21.906368,11087600
2009-09-04,25.450001,26.030001,25.350000,25.900000,22.302473,11638500
2009-09-08,26.309999,26.360001,26.090000,26.280001,22.629694,12399400
2009-09-09,26.290001,26.990000,26.150000,26.950001,23.206629,19096600
2009-09-10,26.959999,28.370001,26.959999,28.360001,24.420778,21856400
2009-09-11,28.350000,28.420000,28.010000,28.420000,24.472443,14221600
2009-09-14,28.190001,28.290001,27.790001,28.080000,24.179670,12298300
2009-09-15,28.000000,28.370001,27.830000,28.290001,24.360500,10712200
2009-09-16,28.309999,28.459999,28.100000,28.370001,24.429390,10020300
2009-09-17,28.309999,28.530001,28.139999,28.459999,24.506889,13941400
2009-09-18,28.570000,28.680000,28.250000,28.440001,24.489668,14104800
2009-09-21,28.120001,28.180000,27.660000,28.000000,24.110783,10935700
2009-09-22,28.129999,28.400000,28.010000,28.379999,24.437998,9578900
2009-09-23,28.490000,28.600000,28.040001,28.080000,24.179670,11057300
2009-09-24,28.129999,28.320000,27.650000,27.969999,24.084948,11950300
2009-09-25,28.000000,28.020000,27.530001,27.620001,23.783567,13628000
2009-09-28,27.770000,28.379999,27.719999,28.230000,24.308832,8633100
2009-09-29,28.260000,28.440001,27.940001,27.940001,24.059116,8057800
2009-09-30,27.930000,28.000000,27.250000,27.459999,23.645790,18600700
2009-10-01,27.760000,27.760000,27.000000,27.360001,23.559683,16124900
2009-10-02,27.049999,27.270000,26.840000,27.209999,23.430513,14635300
2009-10-05,27.160000,27.770000,27.000000,27.670000,23.826620,10263300
2009-10-06,27.830000,28.330000,27.670000,28.180000,24.265783,11016400
2009-10-07,28.290001,28.450001,27.959999,28.170000,24.257172,6861400
2009-10-08,28.270000,28.990000,28.250000,28.670000,24.687717,10366700
2009-10-09,28.670000,28.760000,28.450001,28.639999,24.661886,7091600
2009-10-12,28.709999,29.150000,28.490000,28.639999,24.661886,6960000
2009-10-13,28.600000,28.790001,28.360001,28.410000,24.463829,9426400
2009-10-14,28.690001,29.000000,28.480000,28.910000,24.894382,9541600
2009-10-15,28.730000,29.250000,28.700001,29.230000,25.169933,8734100
2009-10-16,29.020000,29.520000,28.809999,29.400000,25.316320,12048800
2009-10-19,29.400000,29.980000,29.200001,29.870001,25.721041,12627300
2009-10-20,29.730000,29.730000,28.990000,29.350000,25.273268,10377800
2009-10-21,29.330000,29.959999,29.200001,29.230000,25.169933,9611300
2009-10-22,29.070000,29.570000,28.850000,29.440001,25.350767,7547900
2009-10-23,29.360001,29.469999,28.690001,28.889999,24.877161,9778300
2009-10-26,28.870001,29.469999,28.420000,28.650000,24.670498,13255900
2009-10-27,28.629999,28.930000,28.010000,28.170000,24.257172,11176400
2009-10-28,28.070000,28.160000,27.230000,27.240000,23.456348,14359600
2009-10-29,27.459999,28.160000,27.180000,28.139999,24.231339,13171500
2009-10-30,28.139999,28.309999,27.280001,27.370001,23.568293,12957000
2009-11-02,27.379999,27.860001,27.010000,27.410000,23.602732,13301400
2009-11-03,27.260000,27.730000,27.100000,27.620001,23.783567,12044500
2009-11-04,28.120001,28.730000,27.900000,28.030001,24.136620,12832900
2009-11-05,28.230000,29.100000,28.230000,29.000000,24.971882,12129800
2009-11-06,28.790001,29.000000,28.340000,28.559999,24.592997,11862600
2009-11-09,28.670000,29.070000,28.230000,29.000000,24.971882,12643300
2009-11-10,29.010000,29.299999,28.950001,29.120001,25.075211,16938200
2009-11-11,29.209999,29.469999,29.110001,29.290001,25.221601,11551800
2009-11-12,29.400000,29.459999,28.900000,29.049999,25.014933,18282100
2009-11-13,29.750000,30.530001,29.709999,30.440001,26.211863,29084900
2009-11-16,30.120001,30.879999,30.030001,30.700001,26.435753,12891200
2009-11-17,30.270000,30.930000,30.250000,30.870001,26.582136,10173600
2009-11-18,30.680000,30.780001,30.299999,30.670000,26.409920,7843500
2009-11-19,30.260000,30.400000,29.920000,30.209999,26.013809,8148500
2009-11-20,30.070000,30.250000,29.850000,30.010000,25.841591,9205600
2009-11-23,30.309999,30.760000,30.309999,30.480000,26.246309,8046300
2009-11-24,30.459999,30.530001,30.100000,30.230000,26.031036,7829700
2009-11-25,30.240000,30.750000,30.000000,30.610001,26.358253,10274900
2009-11-27,30.070000,30.500000,29.799999,30.350000,26.134367,5688000
2009-11-30,30.230000,30.370001,29.950001,30.219999,26.022419,10260500
2009-12-01,30.440001,30.770000,30.440001,30.730000,26.461586,9318200
2009-12-02,30.559999,30.870001,30.500000,30.790001,26.513252,11386300
2009-12-03,30.799999,30.969999,30.299999,30.330000,26.117146,9511700
2009-12-04,30.680000,31.100000,30.420000,30.840000,26.556301,14406400
2009-12-07,30.930000,31.240000,30.820000,31.000000,26.694082,12451500
2009-12-08,30.870001,30.980000,30.450001,30.680000,26.418526,8703000
2009-12-09,30.930000,30.930000,30.520000,30.700001,26.435753,9267900
2009-12-10,30.850000,31.530001,30.750000,31.299999,27.263229,13609600
2009-12-11,31.490000,31.830000,31.370001,31.700001,27.611639,15481000
2009-12-14,31.920000,32.080002,31.809999,31.830000,27.724878,9230700
2009-12-15,31.700001,32.330002,31.610001,32.180000,28.029736,15183800
2009-12-16,32.200001,32.590000,32.200001,32.430000,28.247496,11940200
2009-12-17,32.169998,32.290001,31.650000,31.930000,27.811979,14592500
2009-12-18,32.080002,32.169998,31.580000,31.950001,27.829397,15229700
2009-12-21,32.049999,32.490002,31.990000,32.400002,28.221363,7702900
2009-12-22,32.310001,32.500000,32.220001,32.310001,28.142969,9162000
2009-12-23,32.310001,32.470001,32.040001,32.430000,28.247496,6567900
2009-12-24,32.020000,32.340000,31.940001,32.290001,28.125551,3557400
2009-12-28,32.240002,32.360001,31.799999,31.910000,27.794556,7981600
2009-12-29,32.049999,32.480000,32.009998,32.380001,28.203939,6242100
2009-12-30,32.310001,32.380001,32.099998,32.279999,28.116837,6692500
2009-12-31,32.270000,32.750000,32.220001,32.250000,28.090706,19651700
2010-01-04,32.500000,32.750000,31.870001,32.070000,27.933924,13700400
2010-01-05,32.070000,32.160000,31.700001,31.990000,27.864237,10307700
2010-01-06,31.900000,32.000000,31.680000,31.820000,27.716166,10709500
2010-01-07,31.770000,31.860001,31.540001,31.830000,27.724878,8202100
2010-01-08,31.660000,31.940001,31.530001,31.879999,27.768419,7657500
2010-01-11,31.530001,31.740000,31.090000,31.360001,27.315489,11250500
2010-01-12,31.020000,31.120001,30.680000,30.820000,26.845137,14618300
2010-01-13,30.889999,31.370001,30.870001,31.290001,27.254517,9620600
2010-01-14,31.129999,31.180000,30.959999,31.020000,27.019341,9235600
2010-01-15,31.010000,31.150000,30.410000,30.600000,26.653505,13936400
2010-01-19,30.590000,31.190001,30.500000,31.010000,27.010632,9662100
2010-01-20,31.000000,31.240000,30.719999,31.190001,27.167416,13302800
2010-01-21,31.139999,31.420000,30.570000,30.610001,26.662218,15403600
2010-01-22,30.500000,30.709999,29.950001,29.980000,26.113466,14459400
2010-01-25,30.219999,30.230000,29.549999,29.920000,26.061203,11155800
2010-01-26,29.799999,29.940001,29.320000,29.660000,25.834743,11197300
2010-01-27,29.559999,29.809999,29.010000,29.320000,25.538593,16121200
2010-01-28,29.430000,29.480000,28.709999,29.350000,25.564722,17126000
2010-01-29,29.370001,29.820000,29.250000,29.549999,25.738926,14507900
2010-02-01,29.600000,29.770000,29.340000,29.520000,25.712797,10894200
2010-02-02,29.530001,30.010000,29.219999,29.980000,26.113466,10100900
2010-02-03,29.920000,30.870001,29.790001,30.750000,26.784159,15976200
2010-02-04,30.280001,30.490000,29.660000,29.670000,25.843452,13407100
2010-02-05,29.629999,29.840000,28.990000,29.540001,25.730217,11956100
2010-02-08,29.760000,29.950001,29.459999,29.480000,25.677956,10656800
2010-02-09,29.889999,30.040001,29.480000,29.840000,25.991522,14376800
2010-02-10,29.160000,30.090000,29.030001,30.030001,26.157019,24191900
2010-02-11,29.820000,30.430000,29.760000,30.160000,26.270250,12389400
2010-02-12,29.860001,30.200001,29.860001,30.070000,26.191866,12802700
2010-02-16,30.280001,30.500000,30.170000,30.469999,26.540272,9061600
2010-02-17,30.540001,30.930000,30.379999,30.860001,26.879976,9768600
2010-02-18,30.860001,31.070000,30.680000,31.020000,27.019341,8212300
2010-02-19,30.940001,31.520000,30.850000,31.230000,27.202257,12595600
2010-02-22,31.350000,31.469999,31.059999,31.120001,27.106445,7868200
2010-02-23,31.030001,31.270000,30.860001,30.920000,26.932238,10228300
2010-02-24,31.049999,31.500000,31.010000,31.389999,27.341623,12062100
2010-02-25,30.879999,31.410000,30.850000,31.360001,27.315489,10553800
2010-02-26,31.389999,31.410000,30.980000,31.240000,27.210964,13449800
2010-03-01,31.400000,31.600000,31.340000,31.540001,27.472275,8681000
2010-03-02,31.410000,31.920000,31.389999,31.879999,27.768419,14070600
2010-03-03,31.950001,31.959999,31.549999,31.639999,27.559378,10345500
2010-03-04,32.020000,32.860001,31.920000,32.570000,28.369436,23075400
2010-03-05,32.790001,33.220001,32.750000,33.220001,28.935610,19204800
2010-03-08,32.959999,33.500000,32.950001,33.189999,28.909479,13176600
2010-03-09,33.000000,33.340000,32.779999,33.310001,29.013996,11072700
2010-03-10,33.180000,33.599998,33.099998,33.330002,29.031422,9652900
2010-03-11,33.320000,33.810001,33.119999,33.810001,29.449511,11392500
2010-03-12,33.810001,33.810001,33.470001,33.689999,29.344988,9610400
2010-03-15,33.520000,33.750000,33.360001,33.720001,29.371117,8235900
2010-03-16,33.740002,33.830002,33.490002,33.750000,29.397249,8472600
2010-03-17,33.790001,33.840000,33.529999,33.750000,29.397249,7858400
2010-03-18,33.689999,33.849998,33.520000,33.779999,29.423378,8044200
2010-03-19,33.639999,33.980000,33.480000,33.639999,29.301434,16729000
2010-03-22,33.470001,34.189999,33.419998,33.950001,29.571459,11717600
2010-03-23,34.000000,34.099998,33.730000,34.009998,29.623716,7038000
2010-03-24,33.910000,34.430000,33.869999,34.389999,29.954710,12195200
2010-03-25,34.490002,35.500000,34.419998,35.090000,30.564434,32705900
2010-03-26,34.889999,35.599998,34.849998,35.310001,30.756054,22909800
2010-03-29,35.279999,35.419998,34.970001,35.160000,30.625399,12560500
2010-03-30,35.130001,35.200001,34.759998,35.099998,30.573137,17201800
2010-03-31,35.070000,35.200001,34.810001,34.910000,30.407646,10789500
2010-04-01,35.070000,35.590000,35.009998,35.549999,30.965105,14603000
2010-04-05,35.279999,35.540001,35.070000,35.220001,30.677666,10607900
2010-04-06,35.240002,35.610001,35.099998,35.470001,30.895422,12637700
2010-04-07,35.389999,35.490002,35.060001,35.320000,30.764767,9242200
2010-04-08,35.279999,35.750000,35.139999,35.669998,31.069630,9915900
2010-04-09,35.820000,36.880001,35.639999,36.220001,31.548695,21346000
2010-04-12,36.139999,36.330002,35.799999,35.889999,31.261257,10410800
2010-04-13,35.869999,36.060001,35.709999,35.840000,31.217703,10922200
2010-04-14,35.889999,36.209999,35.770000,36.200001,31.531273,9267400
2010-04-15,36.080002,36.509998,35.860001,36.400002,31.705477,9185900
2010-04-16,36.220001,36.509998,35.680000,35.830002,31.208992,12327500
2010-04-19,35.799999,36.169998,35.580002,36.169998,31.505148,9840500
2010-04-20,36.279999,36.650002,36.279999,36.540001,31.827421,16515000
2010-04-21,36.389999,36.750000,36.349998,36.560001,31.844843,9039700
2010-04-22,36.299999,36.869999,36.119999,36.779999,32.036472,10494600
2010-04-23,36.799999,36.849998,36.490002,36.790001,32.045181,7677100
2010-04-26,36.759998,37.139999,36.669998,37.040001,32.262939,9983200
2010-04-27,36.779999,36.820000,36.160000,36.320000,31.635794,10931300
2010-04-28,36.520000,36.549999,35.959999,36.290001,31.609665,10930900
2010-04-29,36.500000,37.389999,36.500000,37.220001,32.419724,10576700
2010-04-30,37.189999,37.490002,36.599998,36.840000,32.088741,11456400
2010-05-03,36.950001,37.980000,36.840000,37.560001,32.715881,10887500
2010-05-04,37.290001,37.299999,36.320000,36.590000,31.870977,13195700
2010-05-05,36.430000,36.560001,35.080002,35.340000,30.782179,17960000
2010-05-06,35.160000,35.549999,31.000000,34.009998,29.623716,25181500
2010-05-07,33.860001,34.349998,32.770000,33.410000,29.101103,22579800
2010-05-10,34.990002,35.630001,34.560001,35.290001,30.738636,18282600
2010-05-11,35.520000,36.250000,35.139999,35.759998,31.148020,19853200
2010-05-12,34.980000,36.209999,34.820000,35.130001,30.599268,25533300
2010-05-13,35.180000,35.529999,34.740002,34.750000,30.268278,15445900
2010-05-14,34.660000,34.779999,33.830002,34.060001,29.667273,16945200
2010-05-17,34.220001,34.340000,33.290001,34.200001,29.789217,15136700
2010-05-18,34.360001,34.639999,33.520000,33.730000,29.379827,17393800
2010-05-19,33.470001,33.799999,33.090000,33.389999,29.083683,18536600
2010-05-20,32.759998,32.959999,31.990000,31.990000,27.864237,26615500
2010-05-21,31.400000,32.869999,31.400000,32.869999,28.630743,20122900
2010-05-24,32.560001,32.990002,32.110001,32.480000,28.291040,14040200
2010-05-25,31.580000,32.369999,31.209999,32.320000,28.151680,26555900
2010-05-26,32.509998,33.849998,32.139999,33.070000,28.804947,25296300
2010-05-27,33.599998,34.369999,33.480000,34.369999,29.937281,16214500
2010-05-28,33.700001,34.049999,33.240002,33.419998,29.109810,15832700
2010-06-01,33.060001,33.869999,32.849998,33.330002,29.031422,15438800
2010-06-02,33.570000,34.790001,33.459999,34.740002,30.259573,18309300
2010-06-03,34.919998,35.099998,34.310001,34.709999,30.233442,17752500
2010-06-04,34.060001,34.349998,33.439999,33.689999,29.344988,21813100
2010-06-07,33.700001,34.070000,33.009998,33.040001,28.778824,14577700
2010-06-08,33.029999,33.320000,32.410000,33.150002,28.874632,15662500
2010-06-09,33.299999,33.820000,32.830002,32.939999,28.691713,13707600
2010-06-10,33.529999,34.230000,33.450001,34.110001,29.710825,13720200
2010-06-11,33.849998,34.259998,33.580002,34.240002,29.824055,8799700
2010-06-14,34.490002,34.570000,33.919998,33.930000,29.554037,9336800
2010-06-15,34.110001,35.000000,34.110001,34.990002,30.477325,11552200
2010-06-16,34.790001,34.930000,34.480000,34.790001,30.303118,9416200
2010-06-17,34.799999,35.110001,34.599998,35.070000,30.547005,10951100
2010-06-18,35.189999,35.349998,34.919998,35.150002,30.616690,14672300
2010-06-21,35.500000,35.830002,34.860001,35.060001,30.538296,11382500
2010-06-22,35.119999,35.459999,34.290001,34.349998,29.919870,9731000
2010-06-23,34.360001,34.630001,34.049999,34.340000,29.911158,9474000
2010-06-24,34.130001,34.180000,33.459999,33.599998,29.266596,10273200
2010-06-25,33.509998,33.680000,33.119999,33.480000,29.162071,11155500
2010-06-28,33.560001,33.759998,33.049999,33.220001,28.935610,7802000
2010-06-29,33.310001,33.369999,32.040001,32.299999,28.134254,15868300
2010-06-30,32.160000,32.509998,31.360001,31.500000,27.437429,17186400
2010-07-01,31.469999,32.099998,30.910000,31.490000,27.428724,19906200
2010-07-02,31.559999,31.680000,30.719999,31.379999,27.332911,15597300
2010-07-06,31.770000,32.299999,31.379999,31.719999,27.629061,15215500
2010-07-07,31.730000,33.169998,31.660000,33.139999,28.865919,14309500
2010-07-08,33.330002,33.540001,32.900002,33.340000,29.040129,10044000
2010-07-09,33.380001,33.799999,33.369999,33.750000,29.397249,8530900
2010-07-12,33.580002,33.889999,33.389999,33.770000,29.414677,10094300
2010-07-13,34.110001,34.669998,33.959999,34.450001,30.006975,8653000
2010-07-14,34.240002,34.509998,33.919998,34.240002,29.824055,7955100
2010-07-15,34.150002,34.419998,33.599998,34.049999,29.658560,10656300
2010-07-16,33.889999,34.000000,32.919998,33.029999,28.770107,13060100
2010-07-19,33.090000,33.500000,32.990002,33.310001,29.013996,9647000
2010-07-20,33.330002,33.450001,32.799999,33.400002,29.092394,11632000
2010-07-21,33.470001,33.599998,32.630001,32.810001,28.578487,10151100
2010-07-22,33.090000,33.770000,33.049999,33.590000,29.257887,9984500
2010-07-23,33.520000,34.209999,33.450001,34.130001,29.728243,10790200
2010-07-26,34.090000,34.720001,34.090000,34.400002,29.963419,10104400
2010-07-27,34.660000,34.660000,33.959999,34.279999,29.858892,7103000
2010-07-28,34.189999,34.209999,33.799999,34.040001,29.649855,6089200
2010-07-29,34.220001,34.799999,33.419998,33.709999,29.362410,9938400
2010-07-30,33.369999,33.880001,33.020000,33.689999,29.344988,7805000
2010-08-02,34.139999,34.680000,34.130001,34.480000,30.033098,9948800
2010-08-03,34.439999,34.549999,34.020000,34.209999,29.797924,8503300
2010-08-04,34.410000,34.959999,34.139999,34.830002,30.337973,9840700
2010-08-05,34.680000,35.049999,34.560001,34.980000,30.468622,8407300
2010-08-06,34.580002,35.090000,34.389999,35.000000,30.486040,8061700
2010-08-09,34.959999,35.230000,34.900002,35.160000,30.625399,7809300
2010-08-10,34.889999,35.410000,34.730000,35.290001,30.738636,12353400
2010-08-11,34.770000,34.770000,34.130001,34.220001,29.806641,15028900
2010-08-12,33.849998,34.299999,33.709999,33.990002,29.606295,11809600
2010-08-13,33.790001,33.810001,33.410000,33.680000,29.336281,11058100
2010-08-16,33.439999,33.750000,33.110001,33.660000,29.318859,6917800
2010-08-17,33.919998,33.990002,33.509998,33.759998,29.405960,9875200
2010-08-18,33.810001,34.220001,33.400002,33.910000,29.536621,8325000
2010-08-19,33.720001,33.779999,33.060001,33.189999,28.909479,12070700
2010-08-20,33.000000,33.200001,32.709999,33.049999,28.787529,8632700
2010-08-23,33.230000,33.549999,32.799999,32.930000,28.683004,8046500
2010-08-24,32.490002,32.700001,31.969999,32.139999,27.994896,14229700
2010-08-25,31.870001,32.240002,31.549999,32.110001,27.968765,14144000
2010-08-26,32.180000,32.439999,31.879999,31.940001,27.820690,10120500
2010-08-27,32.130001,32.849998,31.580000,32.779999,28.552349,11144000
2010-08-30,32.730000,32.990002,32.320000,32.349998,28.177807,7057900
2010-08-31,32.200001,32.830002,31.910000,32.540001,28.343300,12520700
2010-09-01,33.000000,33.700001,32.910000,33.509998,29.188204,10020900
2010-09-02,33.619999,33.980000,33.529999,33.910000,29.536621,7034600
2010-09-03,34.020000,34.700001,34.020000,34.669998,30.198597,8473800
2010-09-07,34.500000,34.630001,33.660000,33.840000,29.475645,10733100
2010-09-08,33.880001,34.099998,33.750000,33.840000,29.475645,8370900
2010-09-09,34.340000,34.490002,34.000000,34.080002,29.684690,6990600
2010-09-10,34.160000,34.279999,34.049999,34.150002,29.745667,7362900
2010-09-13,34.419998,34.669998,33.919998,34.270000,29.850185,8826700
2010-09-14,34.230000,34.230000,33.720001,34.049999,29.658560,7761800
2010-09-15,34.009998,34.419998,33.880001,34.209999,29.797924,7262300
2010-09-16,34.090000,34.189999,33.709999,34.169998,29.763081,7297600
2010-09-17,34.380001,34.730000,34.360001,34.560001,30.102791,19012800
2010-09-20,34.560001,34.990002,34.529999,34.900002,30.398939,10219200
2010-09-21,34.910000,34.980000,34.270000,34.500000,30.050526,11630600
2010-09-22,34.570000,34.810001,33.900002,33.990002,29.606295,9897700
2010-09-23,33.669998,33.730000,33.000000,33.119999,28.848503,18090900
2010-09-24,33.380001,33.820000,33.310001,33.580002,29.249172,10657100
2010-09-27,33.599998,33.660000,33.279999,33.290001,28.996578,7884000
2010-09-28,33.369999,33.470001,32.939999,33.220001,28.935610,12863900
2010-09-29,33.029999,33.180000,32.680000,33.009998,28.752689,9231200
2010-09-30,33.189999,33.490002,32.830002,33.099998,28.831081,14459500
2010-10-01,33.299999,33.580002,33.119999,33.340000,29.040129,12916300
2010-10-04,33.230000,33.599998,33.080002,33.139999,28.865919,10708300
2010-10-05,33.389999,33.990002,33.360001,33.830002,29.466934,14555400
2010-10-06,33.840000,33.980000,33.439999,33.720001,29.371117,11339900
2010-10-07,33.779999,33.980000,33.680000,33.910000,29.536621,9029800
2010-10-08,33.970001,34.700001,33.799999,34.509998,30.059233,12971700
2010-10-11,34.520000,34.740002,34.430000,34.570000,30.111496,5347500
2010-10-12,34.360001,34.610001,33.959999,34.480000,30.033098,9077900
2010-10-13,34.660000,35.200001,34.590000,34.910000,30.407646,14425700
2010-10-14,34.790001,34.950001,34.580002,34.849998,30.355381,7358700
2010-10-15,35.040001,35.150002,34.560001,34.880001,30.381517,9641200
2010-10-18,34.830002,35.000000,34.500000,34.750000,30.268278,6926200
2010-10-19,34.500000,34.599998,34.000000,34.240002,29.824055,9554500
2010-10-20,34.270000,34.750000,34.270000,34.619999,30.155043,10107800
2010-10-21,34.759998,35.040001,34.459999,34.680000,30.207310,16888400
2010-10-22,34.669998,34.990002,34.299999,34.970001,30.459904,9598800
2010-10-25,35.160000,35.720001,35.099998,35.459999,30.886702,11230400
2010-10-26,35.130001,35.970001,34.990002,35.959999,31.322218,14800400
2010-10-27,35.599998,35.959999,35.470001,35.919998,31.287390,11752600
2010-10-28,35.950001,36.520000,35.939999,36.509998,31.801287,14226000
2010-10-29,36.509998,36.509998,35.830002,36.130001,31.470297,12926000
2010-11-01,36.209999,36.490002,35.759998,36.029999,31.383200,8454000
2010-11-02,36.369999,36.450001,36.099998,36.110001,31.452879,16355300
2010-11-03,36.119999,36.430000,35.950001,36.290001,31.609665,12050100
2010-11-04,36.500000,37.160000,36.459999,37.029999,32.254227,16674900
2010-11-05,36.779999,37.270000,36.779999,37.200001,32.402309,9712900
2010-11-08,37.049999,37.139999,36.889999,37.060001,32.280365,6802600
2010-11-09,37.189999,37.230000,36.680000,36.860001,32.106163,7600000
2010-11-10,36.910000,37.000000,36.509998,36.990002,32.219387,7857200
2010-11-11,36.880001,37.389999,35.150002,35.930000,31.296089,37821800
2010-11-12,36.759998,38.000000,36.599998,37.750000,32.881367,39192700
2010-11-15,37.419998,37.660000,37.139999,37.250000,32.445854,11658400
2010-11-16,36.869999,37.290001,36.709999,36.919998,32.158409,12409800
2010-11-17,36.799999,37.320000,36.700001,37.220001,32.419724,10600500
2010-11-18,37.200001,37.779999,37.200001,37.580002,32.733295,9520400
2010-11-19,37.099998,37.330002,36.750000,37.009998,32.236801,13691800
2010-11-22,36.880001,37.049999,36.520000,36.950001,32.184544,6558800
2010-11-23,36.529999,36.619999,36.000000,36.119999,31.461592,11925900
2010-11-24,36.360001,36.980000,36.299999,36.869999,32.114853,9098200
2010-11-26,36.509998,36.930000,36.430000,36.700001,31.966799,3490900
2010-11-29,36.450001,36.709999,36.099998,36.419998,31.722900,8495200
2010-11-30,36.040001,36.830002,36.020000,36.509998,31.801287,17578900
2010-12-01,37.150002,37.410000,37.040001,37.119999,32.332623,15010900
2010-12-02,37.060001,37.590000,37.049999,37.340000,32.524250,13967700
2010-12-03,37.049999,37.669998,37.049999,37.590000,32.742008,6901500
2010-12-06,37.430000,37.730000,37.279999,37.560001,32.715881,5086200
2010-12-07,37.840000,37.980000,37.310001,37.330002,32.515537,8123100
2010-12-08,37.470001,37.490002,36.939999,36.970001,32.201973,8561900
2010-12-09,36.869999,37.000000,36.509998,36.740002,32.351658,6547200
2010-12-10,36.860001,36.950001,36.599998,36.660000,32.281216,6748900
2010-12-13,36.950001,37.480000,36.570000,37.130001,32.695080,12361700
2010-12-14,37.189999,37.500000,37.139999,37.240002,32.791939,6954600
2010-12-15,37.160000,37.369999,36.900002,36.950001,32.536579,7258400
2010-12-16,37.020000,37.180000,36.900002,37.009998,32.589409,7649800
2010-12-17,36.970001,37.169998,36.770000,37.049999,32.624630,11285400
2010-12-20,37.029999,37.340000,36.840000,37.060001,32.633442,5114100
2010-12-21,37.169998,37.419998,37.099998,37.330002,32.871193,4783900
2010-12-22,37.430000,37.990002,37.340000,37.950001,33.417130,7229000
2010-12-23,37.849998,37.939999,37.520000,37.700001,33.196987,4506000
2010-12-27,37.549999,37.750000,37.299999,37.480000,33.003269,3518900
2010-12-28,37.459999,37.520000,37.070000,37.360001,32.897606,3464300
2010-12-29,37.450001,37.840000,37.310001,37.599998,33.108936,5097000
2010-12-30,37.580002,37.650002,37.389999,37.480000,33.003269,3411800
2010-12-31,37.369999,37.599998,37.209999,37.509998,33.029694,3650800
2011-01-03,37.740002,38.000000,37.619999,37.820000,33.302662,7591000
2011-01-04,37.930000,39.000000,37.849998,38.990002,34.332928,21974200
2011-01-05,39.230000,40.000000,39.169998,39.959999,35.187054,22003400
2011-01-06,39.689999,39.889999,39.439999,39.650002,34.914082,14738300
2011-01-07,39.549999,39.680000,39.160000,39.450001,34.737968,6598700
2011-01-10,39.009998,39.549999,38.930000,39.500000,34.782001,8772600
2011-01-11,39.599998,39.810001,39.240002,39.400002,34.693939,6494800
2011-01-12,39.480000,39.650002,39.040001,39.169998,34.491413,9586900
2011-01-13,39.180000,39.360001,39.009998,39.259998,34.570667,7084100
2011-01-14,39.099998,39.340000,39.000000,39.290001,34.597080,5214000
2011-01-18,39.070000,39.509998,39.000000,39.389999,34.685135,7892000
2011-01-19,39.090000,39.490002,38.959999,39.090000,34.420971,8371900
2011-01-20,39.009998,39.389999,38.509998,39.169998,34.491413,8977900
2011-01-21,39.290001,39.939999,39.279999,39.740002,34.993328,10931800
2011-01-24,39.639999,39.950001,39.540001,39.939999,35.169445,7794300
2011-01-25,39.790001,39.919998,39.470001,39.860001,35.098991,7920300
2011-01-26,39.840000,39.930000,39.369999,39.439999,34.729164,9777100
2011-01-27,39.540001,39.689999,39.250000,39.459999,34.746769,8231000
2011-01-28,39.360001,39.790001,38.650002,38.849998,34.209637,8399900
2011-01-31,39.040001,39.250000,38.650002,38.869999,34.227242,8206400
2011-02-01,39.040001,39.950001,39.040001,39.880001,35.116619,9283000
2011-02-02,39.799999,40.709999,39.799999,40.490002,35.653748,15357000
2011-02-03,40.400002,40.750000,40.279999,40.500000,35.662556,9513800
2011-02-04,40.470001,40.770000,40.410000,40.709999,35.847477,11142200
2011-02-07,40.799999,41.200001,40.709999,40.939999,36.050003,7283900
2011-02-08,40.900002,41.240002,40.790001,41.180000,36.261330,11850200
2011-02-09,42.759998,44.049999,42.720001,43.360001,38.180946,35806100
2011-02-10,42.779999,43.660000,42.730000,43.310001,38.136925,14829000
2011-02-11,43.040001,43.509998,43.000000,43.410000,38.224968,14199200
2011-02-14,43.189999,43.410000,42.980000,43.240002,38.075287,7500600
2011-02-15,43.000000,43.570000,42.980000,43.090000,37.943199,12069100
2011-02-16,43.209999,43.709999,43.049999,43.700001,38.480335,7902800
2011-02-17,43.500000,43.900002,43.470001,43.700001,38.480335,6396000
2011-02-18,43.650002,43.650002,43.259998,43.560001,38.357052,15918200
2011-02-22,42.830002,43.150002,42.400002,42.650002,37.555748,14162700
2011-02-23,42.910000,43.290001,41.970001,42.130001,37.097862,18834700
2011-02-24,42.000000,42.470001,41.599998,42.419998,37.353222,14504800
2011-02-25,42.500000,43.130001,42.400002,42.950001,37.819920,9457300
2011-02-28,43.020000,43.869999,43.000000,43.740002,38.515556,12528200
2011-03-01,43.630001,43.790001,42.970001,42.990002,37.855148,12093400
2011-03-02,43.139999,43.619999,42.980000,43.290001,38.119308,7624800
2011-03-03,43.610001,44.240002,43.610001,44.070000,38.806141,9641500
2011-03-04,44.029999,44.340000,43.099998,43.549999,38.348251,11127700
2011-03-07,43.529999,43.610001,42.380001,43.020000,37.881557,11765100
2011-03-08,43.060001,43.580002,42.730000,43.200001,38.040054,6864300
2011-03-09,43.240002,43.380001,42.810001,43.119999,37.969604,5386700
2011-03-10,42.650002,42.830002,42.160000,42.470001,37.397255,10210600
2011-03-11,42.430000,43.119999,42.259998,42.930000,37.802307,6954800
2011-03-14,42.639999,42.680000,41.580002,42.240002,37.194721,11005600
2011-03-15,41.130001,41.860001,40.630001,41.619999,36.648773,14572000
2011-03-16,41.220001,41.580002,40.419998,40.599998,35.750614,16754900
2011-03-17,41.189999,41.200001,40.480000,40.759998,35.891495,9378400
2011-03-18,41.250000,41.669998,41.169998,41.230000,36.305363,13291500
2011-03-21,41.459999,41.990002,40.990002,41.820000,36.824890,7130300
2011-03-22,41.849998,41.950001,41.380001,41.439999,36.490276,6881000
2011-03-23,41.400002,42.349998,40.869999,42.240002,37.194721,11705500
2011-03-24,42.470001,42.990002,42.400002,42.860001,37.740669,7011100
2011-03-25,42.939999,43.240002,42.779999,42.970001,37.837532,7935500
2011-03-28,43.189999,43.299999,42.520000,42.520000,37.441280,6022900
2011-03-29,42.580002,43.029999,42.360001,42.939999,37.811104,5452700
2011-03-30,43.150002,43.480000,43.049999,43.349998,38.172138,7004800
2011-03-31,43.060001,43.209999,42.700001,43.090000,37.943199,7206400
2011-04-01,43.230000,43.380001,42.639999,42.849998,37.731857,8404800
2011-04-04,42.869999,43.049999,42.509998,42.630001,37.538136,6841000
2011-04-05,42.660000,42.830002,42.200001,42.430000,37.362038,7635700
2011-04-06,42.720001,42.730000,42.060001,42.270000,37.221142,7826300
2011-04-07,42.180000,42.270000,41.500000,42.040001,37.018616,9439900
2011-04-08,42.220001,42.240002,41.400002,41.759998,36.772057,7271800
2011-04-11,41.759998,41.939999,41.549999,41.889999,36.886528,6882700
2011-04-12,41.590000,41.750000,41.250000,41.630001,36.657589,8387000
2011-04-13,41.830002,42.020000,41.490002,41.700001,36.719227,5964800
2011-04-14,41.500000,41.560001,40.840000,41.020000,36.120441,11204000
2011-04-15,41.230000,41.709999,40.959999,41.520000,36.560726,8376900
2011-04-18,40.970001,41.279999,40.459999,41.200001,36.278942,9975800
2011-04-19,41.080002,41.459999,40.880001,41.349998,36.411030,6903700
2011-04-20,41.880001,42.459999,41.759998,42.040001,37.018616,7400000
2011-04-21,42.320000,42.400002,42.099998,42.270000,37.221142,4860800
2011-04-25,42.340000,42.349998,41.869999,41.930000,36.921753,5157000
2011-04-26,41.980000,42.439999,41.720001,42.330002,37.273975,7290800
2011-04-27,42.259998,42.680000,42.180000,42.580002,37.494114,5396900
2011-04-28,42.380001,43.150002,42.380001,43.020000,37.881557,6529800
2011-04-29,43.040001,43.349998,42.810001,43.099998,37.952000,5740200
2011-05-02,43.470001,43.790001,43.209999,43.270000,38.101688,5601100
2011-05-03,43.250000,43.570000,42.889999,43.070000,37.925591,6206900
2011-05-04,42.939999,43.240002,42.299999,42.619999,37.529331,7481400
2011-05-05,42.509998,43.250000,42.439999,42.689999,37.590969,8242300
2011-05-06,43.299999,43.500000,42.849998,43.060001,37.916775,7791900
2011-05-09,43.320000,43.349998,42.930000,43.099998,37.952000,6308300
2011-05-10,43.240002,44.130001,43.099998,43.910000,38.665249,12541000
2011-05-11,42.110001,42.580002,41.110001,41.520000,36.560726,38451900
2011-05-12,41.509998,41.759998,40.939999,41.580002,36.613556,13080100
2011-05-13,41.610001,41.869999,41.250000,41.520000,36.560726,8420500
2011-05-16,41.259998,41.299999,40.889999,40.930000,36.041191,11697800
2011-05-17,40.860001,41.139999,40.680000,41.009998,36.111637,10024400
2011-05-18,40.939999,41.450001,40.900002,41.419998,36.472668,9948300
2011-05-19,41.549999,41.740002,41.139999,41.380001,36.437454,10055800
2011-05-20,41.340000,41.840000,41.119999,41.500000,36.543110,9213000
2011-05-23,41.150002,41.330002,40.950001,41.160000,36.243721,7955900
2011-05-24,41.270000,41.340000,40.869999,41.090000,36.182087,8459300
2011-05-25,40.919998,41.340000,40.849998,41.130001,36.217300,7030500
2011-05-26,41.020000,41.220001,40.549999,40.990002,36.094032,11189400
2011-05-27,41.189999,41.669998,41.189999,41.520000,36.560726,8529400
2011-05-31,41.900002,41.990002,41.480000,41.630001,36.657589,10977200
2011-06-01,41.529999,41.590000,40.320000,40.400002,35.574501,12632100
2011-06-02,40.349998,40.689999,39.990002,40.060001,35.275112,13421400
2011-06-03,39.660000,39.660000,39.169998,39.380001,34.676334,15135500
2011-06-06,39.180000,39.700001,39.139999,39.400002,34.693939,9193400
2011-06-07,39.610001,39.880001,39.330002,39.349998,34.649914,8666700
2011-06-08,39.459999,39.650002,39.139999,39.230000,34.544243,8483000
2011-06-09,38.950001,39.529999,38.849998,39.369999,34.667526,9642200
2011-06-10,39.150002,39.330002,38.419998,38.500000,33.901443,13096800
2011-06-13,38.630001,38.860001,38.349998,38.369999,33.786964,9253400
2011-06-14,38.680000,38.860001,38.509998,38.590000,33.980694,10074600
2011-06-15,38.380001,38.820000,38.240002,38.389999,33.804577,10716200
2011-06-16,38.369999,38.470001,37.770000,38.009998,33.469967,11806900
2011-06-17,38.310001,38.369999,37.980000,38.040001,33.496380,12658300
2011-06-20,37.849998,38.270000,37.650002,38.230000,33.663692,8746200
2011-06-21,38.450001,38.889999,38.250000,38.779999,34.147995,7815000
2011-06-22,38.560001,38.770000,38.279999,38.310001,33.734138,8543700
2011-06-23,37.880001,37.930000,37.189999,37.820000,33.302662,11874100
2011-06-24,37.910000,38.020000,37.389999,37.580002,33.091331,13425400
2011-06-27,37.619999,38.419998,37.470001,38.070000,33.522797,8258400
2011-06-28,38.169998,38.450001,37.790001,37.919998,33.390717,11912700
2011-06-29,38.110001,38.430000,37.730000,38.349998,33.769356,9614100
2011-06-30,38.500000,39.119999,38.349998,39.040001,34.376938,10049800
2011-07-01,39.150002,39.860001,39.029999,39.720001,34.975719,9245300
2011-07-05,39.770000,40.180000,39.599998,39.970001,35.195869,9446200
2011-07-06,39.950001,39.950001,39.270000,39.570000,34.843639,11435800
2011-07-07,39.849998,40.060001,39.730000,39.740002,34.993328,10227600
2011-07-08,39.980000,39.980000,39.200001,39.910000,35.143024,11795100
2011-07-11,39.490002,39.540001,39.080002,39.220001,34.535446,9785500
2011-07-12,39.340000,39.520000,39.029999,39.150002,34.473804,11311000
2011-07-13,39.250000,39.830002,39.090000,39.560001,34.834827,12361400
2011-07-14,39.529999,39.840000,39.389999,39.580002,34.852436,13294000
2011-07-15,39.720001,39.820000,38.980000,39.270000,34.579468,18304900
2011-07-18,39.119999,39.119999,38.459999,38.750000,34.121578,11309600
2011-07-19,39.040001,39.730000,38.990002,39.540001,34.817215,7987500
2011-07-20,39.580002,39.849998,39.279999,39.360001,34.658722,6126400
2011-07-21,39.689999,40.869999,39.669998,40.740002,35.873886,13473000
2011-07-22,40.779999,40.970001,40.540001,40.650002,35.794636,7723300
2011-07-25,40.250000,40.889999,40.160000,40.560001,35.715385,6840900
2011-07-26,40.380001,40.810001,40.369999,40.509998,35.671356,9292900
2011-07-27,40.349998,40.369999,39.419998,39.520000,34.799614,10736600
2011-07-28,39.459999,39.830002,39.189999,39.400002,34.693939,11028100
2011-07-29,39.049999,39.310001,38.500000,38.619999,34.007111,16049700
2011-08-01,38.730000,38.750000,37.820000,38.439999,33.848606,11497500
2011-08-02,38.060001,38.430000,36.930000,36.970001,32.554192,13652300
2011-08-03,36.939999,37.500000,36.470001,37.430000,32.959240,11804500
2011-08-04,36.849998,36.889999,35.259998,35.349998,31.127689,19369200
2011-08-05,35.790001,35.950001,34.400002,35.180000,30.977999,22781900
2011-08-08,34.060001,34.570000,33.029999,33.029999,29.084791,25923500
2011-08-09,33.470001,34.750000,32.310001,34.700001,30.555325,31836700
2011-08-10,31.840000,32.270000,29.600000,31.540001,27.772764,87048500
2011-08-11,31.830000,33.080002,31.809999,32.119999,28.283489,36389500
2011-08-12,32.759998,33.560001,32.439999,33.090000,29.137632,24426900
2011-08-15,33.430000,33.799999,33.090000,33.650002,29.630741,17839100
2011-08-16,33.119999,33.669998,32.750000,33.419998,29.428207,18558300
2011-08-17,33.610001,33.750000,32.840000,33.369999,29.384180,12741000
2011-08-18,32.470001,32.689999,32.169998,32.549999,28.662123,23724700
2011-08-19,31.950001,32.980000,31.820000,31.850000,28.045736,19006700
2011-08-22,32.419998,32.650002,31.940001,32.020000,28.195431,15000100
2011-08-23,32.070000,32.110001,31.330000,32.110001,28.274683,30417400
2011-08-24,32.009998,32.580002,31.730000,32.509998,28.626905,12595700
2011-08-25,32.529999,32.830002,31.879999,32.009998,28.186626,10799000
2011-08-26,32.119999,32.639999,31.360001,32.400002,28.530045,11247100
2011-08-29,32.720001,33.169998,32.610001,33.160000,29.199266,8397500
2011-08-30,33.119999,33.869999,32.820000,33.580002,29.569099,14060100
2011-08-31,33.849998,34.320000,33.740002,34.060001,29.991772,12282000
2011-09-01,34.090000,34.330002,33.340000,33.380001,29.392988,10224700
2011-09-02,32.840000,33.040001,32.410000,32.459999,28.582876,9144700
2011-09-06,31.459999,31.940001,31.330000,31.760000,27.966486,12844800
2011-09-07,32.150002,32.680000,31.990000,32.630001,28.732573,11471000
2011-09-08,32.419998,32.660000,31.910000,31.950001,28.133795,10673200
2011-09-09,31.639999,31.719999,30.730000,31.040001,27.332487,17509200
2011-09-12,30.690001,31.309999,30.520000,31.290001,27.552626,10440000
2011-09-13,31.360001,31.610001,31.020000,31.450001,27.693514,9792200
2011-09-14,31.670000,32.730000,31.230000,32.290001,28.433182,12593100
2011-09-15,32.580002,32.990002,32.430000,32.939999,29.005539,8466900
2011-09-16,33.139999,33.290001,32.630001,32.910000,28.979124,16655300
2011-09-19,32.380001,32.639999,32.060001,32.509998,28.626905,9979700
2011-09-20,32.660000,32.880001,32.230000,32.310001,28.450794,10117700
2011-09-21,32.330002,32.520000,31.240000,31.280001,27.543821,12618500
2011-09-22,30.540001,30.900000,29.180000,29.549999,26.020456,26238400
2011-09-23,29.459999,29.900000,29.049999,29.830000,26.267012,20944100
2011-09-26,30.059999,30.340000,29.680000,30.299999,26.680874,14200600
2011-09-27,30.990000,31.709999,30.590000,31.160000,27.438150,15723900
2011-09-28,31.270000,31.420000,30.379999,30.480000,26.839375,11415000
2011-09-29,31.150000,31.520000,30.230000,30.650000,26.989069,12114800
2011-09-30,30.160000,30.709999,29.990000,30.160000,26.557594,15135000
2011-10-03,30.030001,30.330000,28.990000,29.000000,25.536150,13899200
2011-10-04,28.730000,29.969999,28.190001,29.860001,26.293428,19000000
2011-10-05,30.350000,31.549999,30.309999,31.510000,27.746346,17823700
2011-10-06,31.230000,32.049999,31.020000,32.029999,28.204235,12659400
2011-10-07,32.200001,32.369999,31.610001,31.700001,27.913652,12070100
2011-10-10,32.360001,33.099998,32.299999,33.000000,29.058380,7887400
2011-10-11,33.110001,33.279999,32.240002,32.610001,28.714962,12891200
2011-10-12,32.959999,34.430000,32.750000,33.759998,29.727600,17363400
2011-10-13,33.389999,33.730000,33.270000,33.549999,29.542683,6837900
2011-10-14,34.020000,34.529999,33.910000,34.470001,30.352797,10694700
2011-10-17,33.830002,34.220001,33.180000,33.389999,29.401798,9987700
2011-10-18,33.459999,34.200001,33.130001,33.939999,29.886099,10980600
2011-10-19,33.880001,34.349998,33.470001,33.610001,29.595514,7479000
2011-10-20,33.849998,34.119999,33.250000,33.840000,29.798042,7319800
2011-10-21,34.180000,35.160000,34.090000,35.160000,30.960377,13707600
2011-10-24,35.240002,35.709999,35.020000,35.369999,31.145292,8837900
2011-10-25,35.200001,35.349998,34.410000,34.509998,30.388020,7812300
2011-10-26,34.880001,35.189999,34.090000,35.049999,30.863516,10407200
2011-10-27,35.790001,36.599998,35.630001,36.279999,31.946606,11316800
2011-10-28,36.230000,36.340000,35.720001,36.209999,31.884968,8477600
2011-10-31,35.720001,35.790001,34.860001,34.880001,30.713825,10152100
2011-11-01,34.430000,34.470001,33.310001,33.599998,29.586710,13361700
2011-11-02,34.130001,34.380001,33.799999,34.070000,30.000574,8538100
2011-11-03,34.570000,35.130001,33.970001,35.029999,30.845903,9276100
2011-11-04,34.810001,35.009998,34.330002,34.759998,30.608149,6430900
2011-11-07,34.860001,35.169998,34.610001,35.150002,30.951571,6942700
2011-11-08,35.439999,35.459999,34.340000,35.290001,31.074854,10710900
2011-11-09,34.590000,34.590000,33.660000,33.790001,29.754019,11913800
2011-11-10,34.160000,34.759998,33.650002,34.639999,30.502493,12170600
2011-11-11,36.630001,37.419998,36.369999,36.700001,32.316437,22388500
2011-11-14,36.330002,36.419998,35.880001,36.119999,31.805717,9631900
2011-11-15,35.959999,37.000000,35.959999,36.450001,32.096294,14226700
2011-11-16,35.959999,36.320000,35.470001,35.529999,31.286184,10809700
2011-11-17,35.380001,35.860001,34.799999,35.150002,30.951571,32562000
2011-11-18,35.389999,35.779999,35.240002,35.630001,31.374245,32200300
2011-11-21,35.480000,35.630001,34.220001,34.330002,30.229523,39965700
2011-11-22,34.209999,34.470001,33.410000,34.020000,29.956547,12500700
2011-11-23,33.580002,33.779999,33.400002,33.400002,29.410604,10764000
2011-11-25,33.500000,34.220001,33.279999,33.509998,29.507462,4991900
2011-11-28,34.270000,34.529999,33.759998,34.070000,30.000574,8656400
2011-11-29,34.340000,34.500000,33.970001,34.000000,29.938940,7655200
2011-11-30,34.680000,35.889999,34.660000,35.849998,31.567965,16536000
2011-12-01,36.029999,36.330002,35.720001,35.990002,31.691248,10350800
2011-12-02,36.330002,36.830002,36.299999,36.610001,32.237194,10202500
2011-12-05,37.040001,37.369999,36.730000,36.939999,32.527767,9973900
2011-12-06,36.869999,37.200001,36.750000,36.830002,32.430920,6573100
2011-12-07,36.709999,37.330002,36.459999,37.099998,32.668659,9543600
2011-12-08,36.860001,36.959999,35.820000,35.919998,31.629606,9881700
2011-12-09,36.169998,36.770000,36.169998,36.560001,32.193165,7323400
2011-12-12,36.200001,36.770000,35.919998,36.650002,32.272411,10050800
2011-12-13,36.689999,37.119999,36.180000,36.330002,31.990631,12708800
2011-12-14,35.700001,36.000000,35.119999,35.160000,31.480286,10664000
2011-12-15,35.520000,35.720001,34.990002,35.189999,31.507147,9876100
2011-12-16,35.450001,35.740002,35.150002,35.320000,31.623541,20350200
2011-12-19,35.389999,35.549999,34.509998,34.750000,31.113192,11436800
2011-12-20,35.169998,36.380001,35.150002,36.169998,32.384583,10126200
2011-12-21,36.230000,36.700001,35.750000,36.270000,32.474117,8226200
2011-12-22,36.380001,37.000000,36.259998,36.950001,33.082951,8067600
2011-12-23,37.130001,37.720001,37.110001,37.700001,33.754459,6788700
2011-12-27,37.610001,37.799999,37.400002,37.610001,33.673882,5189500
2011-12-28,37.650002,37.709999,37.169998,37.240002,33.342602,4634300
2011-12-29,37.450001,37.799999,37.250000,37.709999,33.763420,5022500
2011-12-30,37.730000,37.799999,37.360001,37.500000,33.575394,4776100
2012-01-03,37.970001,38.459999,37.939999,38.310001,34.300621,9704200
2012-01-04,38.189999,38.990002,38.119999,38.849998,34.784103,9889900
2012-01-05,38.830002,39.580002,38.700001,39.500000,35.366081,14327100
2012-01-06,39.549999,40.150002,39.450001,39.910000,35.733170,14401600
2012-01-09,39.740002,40.250000,39.590000,39.750000,35.589909,12145200
2012-01-10,39.480000,39.910000,39.160000,39.630001,35.482471,14070900
2012-01-11,39.389999,39.529999,38.450001,38.700001,34.649811,16257600
2012-01-12,38.619999,38.860001,38.410000,38.730000,34.676659,10073400
2012-01-13,38.470001,38.590000,38.020000,38.400002,34.381199,9877700
2012-01-17,38.689999,38.980000,38.410000,38.480000,34.452824,9142800
2012-01-18,38.509998,39.099998,38.400002,39.020000,34.936306,9594500
2012-01-19,39.009998,39.470001,39.000000,39.439999,35.312351,7731000
2012-01-20,39.419998,39.439999,39.099998,39.310001,35.195961,7879900
2012-01-23,39.380001,39.500000,38.959999,39.250000,35.142239,7124600
2012-01-24,39.029999,39.270000,38.570000,39.250000,35.142239,9407000
2012-01-25,39.119999,39.680000,38.959999,39.560001,35.419796,10054000
2012-01-26,39.590000,39.750000,39.060001,39.349998,35.231777,7162600
2012-01-27,39.270000,39.500000,38.980000,39.250000,35.142239,9588400
2012-01-30,38.740002,39.110001,38.380001,38.990002,34.909454,8683200
2012-01-31,39.080002,39.310001,38.660000,38.900002,34.828869,14020100
2012-02-01,39.250000,39.669998,39.160000,39.330002,35.213863,8901000
2012-02-02,39.220001,39.250000,38.560001,38.910000,34.837818,9076800
2012-02-03,39.430000,40.000000,39.360001,40.000000,35.813744,11605300
2012-02-06,40.000000,40.590000,39.959999,40.459999,36.225613,11536500
2012-02-07,40.730000,41.150002,40.200001,40.980000,36.691189,20107300
2012-02-08,41.369999,41.910000,40.990002,41.270000,36.950832,21690200
2012-02-09,40.750000,41.639999,40.549999,41.529999,37.183620,13581000
2012-02-10,40.939999,41.450001,40.830002,41.450001,37.111996,10116300
2012-02-13,41.619999,41.919998,41.590000,41.790001,37.416412,9065800
2012-02-14,41.500000,41.619999,41.259998,41.599998,37.246292,8210300
2012-02-15,41.480000,41.750000,41.130001,41.250000,36.932926,7891200
2012-02-16,41.230000,41.730000,41.080002,41.540001,37.192574,7464500
2012-02-17,41.709999,41.860001,41.549999,41.750000,37.380600,7758700
2012-02-21,41.799999,41.900002,41.490002,41.570000,37.219440,5675100
2012-02-22,41.549999,41.709999,41.150002,41.270000,36.950832,6176200
2012-02-23,41.279999,41.669998,41.090000,41.480000,37.138859,6271000
2012-02-24,41.439999,41.580002,41.230000,41.310001,36.986649,6150600
2012-02-27,41.700001,41.950001,41.299999,41.639999,37.282112,9132300
2012-02-28,41.750000,41.970001,41.549999,41.930000,37.541763,6895200
2012-02-29,41.869999,42.369999,41.849998,41.990002,37.595486,14858700
2012-03-01,42.130001,42.540001,42.130001,42.389999,37.953621,7995900
2012-03-02,42.259998,42.529999,42.040001,42.360001,37.926754,5070500
2012-03-05,42.349998,42.770000,42.110001,42.700001,38.231182,9288800
2012-03-06,42.240002,42.320000,41.730000,42.000000,37.604431,10434500
2012-03-07,42.000000,42.070000,41.700001,41.750000,37.380600,7793500
2012-03-08,41.990002,42.320000,41.950001,42.020000,37.622341,6163800
2012-03-09,42.119999,42.570000,42.029999,42.240002,37.819317,6896400
2012-03-12,42.529999,42.849998,42.150002,42.340000,37.908848,6834500
2012-03-13,42.549999,44.080002,42.430000,44.009998,39.404079,15051900
2012-03-14,43.590000,43.700001,42.900002,43.480000,38.929543,10991300
2012-03-15,43.500000,43.500000,43.169998,43.470001,38.920593,6123600
2012-03-16,43.419998,43.520000,43.180000,43.189999,38.669895,8952100
2012-03-19,43.070000,43.580002,42.950001,43.439999,38.893730,6382500
2012-03-20,43.000000,43.310001,42.930000,43.240002,38.714668,6853900
2012-03-21,43.419998,43.869999,43.270000,43.270000,38.741524,9582000
2012-03-22,43.080002,43.400002,43.009998,43.290001,38.759430,8560200
2012-03-23,43.330002,43.709999,42.860001,43.650002,39.081753,8519000
2012-03-26,43.939999,44.410000,43.919998,44.380001,39.735352,10850200
2012-03-27,44.389999,44.500000,44.090000,44.150002,39.529423,9343100
2012-03-28,44.040001,44.150002,43.259998,43.509998,38.956409,9444300
2012-03-29,43.200001,43.270000,42.299999,43.009998,38.508728,10402500
2012-03-30,43.520000,43.849998,43.099998,43.779999,39.198147,9096000
2012-04-02,43.590000,44.000000,43.320000,43.840000,39.251865,7653800
2012-04-03,43.669998,43.750000,42.910000,43.290001,38.759430,7996400
2012-04-04,42.900002,42.990002,42.480000,42.930000,38.437107,8560700
2012-04-05,42.840000,43.180000,42.680000,43.080002,38.571419,6340800
2012-04-09,42.130001,42.270000,41.959999,42.110001,37.702923,6813500
2012-04-10,41.869999,42.130001,40.880001,40.990002,36.700146,10682100
2012-04-11,41.509998,41.700001,41.240002,41.369999,37.040371,6358400
2012-04-12,41.430000,42.200001,41.250000,42.150002,37.738739,5538400
2012-04-13,42.029999,42.220001,41.700001,41.849998,37.470131,7311700
2012-04-16,42.060001,42.130001,41.540001,41.660000,37.300018,6109300
2012-04-17,41.880001,42.740002,41.880001,42.680000,38.213268,6550300
2012-04-18,42.480000,42.610001,42.320000,42.490002,38.043159,3781900
2012-04-19,42.430000,42.509998,41.799999,42.080002,37.676067,7074200
2012-04-20,42.240002,42.840000,42.240002,42.349998,37.917805,7773100
2012-04-23,42.250000,42.250000,41.730000,42.009998,37.613392,6592100
2012-04-24,42.029999,42.430000,41.970001,42.180000,37.765594,4954600
2012-04-25,42.400002,42.759998,42.380001,42.700001,38.231182,4926300
2012-04-26,42.740002,43.560001,42.689999,43.360001,38.822105,7713000
2012-04-27,43.599998,43.650002,43.119999,43.349998,38.813148,6354200
2012-04-30,43.320000,43.349998,42.840000,43.110001,38.598274,6987200
2012-05-01,43.180000,44.090000,43.150002,43.790001,39.207096,9316200
2012-05-02,43.570000,43.810001,43.299999,43.540001,38.983265,8038200
2012-05-03,43.540001,44.130001,43.490002,43.810001,39.225006,9353900
2012-05-04,43.599998,43.709999,42.840000,42.930000,38.437107,7458800
2012-05-07,43.650002,43.950001,43.310001,43.820000,39.233963,11780500
2012-05-08,43.779999,44.490002,43.090000,44.299999,39.663727,19680900
2012-05-09,44.459999,45.799999,44.410000,45.020000,40.308376,21348300
2012-05-10,45.139999,45.590000,45.049999,45.279999,40.541161,14082900
2012-05-11,45.130001,45.799999,45.000000,45.560001,40.791859,9779300
2012-05-14,45.169998,45.500000,44.980000,45.169998,40.442677,8059400
2012-05-15,45.230000,45.799999,44.919998,45.009998,40.299419,10168800
2012-05-16,45.150002,45.549999,45.060001,45.080002,40.362103,8399800
2012-05-17,45.150002,45.230000,44.299999,44.330002,39.690586,8475100
2012-05-18,44.459999,44.490002,43.619999,43.810001,39.225006,10598200
2012-05-21,43.810001,44.410000,43.509998,44.389999,39.744305,8309300
2012-05-22,44.490002,44.700001,44.130001,44.389999,39.744305,6855400
2012-05-23,44.240002,44.459999,43.810001,44.209999,39.583145,8875700
2012-05-24,44.410000,44.610001,44.009998,44.439999,39.789074,9813200
2012-05-25,44.490002,44.959999,44.380001,44.500000,39.842796,8520700
2012-05-29,44.700001,45.500000,44.599998,45.480000,40.720234,10560000
2012-05-30,45.020000,45.480000,44.860001,45.200001,40.469536,11208700
2012-05-31,45.130001,46.099998,45.060001,45.709999,40.926159,14646500
2012-06-01,45.150002,45.349998,44.340000,44.400002,39.753262,14874500
2012-06-04,44.470001,44.689999,44.139999,44.410000,39.762215,9480300
2012-06-05,44.509998,44.919998,44.200001,44.840000,40.147213,11166600
2012-06-06,45.020000,45.599998,45.000000,45.529999,40.764992,9494400
2012-06-07,45.840000,46.220001,45.529999,45.630001,40.854534,10238900
2012-06-08,45.700001,46.250000,45.590000,46.240002,41.400692,10716400
2012-06-11,46.349998,46.630001,45.730000,45.799999,41.006744,7907400
2012-06-12,45.750000,46.410000,45.580002,46.380001,41.526043,7742900
2012-06-13,46.250000,46.650002,45.990002,46.230000,41.391735,7317600
2012-06-14,46.400002,47.450001,46.209999,47.180000,42.242317,12553900
2012-06-15,47.410000,47.430000,46.919998,47.090000,42.161736,11198200
2012-06-18,46.959999,47.400002,46.799999,47.099998,42.170685,8821100
2012-06-19,47.430000,48.000000,47.279999,47.509998,42.537773,8209000
2012-06-20,47.639999,47.970001,47.430000,47.730000,42.734749,7264700
2012-06-21,47.799999,47.889999,47.220001,47.400002,42.439301,10077700
2012-06-22,47.389999,47.520000,46.910000,47.470001,42.501972,18881600
2012-06-25,47.220001,47.230000,46.549999,46.700001,41.812553,6740600
2012-06-26,46.880001,47.470001,46.820000,47.299999,42.349754,7279900
2012-06-27,47.270000,48.080002,47.230000,47.869999,42.860104,6023500
2012-06-28,47.669998,47.840000,46.980000,47.820000,42.815331,6674200
2012-06-29,48.520000,48.950001,48.220001,48.500000,43.424168,10300500
2012-07-02,48.619999,48.750000,48.240002,48.720001,43.621147,7275600
2012-07-03,48.669998,48.750000,48.419998,48.590000,43.504749,3060800
2012-07-05,48.279999,48.549999,47.830002,48.110001,43.074982,7770100
2012-07-06,47.770000,48.180000,47.700001,48.040001,43.012318,5623100
2012-07-09,48.060001,48.180000,47.759998,48.000000,42.976498,5596200
2012-07-10,48.169998,48.380001,47.180000,47.360001,42.403484,8787500
2012-07-11,47.450001,47.590000,46.970001,47.270000,42.322903,6501000
2012-07-12,47.380001,47.799999,46.849998,47.410000,42.448246,8270700
2012-07-13,47.400002,48.380001,47.380001,48.189999,43.146614,7187300
2012-07-16,47.959999,48.119999,47.689999,47.860001,42.851154,5675200
2012-07-17,48.439999,49.919998,48.400002,49.349998,44.185215,15909900
2012-07-18,49.139999,49.669998,48.959999,49.349998,44.185215,7677500
2012-07-19,49.389999,49.619999,48.730000,48.990002,43.862888,9330800
2012-07-20,48.599998,48.950001,48.500000,48.590000,43.504749,8482300
2012-07-23,47.770000,48.060001,47.419998,47.980000,42.958591,8333100
2012-07-24,48.029999,48.330002,47.689999,48.160000,43.119751,8955100
2012-07-25,48.330002,48.639999,48.009998,48.299999,43.245102,7034000
2012-07-26,49.060001,49.869999,49.060001,49.709999,44.507534,10497100
2012-07-27,49.889999,50.540001,49.689999,49.939999,44.713459,16174800
2012-07-30,49.950001,50.139999,49.650002,49.799999,44.588120,8890600
2012-07-31,49.779999,49.849998,49.090000,49.139999,43.997189,10503000
2012-08-01,49.330002,49.529999,48.720001,48.820000,43.710678,6780200
2012-08-02,48.599998,48.990002,48.130001,48.980000,43.853939,9559000
2012-08-03,49.810001,49.869999,49.360001,49.770000,44.561256,8187800
2012-08-06,49.970001,50.000000,49.650002,49.650002,44.453819,6353300
2012-08-07,50.009998,50.310001,49.720001,49.810001,44.597065,13676500
2012-08-08,49.360001,50.650002,49.049999,50.490002,45.205902,14724900
2012-08-09,50.279999,50.470001,49.849998,49.959999,44.731365,10430300
2012-08-10,49.900002,49.919998,49.320000,49.650002,44.453819,7449500
2012-08-13,49.529999,49.990002,49.459999,49.860001,44.641834,4875000
2012-08-14,49.930000,50.150002,49.529999,49.689999,44.489624,6365900
2012-08-15,49.650002,49.970001,49.650002,49.889999,44.668697,4887100
2012-08-16,49.990002,50.419998,49.799999,50.250000,44.991020,8285700
2012-08-17,50.369999,50.549999,50.330002,50.459999,45.179043,6354700
2012-08-20,50.320000,50.590000,50.150002,50.450001,45.170094,6937100
2012-08-21,50.410000,50.480000,49.509998,49.639999,44.444866,7683200
2012-08-22,49.599998,50.150002,49.500000,49.660000,44.462772,6759400
2012-08-23,49.610001,49.660000,49.029999,49.169998,44.024044,5428300
2012-08-24,49.080002,49.610001,49.009998,49.560001,44.373238,5793700
2012-08-27,49.490002,49.849998,49.410000,49.630001,44.435909,6228800
2012-08-28,49.439999,49.849998,49.290001,49.630001,44.435909,7962400
2012-08-29,49.639999,50.169998,49.590000,50.040001,44.802998,7685100
2012-08-30,49.720001,49.779999,49.369999,49.419998,44.247883,6697800
2012-08-31,49.639999,49.900002,49.400002,49.470001,44.292660,6232500
2012-09-04,49.520000,49.830002,49.230000,49.660000,44.462772,6988700
2012-09-05,50.139999,51.240002,50.090000,50.790001,45.474503,16689300
2012-09-06,50.700001,51.869999,50.639999,51.860001,46.432529,10124600
2012-09-07,51.869999,52.000000,51.660000,51.740002,46.325085,8923600
2012-09-10,51.610001,51.799999,51.480000,51.520000,46.128109,7479300
2012-09-11,51.470001,51.669998,51.430000,51.560001,46.163925,6631700
2012-09-12,51.599998,51.790001,51.270000,51.700001,46.289265,7100200
2012-09-13,51.730000,52.669998,51.730000,52.599998,47.095074,11184700
2012-09-14,52.450001,52.750000,52.169998,52.349998,46.871243,9507000
2012-09-17,52.320000,52.430000,51.959999,52.150002,46.692181,7852900
2012-09-18,52.029999,52.119999,51.770000,51.900002,46.468342,7100800
2012-09-19,51.779999,52.950001,51.779999,52.700001,47.184616,7822500
2012-09-20,52.430000,52.910000,52.430000,52.660000,47.148804,8598300
2012-09-21,52.939999,53.389999,52.730000,52.740002,47.220436,13229300
2012-09-24,52.669998,53.049999,52.610001,52.919998,47.381588,6148000
2012-09-25,52.889999,53.400002,52.540001,52.540001,47.041355,7421200
2012-09-26,52.419998,52.599998,51.770000,51.939999,46.504147,8017900
2012-09-27,52.119999,52.779999,51.970001,52.580002,47.077179,5309400
2012-09-28,52.410000,52.529999,52.049999,52.279999,46.808563,6695200
2012-10-01,52.310001,52.860001,51.919998,52.070000,46.620544,6557200
2012-10-02,52.130001,52.250000,51.470001,51.639999,46.235554,7243900
2012-10-03,51.720001,52.689999,51.689999,52.470001,46.978687,6626600
2012-10-04,52.720001,53.080002,52.389999,52.630001,47.121937,6507800
2012-10-05,52.840000,53.150002,52.759998,52.970001,47.426361,5223200
2012-10-08,52.369999,52.500000,52.110001,52.330002,46.853344,5827900
2012-10-09,52.320000,52.330002,51.459999,51.509998,46.119152,8072100
2012-10-10,51.389999,51.630001,51.090000,51.209999,45.850559,6407900
2012-10-11,51.330002,51.560001,50.200001,50.340000,45.071598,10118400
2012-10-12,50.549999,50.750000,50.419998,50.590000,45.295437,6135600
2012-10-15,50.590000,50.810001,50.360001,50.790001,45.474503,6871200
2012-10-16,51.169998,51.500000,51.080002,51.240002,45.877411,4997300
2012-10-17,51.400002,52.400002,51.330002,52.290001,46.817524,7787900
2012-10-18,52.259998,52.740002,52.119999,52.419998,46.933922,6290600
2012-10-19,52.500000,52.590000,51.599998,51.900002,46.468342,8454800
2012-10-22,51.810001,52.049999,51.400002,51.790001,46.369858,6131800
2012-10-23,51.330002,51.349998,50.750000,50.759998,45.447651,8531000
2012-10-24,50.950001,51.080002,50.560001,50.650002,45.349163,6069500
2012-10-25,50.930000,51.029999,49.959999,50.259998,44.999977,6794100
2012-10-26,50.360001,50.540001,49.520000,50.080002,44.838810,8359800
2012-10-31,51.150002,51.240002,48.799999,49.119999,43.979282,20702900
2012-11-01,49.279999,50.310001,49.279999,49.779999,44.570206,10582900
2012-11-02,50.630001,50.990002,49.770000,49.860001,44.641834,14027500
2012-11-05,50.810001,50.860001,49.820000,50.320000,45.053696,9575100
2012-11-06,50.570000,50.700001,50.080002,50.470001,45.188007,7691200
2012-11-07,50.650002,50.650002,49.590000,50.080002,44.838810,8533200
2012-11-08,50.090000,50.840000,49.919998,50.040001,44.802998,11124200
2012-11-09,46.990002,47.950001,46.529999,47.060001,42.134869,34216900
2012-11-12,47.490002,47.630001,46.959999,47.450001,42.484058,12344500
2012-11-13,47.279999,48.419998,47.279999,47.959999,42.940681,12269300
2012-11-14,48.029999,48.040001,47.049999,47.169998,42.233353,9776400
2012-11-15,47.240002,47.639999,46.959999,47.470001,42.501972,11416900
2012-11-16,47.590000,47.759998,47.049999,47.419998,42.457195,9833400
2012-11-19,47.700001,48.029999,47.450001,47.910000,42.895912,8512400
2012-11-20,47.779999,48.500000,47.660000,48.439999,43.370449,7465100
2012-11-21,48.500000,48.950001,48.400002,48.680000,43.585335,6763300
2012-11-23,48.889999,49.279999,48.799999,49.259998,44.104630,3353600
2012-11-26,48.980000,49.430000,48.910000,49.029999,43.898705,6935800
2012-11-27,49.060001,49.200001,48.529999,48.599998,43.513706,6720400
2012-11-28,48.470001,49.250000,47.840000,49.200001,44.050915,8148500
2012-11-29,49.509998,49.849998,49.320000,49.720001,44.516495,7232200
2012-11-30,49.810001,49.939999,49.250000,49.660000,44.462772,12343900
2012-12-03,49.770000,50.000000,49.270000,49.290001,44.131489,8395400
2012-12-04,49.250000,49.450001,48.849998,49.299999,44.140442,8400900
2012-12-05,49.430000,49.900002,49.139999,49.590000,44.400089,9182300
2012-12-06,48.779999,49.130001,48.560001,49.060001,44.600098,4828900
2012-12-07,49.180000,49.380001,49.009998,49.240002,44.763733,5279200
2012-12-10,49.209999,49.509998,49.189999,49.299999,44.818272,5264500
2012-12-11,49.369999,49.990002,49.360001,49.480000,44.981911,9040000
2012-12-12,49.759998,50.070000,49.419998,49.639999,45.127369,6474300
2012-12-13,49.610001,49.689999,48.910000,49.110001,44.645557,6108000
2012-12-14,49.009998,49.119999,48.549999,48.669998,44.245548,8086400
2012-12-17,48.720001,49.320000,48.669998,49.279999,44.800095,10324500
2012-12-18,49.349998,50.320000,49.150002,50.220001,45.654644,14023800
2012-12-19,50.150002,50.509998,49.939999,49.939999,45.400097,8382100
2012-12-20,49.830002,51.060001,49.830002,50.930000,46.300095,8410700
2012-12-21,50.410000,50.750000,49.680000,50.000000,45.454647,15996900
2012-12-24,49.919998,50.200001,49.840000,49.880001,45.345558,2772000
2012-12-26,49.849998,49.980000,49.450001,49.849998,45.318275,4200200
2012-12-27,49.799999,50.000000,48.900002,49.529999,45.027359,6948200
2012-12-28,49.349998,49.700001,49.020000,49.150002,44.681919,6985800
2012-12-31,48.889999,49.799999,48.799999,49.790001,45.263737,10224500
2013-01-02,50.799999,51.250000,50.639999,51.099998,46.454643,11674700
2013-01-03,51.049999,51.340000,50.840000,51.209999,46.554642,7566600
2013-01-04,51.380001,52.340000,51.330002,52.189999,47.445557,8745900
2013-01-07,51.759998,51.759998,50.660000,50.970001,46.336468,9472100
2013-01-08,50.880001,51.180000,50.570000,50.759998,46.145550,8637600
2013-01-09,50.930000,51.500000,50.759998,50.779999,46.163727,8389000
2013-01-10,50.869999,51.240002,50.590000,50.790001,46.172821,8097400
2013-01-11,50.820000,51.020000,50.450001,50.580002,45.981918,7149000
2013-01-14,50.400002,50.830002,50.180000,50.590000,45.991005,9308800
2013-01-15,50.470001,51.150002,50.430000,51.090000,46.445557,7299500
2013-01-16,50.849998,51.779999,50.799999,51.529999,46.845547,7371800
2013-01-17,51.840000,52.700001,51.840000,52.410000,47.645557,10132100
2013-01-18,52.240002,52.340000,51.810001,52.340000,47.581917,8490900
2013-01-22,52.389999,52.799999,52.180000,52.730000,47.936462,6635200
2013-01-23,52.860001,54.160000,52.779999,53.950001,49.045559,13842700
2013-01-24,54.029999,54.869999,53.919998,53.950001,49.045559,13608000
2013-01-25,53.799999,54.560001,53.610001,54.380001,49.436470,7939400
2013-01-28,54.279999,54.560001,54.099998,54.360001,49.418282,7133500
2013-01-29,54.150002,54.209999,53.529999,53.990002,49.081921,7786400
2013-01-30,53.849998,54.000000,53.549999,53.790001,48.900108,9821800
2013-01-31,53.840000,54.250000,53.650002,53.880001,48.981926,7333900
2013-02-01,54.180000,54.869999,54.150002,54.590000,49.627380,9552300
2013-02-04,54.160000,54.500000,53.799999,53.900002,49.000111,7717400
2013-02-05,54.360001,54.410000,54.000000,54.290001,49.354656,10246400
2013-02-06,55.400002,55.500000,54.410000,54.520000,49.563744,26833600
2013-02-07,54.070000,54.480000,53.410000,54.360001,49.418282,11723200
2013-02-08,54.380001,54.720001,54.310001,54.660000,49.691017,9584300
2013-02-11,54.650002,54.980000,54.590000,54.750000,49.772827,6358600
2013-02-12,54.770000,55.049999,54.689999,54.950001,49.954655,8758100
2013-02-13,55.080002,55.299999,54.669998,54.959999,49.963745,5701400
2013-02-14,54.919998,55.169998,54.709999,54.880001,49.891018,8564500
2013-02-15,55.049999,55.619999,54.889999,55.610001,50.554661,17783400
2013-02-19,55.580002,55.950001,55.570000,55.730000,50.663746,7780500
2013-02-20,55.619999,55.820000,54.560001,54.599998,49.636463,8460700
2013-02-21,54.580002,54.820000,54.009998,54.169998,49.245556,6802500
2013-02-22,54.389999,54.580002,53.930000,54.250000,49.318291,7603600
2013-02-25,54.599998,54.790001,53.590000,53.590000,48.718292,9830200
2013-02-26,53.810001,54.040001,53.599998,53.900002,49.000111,6238300
2013-02-27,53.900002,54.660000,53.849998,54.480000,49.527382,7243500
2013-02-28,54.540001,55.040001,54.389999,54.590000,49.627380,6605000
2013-03-01,54.310001,55.369999,54.299999,55.330002,50.300102,8311500
2013-03-04,55.160000,55.840000,55.000000,55.799999,50.727379,6357400
2013-03-05,55.950001,56.580002,55.900002,56.480000,51.345566,7067900
2013-03-06,56.529999,56.840000,56.250000,56.360001,51.236477,5572600
2013-03-07,56.360001,56.470001,56.009998,56.320000,51.200111,4813700
2013-03-08,56.560001,57.509998,56.520000,57.389999,52.172832,8157800
2013-03-11,57.389999,57.750000,57.340000,57.660000,52.418293,7155200
2013-03-12,57.520000,57.630001,56.700001,57.110001,51.918297,7159100
2013-03-13,57.160000,57.439999,56.939999,57.340000,52.127384,5209800
2013-03-14,57.349998,57.820000,57.270000,57.750000,52.500114,5908200
2013-03-15,57.500000,57.779999,57.340000,57.580002,52.345566,13788100
2013-03-18,57.080002,57.189999,56.750000,56.830002,51.663746,5125800
2013-03-19,56.830002,57.049999,55.759998,56.310001,51.191025,8884200
2013-03-20,56.590000,57.150002,56.540001,56.939999,51.763752,6018700
2013-03-21,56.740002,56.849998,56.160000,56.310001,51.191025,5168500
2013-03-22,56.650002,57.099998,56.520000,56.779999,51.618286,5500200
2013-03-25,57.000000,57.110001,55.869999,56.209999,51.100109,7881500
2013-03-26,56.410000,56.730000,56.330002,56.630001,51.481922,4675600
2013-03-27,56.340000,56.500000,55.990002,56.470001,51.336479,6392400
2013-03-28,56.590000,56.939999,56.500000,56.799999,51.636471,6705600
2013-04-01,56.889999,57.139999,56.150002,56.689999,51.536472,6722400
2013-04-02,57.040001,57.459999,56.959999,57.459999,52.236477,6575300
2013-04-03,57.639999,57.750000,57.000000,57.250000,52.045570,8101000
2013-04-04,57.279999,57.720001,57.180000,57.590000,52.354656,6412400
2013-04-05,56.889999,57.730000,56.369999,57.700001,52.454662,7034700
2013-04-08,57.830002,58.820000,57.759998,58.820000,53.472843,9796200
2013-04-09,58.720001,59.240002,58.520000,59.139999,53.763748,8864800
2013-04-10,59.369999,60.139999,59.340000,60.110001,54.645569,8438100
2013-04-11,60.110001,60.669998,60.020000,60.549999,55.045570,9241800
2013-04-12,60.290001,60.730000,60.270000,60.549999,55.045570,8533000
2013-04-15,60.259998,60.669998,58.840000,58.880001,53.527393,12027900
2013-04-16,59.259998,60.750000,59.080002,60.750000,55.227394,10309400
2013-04-17,60.349998,60.689999,60.020000,60.680000,55.163754,11531200
2013-04-18,60.639999,60.669998,59.880001,59.990002,54.536484,9203200
2013-04-19,60.250000,61.560001,60.250000,61.560001,55.963760,9488300
2013-04-22,61.590000,62.099998,61.150002,62.009998,56.372849,6306900
2013-04-23,62.400002,62.619999,61.540001,62.590000,56.900124,6260800
2013-04-24,62.709999,62.900002,61.590000,61.939999,56.309208,7335400
2013-04-25,62.009998,62.169998,61.549999,62.000000,56.363754,6680900
2013-04-26,62.060001,62.290001,61.549999,61.869999,56.245571,7038500
2013-04-29,62.820000,63.250000,62.590000,63.000000,57.272842,7203900
2013-04-30,62.930000,63.080002,62.439999,62.840000,57.127399,8528800
2013-05-01,62.880001,63.500000,62.799999,63.209999,57.463760,7468900
2013-05-02,63.400002,63.930000,63.110001,63.880001,58.072853,5249600
2013-05-03,64.180000,64.849998,63.880001,64.800003,58.909214,9196000
2013-05-06,65.089996,65.589996,64.510002,65.059998,59.145576,10239600
2013-05-07,65.440002,66.089996,64.769997,66.070000,60.063766,14539100
2013-05-08,66.000000,66.000000,64.559998,65.989998,59.991032,17803200
2013-05-09,65.730003,67.110001,65.510002,66.669998,60.609215,11325000
2013-05-10,66.690002,67.430000,66.339996,67.199997,61.091038,8654000
2013-05-13,66.959999,67.519997,66.919998,67.320000,61.200138,5195000
2013-05-14,67.430000,67.489998,66.980003,67.470001,61.336491,9675400
2013-05-15,67.419998,67.790001,67.180000,67.669998,61.518311,7925900
2013-05-16,67.620003,67.889999,66.199997,66.470001,60.427402,8473100
2013-05-17,66.160004,66.580002,65.680000,66.580002,60.527405,9160100
2013-05-20,66.580002,66.599998,66.050003,66.120003,60.109219,5893300
2013-05-21,66.349998,66.400002,65.709999,65.830002,59.845585,7359100
2013-05-22,65.760002,66.709999,65.269997,65.570000,59.609222,8142400
2013-05-23,64.870003,65.440002,64.239998,65.230003,59.300133,7536200
2013-05-24,64.750000,65.529999,64.389999,65.489998,59.536491,8846100
2013-05-28,65.980003,66.760002,65.919998,66.690002,60.627392,8280000
2013-05-29,66.370003,66.480003,65.739998,66.260002,60.236496,6954000
2013-05-30,66.440002,67.110001,64.320000,64.650002,58.772854,13052700
2013-05-31,64.570000,65.029999,63.070000,63.080002,57.345581,11280900
2013-06-03,63.060001,63.820000,62.529999,63.799999,58.000122,8705600
2013-06-04,63.930000,64.930000,63.860001,64.349998,58.500122,8147700
2013-06-05,64.050003,64.120003,62.799999,63.119999,57.381939,8893600
2013-06-06,63.099998,63.320000,62.040001,63.139999,57.400124,8661900
2013-06-07,63.630001,64.870003,63.250000,64.849998,58.954681,7611300
2013-06-10,64.910004,64.970001,63.700001,63.830002,58.027393,6729500
2013-06-11,63.320000,64.300003,62.970001,63.799999,58.000122,6454800
2013-06-12,64.320000,64.449997,62.869999,62.990002,57.263760,7663200
2013-06-13,62.990002,64.400002,62.520000,64.300003,58.454674,5584900
2013-06-14,64.010002,64.430000,63.630001,63.799999,58.000122,5311800
2013-06-17,64.300003,65.129997,64.250000,64.489998,58.627392,6752000
2013-06-18,64.610001,65.489998,64.559998,65.290001,59.354671,5234400
2013-06-19,65.190002,65.550003,64.330002,64.330002,58.481945,6871400
2013-06-20,63.220001,63.520000,61.820000,61.980000,56.345577,12260800
2013-06-21,62.619999,63.080002,61.820000,62.730000,57.027401,11892400
2013-06-24,62.250000,62.990002,61.820000,62.439999,56.763763,6494500
2013-06-25,62.880001,63.099998,62.500000,62.570000,56.881939,6776700
2013-06-26,62.950001,63.459999,62.750000,63.209999,57.463760,5720400
2013-06-27,63.650002,63.970001,63.450001,63.720001,57.927402,4875900
2013-06-28,63.759998,64.519997,63.150002,63.150002,57.409218,10560300
2013-07-01,63.840000,64.919998,63.630001,63.930000,58.118309,8221600
2013-07-02,63.830002,64.139999,63.080002,63.259998,57.509209,7690500
2013-07-03,62.849998,63.830002,62.570000,63.610001,57.827396,3351800
2013-07-05,63.880001,63.950001,63.110001,63.820000,58.018303,5645800
2013-07-08,64.279999,64.790001,64.160004,64.709999,58.827396,6679700
2013-07-09,65.320000,65.540001,64.650002,64.940002,59.036495,4556400
2013-07-10,64.860001,65.300003,64.570000,64.910004,59.009220,5761700
2013-07-11,65.650002,66.830002,65.650002,66.580002,60.527405,8329800
2013-07-12,66.389999,67.000000,65.930000,66.980003,60.891048,5889900
2013-07-15,67.019997,67.360001,65.889999,65.930000,59.936497,6458000
2013-07-16,65.949997,66.099998,64.930000,65.029999,59.118305,7470900
2013-07-17,65.419998,65.459999,64.760002,65.360001,59.418308,6846700
2013-07-18,65.699997,66.370003,65.660004,65.820000,59.836494,4962800
2013-07-19,65.889999,66.029999,64.910004,65.160004,59.236500,7220400
2013-07-22,65.150002,65.330002,64.260002,64.400002,58.545582,5973600
2013-07-23,64.599998,64.769997,64.330002,64.449997,58.591022,4534500
2013-07-24,64.589996,65.120003,64.529999,64.639999,58.763756,5326800
2013-07-25,64.320000,64.739998,64.260002,64.550003,58.681950,5407800
2013-07-26,64.470001,65.070000,64.110001,64.980003,59.072857,4949600
2013-07-29,64.800003,65.029999,64.470001,64.610001,58.736481,3805800
2013-07-30,64.699997,64.870003,64.099998,64.180000,58.345585,6210500
2013-07-31,64.430000,65.120003,64.379997,64.650002,58.772854,7155300
2013-08-01,65.160004,65.870003,65.129997,65.360001,59.418308,6338100
2013-08-02,65.559998,66.589996,65.330002,66.510002,60.463772,6098500
2013-08-05,66.500000,66.540001,65.610001,66.019997,60.018311,7265800
2013-08-06,66.089996,67.160004,65.970001,67.050003,60.954674,11546300
2013-08-07,64.930000,66.300003,64.120003,65.910004,59.918320,16970500
2013-08-08,66.339996,66.459999,65.199997,65.750000,59.772858,8826400
2013-08-09,65.470001,65.750000,64.599998,64.730003,58.845585,7945500
2013-08-12,64.260002,64.430000,63.669998,63.930000,58.118309,8004900
2013-08-13,64.260002,64.260002,63.410000,63.980000,58.163761,6025100
2013-08-14,63.950001,64.169998,63.470001,63.959999,58.145573,6413700
2013-08-15,63.279999,63.320000,62.200001,62.380001,56.709209,9014100
2013-08-16,61.970001,62.500000,61.709999,62.169998,56.518299,8238800
2013-08-19,62.150002,62.180000,61.830002,61.830002,56.209209,5659900
2013-08-20,61.790001,62.389999,61.790001,61.880001,56.254662,5192100
2013-08-21,61.619999,61.880001,61.090000,61.139999,55.581940,7185400
2013-08-22,61.320000,61.820000,61.160000,61.639999,56.036484,5302300
2013-08-23,61.959999,61.990002,61.459999,61.730000,56.118305,5505900
2013-08-26,61.759998,62.110001,61.330002,61.349998,55.772846,4499100
2013-08-27,60.900002,61.349998,60.570000,60.689999,55.172848,7734500
2013-08-28,60.439999,61.150002,60.410000,60.810001,55.281940,7161700
2013-08-29,60.770000,61.520000,60.549999,61.080002,55.527397,5396200
2013-08-30,61.139999,61.270000,60.549999,60.830002,55.300121,5404100
2013-09-03,61.419998,61.990002,60.599998,60.930000,55.391033,7016400
2013-09-04,60.919998,61.220001,60.520000,61.110001,55.554665,14014600
2013-09-05,61.070000,61.599998,60.959999,61.299999,55.727383,6356600
2013-09-06,61.470001,61.830002,60.630001,61.389999,55.809212,7319400
2013-09-09,61.599998,61.840000,61.270000,61.590000,55.991028,7224500
2013-09-10,62.090000,62.970001,61.930000,62.830002,57.118305,9919600
2013-09-11,63.119999,63.939999,62.980000,63.939999,58.127392,9439700
2013-09-12,63.799999,66.349998,63.410000,65.489998,59.536491,22426500
2013-09-13,65.870003,67.029999,65.500000,66.690002,60.627392,12718700
2013-09-16,67.320000,67.650002,66.879997,66.940002,60.854675,9716500
2013-09-17,66.830002,67.199997,66.720001,66.980003,60.891048,6450700
2013-09-18,66.669998,67.370003,66.209999,67.110001,61.009232,9865600
2013-09-19,66.389999,66.500000,65.400002,65.720001,59.745590,11864800
2013-09-20,65.610001,65.839996,64.910004,65.010002,59.100128,29076200
2013-09-23,65.040001,65.480003,64.680000,64.750000,58.863762,8286600
2013-09-24,64.940002,65.160004,64.279999,64.320000,58.472851,8272800
2013-09-25,64.419998,64.930000,64.199997,64.449997,58.591022,7281400
2013-09-26,64.360001,65.290001,64.250000,65.239998,59.309219,6971200
2013-09-27,64.970001,65.440002,64.690002,65.190002,59.263775,5586000
2013-09-30,64.730003,64.949997,64.389999,64.489998,58.627392,7463200
2013-10-01,64.370003,65.250000,64.360001,64.830002,58.936485,4881200
2013-10-02,64.449997,65.339996,64.400002,64.879997,58.981945,7218800
2013-10-03,64.720001,64.930000,63.830002,64.019997,58.200123,7264100
2013-10-04,64.019997,65.430000,63.970001,65.300003,59.363762,6546000
2013-10-07,64.809998,65.309998,64.570000,64.589996,58.718307,5840900
2013-10-08,64.519997,64.769997,63.970001,64.000000,58.181942,8636300
2013-10-09,64.019997,64.180000,63.099998,63.590000,57.809223,8746900
2013-10-10,64.480003,65.669998,64.290001,65.580002,59.618309,7676600
2013-10-11,65.660004,66.589996,65.500000,66.209999,60.191040,6735000
2013-10-14,65.879997,66.980003,65.779999,66.830002,60.754681,6461500
2013-10-15,66.730003,66.940002,65.930000,66.440002,60.400143,5943100
2013-10-16,66.639999,66.860001,66.129997,66.349998,60.318306,7724800
2013-10-17,66.190002,66.589996,65.980003,66.419998,60.381943,6952100
2013-10-18,66.500000,67.269997,65.989998,67.150002,61.045574,7587000
2013-10-21,67.269997,67.629997,67.160004,67.610001,61.463772,4845800
2013-10-22,67.940002,69.129997,67.750000,69.000000,62.727417,7860700
2013-10-23,68.809998,69.199997,68.019997,68.120003,61.927402,5864500
2013-10-24,68.180000,69.190002,68.019997,69.050003,62.772869,6045400
2013-10-25,69.320000,69.870003,68.970001,69.260002,62.963772,6613300
2013-10-28,69.349998,69.480003,68.919998,69.000000,62.727417,4469200
2013-10-29,69.120003,69.389999,68.779999,68.919998,62.654671,4450200
2013-10-30,69.220001,69.300003,67.930000,68.470001,62.245586,5816100
2013-10-31,68.470001,69.300003,68.349998,68.589996,62.354687,5706100
2013-11-01,68.709999,69.180000,68.500000,69.010002,62.736500,5008600
2013-11-04,69.410004,69.550003,68.410004,68.809998,62.554676,4790200
2013-11-05,68.769997,69.059998,68.059998,68.849998,62.591030,5140600
2013-11-06,69.180000,69.620003,68.620003,69.000000,62.727417,6503200
2013-11-07,69.339996,69.339996,67.089996,67.150002,61.045574,10496300
2013-11-08,66.870003,69.410004,66.720001,68.580002,62.345600,16182800
2013-11-11,68.480003,68.739998,68.190002,68.339996,62.127388,4954000
2013-11-12,68.330002,68.449997,67.419998,67.769997,61.609222,6586700
2013-11-13,67.430000,68.989998,67.300003,68.970001,62.700134,5681000
2013-11-14,69.139999,70.150002,69.000000,70.019997,63.654682,7246600
2013-11-15,69.769997,70.169998,69.550003,70.000000,63.636497,6184400
2013-11-18,70.059998,70.089996,69.330002,69.500000,63.181946,4904400
2013-11-19,69.489998,69.720001,69.040001,69.120003,62.836506,4801700
2013-11-20,69.120003,69.919998,69.080002,69.230003,62.936504,4726800
2013-11-21,69.459999,70.010002,69.269997,69.940002,63.581959,4498300
2013-11-22,69.949997,70.330002,69.800003,70.199997,63.818321,4667500
2013-11-25,70.540001,70.580002,69.599998,69.739998,63.400127,5830600
2013-11-26,69.919998,71.690002,69.900002,71.180000,64.709236,8850000
2013-11-27,71.209999,71.250000,70.459999,70.769997,64.336502,5446100
2013-11-29,71.040001,71.269997,70.389999,70.540001,64.127411,4801000
2013-12-02,70.790001,71.309998,70.760002,70.910004,64.463768,6774600
2013-12-03,70.220001,70.410004,69.379997,69.900002,63.545597,8304700
2013-12-04,69.419998,70.480003,69.320000,69.970001,63.609219,4883800
2013-12-05,70.290001,70.680000,70.080002,70.230003,63.845592,5587000
2013-12-06,70.970001,71.489998,70.769997,71.459999,64.963768,5542000
2013-12-09,71.360001,71.480003,70.919998,71.110001,64.645592,6477100
2013-12-10,70.910004,71.650002,70.900002,71.570000,65.063797,7112200
2013-12-11,71.730003,72.129997,70.430000,70.519997,64.109222,9519200
2013-12-12,69.279999,70.019997,68.800003,69.629997,64.081612,8756300
2013-12-13,69.900002,70.129997,69.279999,69.620003,64.072411,5784300
2013-12-16,69.910004,70.849998,69.910004,70.510002,64.891502,6246600
2013-12-17,70.690002,70.910004,69.830002,70.660004,65.029541,6829100
2013-12-18,70.959999,72.199997,70.139999,72.199997,66.446823,7971400
2013-12-19,72.139999,73.080002,72.099998,72.970001,67.155472,6768100
2013-12-20,73.099998,73.559998,72.339996,72.400002,66.630890,12989700
2013-12-23,72.889999,73.330002,72.660004,73.279999,67.440773,5621900
2013-12-24,73.250000,73.860001,73.250000,73.849998,67.965340,2883600
2013-12-26,73.949997,74.690002,73.910004,74.620003,68.673988,4620100
2013-12-27,74.650002,74.779999,73.930000,74.349998,68.425507,3844800
2013-12-30,74.989998,76.540001,74.889999,76.230003,70.155708,8578900
2013-12-31,76.279999,76.500000,75.809998,76.400002,70.312157,4692300
2014-01-02,76.040001,76.500000,75.900002,76.269997,70.192497,5200900
2014-01-03,76.300003,76.699997,76.010002,76.110001,70.045273,4060700
2014-01-06,76.529999,76.839996,75.489998,75.820000,69.778374,6816200
2014-01-07,76.120003,76.699997,75.900002,76.339996,70.256927,4494900
2014-01-08,76.129997,76.279999,74.809998,75.220001,69.226189,10900300
2014-01-09,75.459999,75.459999,74.320000,74.900002,68.931679,8052900
2014-01-10,75.080002,75.510002,74.559998,75.389999,69.382637,6219000
2014-01-13,74.900002,75.129997,73.050003,73.269997,67.431564,8232800
2014-01-14,73.709999,74.580002,73.290001,74.449997,68.517532,5996500
2014-01-15,74.300003,75.099998,74.250000,74.279999,68.361092,7283900
2014-01-16,74.389999,74.400002,73.720001,74.209999,68.296669,5597400
2014-01-17,74.430000,74.629997,73.680000,73.980003,68.085007,6624800
2014-01-21,73.989998,74.879997,73.300003,74.199997,68.287460,7507100
2014-01-22,74.080002,75.430000,74.050003,75.309998,69.309013,6795100
2014-01-23,74.529999,74.949997,74.150002,74.790001,68.830452,6280900
2014-01-24,74.099998,74.230003,72.720001,72.720001,66.925400,7334900
2014-01-27,72.470001,72.910004,71.720001,72.250000,66.492851,7415100
2014-01-28,72.260002,73.000000,72.239998,72.879997,67.072647,5508400
2014-01-29,71.970001,72.239998,71.120003,71.330002,65.646156,8604800
2014-01-30,72.089996,73.629997,72.000000,73.220001,67.385567,7550500
2014-01-31,72.199997,73.320000,71.800003,72.610001,66.824158,7748500
2014-02-03,72.660004,72.730003,69.849998,69.989998,64.412933,11964800
2014-02-04,70.940002,71.250000,69.879997,71.050003,65.388474,11278800
2014-02-05,72.050003,72.050003,70.370003,71.760002,66.041901,11573300
2014-02-06,75.610001,76.730003,74.779999,75.559998,69.539093,19821900
2014-02-07,75.080002,75.699997,74.610001,75.669998,69.640320,11480100
2014-02-10,75.669998,77.309998,75.570000,77.059998,70.919563,8781600
2014-02-11,77.150002,77.919998,77.110001,77.790001,71.591400,8186200
2014-02-12,77.660004,78.010002,77.639999,77.910004,71.701836,6329500
2014-02-13,77.519997,78.239998,77.199997,77.900002,71.692627,5955400
2014-02-14,77.879997,79.470001,77.769997,79.230003,72.916656,7001100
2014-02-18,79.500000,80.000000,79.430000,79.580002,73.238770,6136500
2014-02-19,79.500000,79.779999,78.800003,78.870003,72.585342,7024000
2014-02-20,79.209999,79.650002,78.839996,79.190002,72.879845,5748700
2014-02-21,79.070000,80.449997,78.800003,80.129997,73.744934,8252300
2014-02-24,80.500000,81.589996,80.459999,80.730003,74.297119,6635200
2014-02-25,80.720001,81.349998,80.040001,80.209999,73.818565,6064300
2014-02-26,80.629997,80.949997,79.589996,80.080002,73.698921,5775600
2014-02-27,80.000000,80.589996,79.860001,80.480003,74.067055,4919800
2014-02-28,80.839996,81.589996,80.169998,80.809998,74.370750,7030700
2014-03-03,80.300003,80.650002,78.849998,79.459999,73.128334,8449400
2014-03-04,80.599998,82.169998,80.540001,81.709999,75.199028,8021400
2014-03-05,82.220001,83.209999,82.019997,82.680000,76.091743,7709700
2014-03-06,82.860001,83.419998,82.839996,83.339996,76.699165,5774400
2014-03-07,83.599998,83.650002,82.019997,82.209999,75.659187,7478100
2014-03-10,82.180000,82.430000,81.690002,81.970001,75.438324,5209700
2014-03-11,82.190002,82.330002,80.720001,81.050003,74.591629,7171600
2014-03-12,80.589996,81.389999,80.050003,81.379997,74.895332,6378300
2014-03-13,81.750000,81.980003,79.660004,79.930000,73.560883,8570600
2014-03-14,79.849998,80.410004,79.570000,80.070000,73.689720,7754700
2014-03-17,80.500000,81.599998,80.309998,81.389999,74.904541,7280700
2014-03-18,81.529999,82.250000,81.279999,81.989998,75.456726,5395900
2014-03-19,82.250000,82.300003,80.040001,80.519997,74.103859,6403200
2014-03-20,80.589996,81.019997,79.760002,80.809998,74.370750,5968200
2014-03-21,81.959999,82.050003,80.050003,80.349998,73.947418,7840900
2014-03-24,80.709999,80.930000,79.379997,79.489998,73.155937,7642900
2014-03-25,80.239998,80.339996,78.599998,79.550003,73.211151,6692400
2014-03-26,79.930000,80.239998,78.610001,78.620003,72.355255,6750800
2014-03-27,78.300003,78.610001,77.279999,78.480003,72.226418,9194700
2014-03-28,78.730003,79.459999,78.309998,78.989998,72.695793,5281700
2014-03-31,79.699997,80.389999,79.660004,80.070000,73.689720,6848800
2014-04-01,80.389999,81.610001,80.389999,81.570000,75.070198,6555000
2014-04-02,81.720001,81.970001,81.300003,81.669998,75.162224,6073500
2014-04-03,81.919998,82.239998,81.139999,81.690002,75.180634,4930100
2014-04-04,82.320000,82.849998,80.400002,80.430000,74.021027,8894400
2014-04-07,80.419998,80.800003,78.559998,79.129997,72.824615,9000800
2014-04-08,79.269997,79.650002,78.120003,79.570000,73.229568,7085100
2014-04-09,79.970001,80.529999,79.260002,80.470001,74.057846,7004800
2014-04-10,80.919998,80.919998,77.480003,77.510002,71.333710,10160200
2014-04-11,77.510002,77.949997,76.809998,77.010002,70.873543,9204100
2014-04-14,77.699997,77.830002,76.849998,77.620003,71.434952,5964700
2014-04-15,77.889999,78.209999,76.309998,77.660004,71.471756,6398700
2014-04-16,78.379997,78.980003,78.190002,78.949997,72.658966,5958800
2014-04-17,78.699997,80.220001,78.599998,79.989998,73.616089,7627700
2014-04-21,79.959999,79.980003,78.690002,79.110001,72.806221,7080300
2014-04-22,79.220001,79.889999,79.209999,79.449997,73.119110,5876000
2014-04-23,79.529999,79.949997,78.970001,79.519997,73.183540,4148600
2014-04-24,79.739998,80.059998,79.110001,79.589996,73.247963,4632700
2014-04-25,79.459999,79.459999,78.160004,78.230003,71.996338,6193300
2014-04-28,78.760002,79.059998,76.879997,77.779999,71.582191,7522700
2014-04-29,78.349998,78.680000,77.739998,78.639999,72.373657,4608700
2014-04-30,78.500000,79.529999,78.180000,79.339996,73.017899,6550200
2014-05-01,79.349998,79.870003,79.260002,79.559998,73.220367,6486800
2014-05-02,79.620003,80.550003,79.620003,80.309998,73.910591,7599300
2014-05-05,80.419998,81.309998,79.800003,81.220001,74.748093,5669800
2014-05-06,81.589996,81.629997,80.800003,81.029999,74.573219,10696500
2014-05-07,81.650002,82.440002,80.120003,80.290001,73.892197,11906800
2014-05-08,80.209999,82.269997,80.070000,81.599998,75.097794,9257700
2014-05-09,81.269997,82.019997,80.900002,81.949997,75.419914,5376600
2014-05-12,82.080002,82.940002,82.080002,82.419998,75.852455,5704400
2014-05-13,82.430000,82.750000,81.750000,82.080002,75.539558,5274700
2014-05-14,81.769997,82.180000,80.629997,80.919998,74.471985,6192000
2014-05-15,80.639999,80.830002,79.209999,80.150002,73.763351,7687700
2014-05-16,80.169998,80.419998,79.339996,80.389999,73.984222,5823700
2014-05-19,80.430000,81.379997,80.139999,81.050003,74.591629,4896900
2014-05-20,80.940002,81.760002,80.519997,81.089996,74.628426,6023200
2014-05-21,81.419998,82.339996,81.419998,82.190002,75.640785,4736400
2014-05-22,82.190002,82.790001,82.040001,82.349998,75.788040,4652000
2014-05-23,82.190002,83.360001,82.190002,83.320000,76.680748,4580300
2014-05-27,83.559998,83.980003,83.320000,83.739998,77.067276,5197700
2014-05-28,83.800003,83.900002,83.250000,83.599998,76.938446,4652100
2014-05-29,83.919998,84.089996,83.430000,84.029999,77.334175,6522000
2014-05-30,83.809998,84.389999,83.620003,84.010002,77.315765,6352400
2014-06-02,84.269997,84.419998,84.010002,84.269997,77.555038,3933800
2014-06-03,84.070000,84.230003,83.720001,83.879997,77.196129,4541400
2014-06-04,83.849998,84.400002,83.309998,84.239998,77.527435,5800100
2014-06-05,84.370003,84.949997,83.900002,84.779999,78.024399,5956000
2014-06-06,84.910004,84.989998,84.269997,84.610001,77.867958,5302800
2014-06-09,84.599998,85.860001,84.529999,85.480003,78.668625,5667600
2014-06-10,85.400002,85.400002,84.699997,84.750000,77.996803,4632600
2014-06-11,84.599998,84.809998,84.169998,84.309998,77.591858,4300900
2014-06-12,84.029999,84.199997,82.599998,82.800003,76.202187,7231400
2014-06-13,82.750000,82.989998,81.800003,82.800003,76.202187,4711100
2014-06-16,82.639999,83.440002,82.559998,83.300003,76.662346,5181100
2014-06-17,82.980003,83.459999,82.610001,83.160004,76.533508,4535900
2014-06-18,83.180000,83.750000,82.809998,83.580002,76.920036,4536300
2014-06-19,83.650002,83.919998,83.250000,83.769997,77.094887,4326900
2014-06-20,84.070000,84.080002,82.790001,82.820000,76.220581,11073400
2014-06-23,82.849998,82.930000,82.320000,82.760002,76.165375,3946600
2014-06-24,82.680000,83.570000,82.489998,82.680000,76.091743,5057100
2014-06-25,82.669998,84.320000,82.480003,83.900002,77.214523,7899200
2014-06-26,84.680000,84.680000,83.769997,84.449997,77.720703,6424000
2014-06-27,84.129997,85.389999,84.129997,85.300003,78.502975,17932200
2014-06-30,85.440002,86.070000,85.070000,85.739998,78.907913,6991400
2014-07-01,85.809998,86.870003,85.760002,86.470001,79.579742,5608200
2014-07-02,86.580002,86.709999,86.199997,86.440002,79.552132,4439600
2014-07-03,86.699997,86.980003,86.500000,86.839996,79.920258,3210400
2014-07-07,86.610001,86.820000,86.320000,86.589996,79.690178,4897800
2014-07-08,86.190002,86.320000,85.680000,85.860001,79.018356,4733600
2014-07-09,86.000000,87.290001,85.849998,87.220001,80.269989,6311200
2014-07-10,86.529999,87.610001,86.190002,86.860001,79.938660,7249700
2014-07-11,87.000000,87.360001,86.370003,86.889999,79.966270,5016000
2014-07-14,87.459999,87.489998,86.660004,86.760002,79.846642,4012300
2014-07-15,86.580002,86.650002,85.540001,86.150002,79.285248,7001300
2014-07-16,86.690002,87.629997,85.120003,85.349998,78.548988,10667200
2014-07-17,85.330002,86.190002,84.870003,85.029999,78.254486,6885900
2014-07-18,85.440002,85.980003,85.169998,85.809998,78.972343,4719100
2014-07-21,85.809998,86.000000,85.500000,85.739998,78.907913,4799800
2014-07-22,86.370003,86.559998,85.510002,86.209999,79.340462,4984200
2014-07-23,86.309998,86.529999,85.760002,86.040001,79.184006,3650200
2014-07-24,86.500000,86.959999,86.309998,86.800003,79.883446,4168200
2014-07-25,86.300003,86.699997,86.050003,86.230003,79.358856,4659800
2014-07-28,86.430000,87.220001,85.809998,87.150002,80.205551,4546800
2014-07-29,87.290001,87.300003,86.160004,86.199997,79.331261,5478700
2014-07-30,86.620003,87.269997,86.089996,87.209999,80.260788,7294200
2014-07-31,86.589996,86.949997,85.690002,85.879997,79.036758,6342400
2014-08-01,85.389999,86.010002,85.209999,85.379997,78.576607,6759200
2014-08-04,86.169998,87.519997,86.010002,87.239998,80.288391,8262700
2014-08-05,87.139999,87.239998,86.019997,86.750000,79.837448,9361800
2014-08-06,86.180000,87.620003,86.169998,86.589996,79.690178,9789500
2014-08-07,86.989998,87.010002,85.230003,85.510002,78.696243,7916900
2014-08-08,85.650002,86.889999,85.620003,86.849998,79.929451,6382700
2014-08-11,87.070000,87.980003,87.050003,87.500000,80.527672,5047900
2014-08-12,87.150002,87.620003,86.779999,87.209999,80.260788,4510100
2014-08-13,87.739998,87.949997,87.419998,87.599998,80.619705,4532300
2014-08-14,88.029999,88.910004,87.809998,88.610001,81.549225,8218000
2014-08-15,89.019997,89.470001,88.690002,89.279999,82.165825,8211000
2014-08-18,89.660004,90.370003,89.580002,89.970001,82.800850,4973300
2014-08-19,90.129997,90.290001,89.639999,90.089996,82.911270,4153000
2014-08-20,89.919998,90.050003,89.669998,89.839996,82.681206,3894500
2014-08-21,90.059998,90.529999,89.980003,90.379997,83.178185,4719100
2014-08-22,90.129997,90.900002,90.120003,90.489998,83.279419,4756400
2014-08-25,90.949997,91.139999,90.300003,90.379997,83.178185,3515400
2014-08-26,90.610001,90.669998,89.940002,90.019997,82.846870,4117700
2014-08-27,90.139999,90.410004,89.980003,90.370003,83.168991,3739700
2014-08-28,89.980003,90.489998,89.959999,90.230003,83.040131,2678400
2014-08-29,90.320000,90.379997,89.330002,89.879997,82.718010,4179400
2014-09-02,90.180000,90.930000,90.150002,90.800003,83.564720,5602000
2014-09-03,91.059998,91.160004,90.669998,90.940002,83.693565,3684000
2014-09-04,90.870003,91.199997,90.010002,90.139999,82.957314,5458700
2014-09-05,90.139999,90.940002,90.099998,90.940002,83.693565,4597100
2014-09-08,90.760002,90.839996,90.160004,90.559998,83.343834,4331200
2014-09-09,90.500000,90.540001,89.510002,89.599998,82.460327,4797700
2014-09-10,89.540001,89.820000,88.750000,89.519997,82.386696,5078600
2014-09-11,89.199997,90.040001,89.059998,89.970001,82.800850,4065500
2014-09-12,90.099998,90.199997,89.250000,89.669998,82.524750,3870200
2014-09-15,89.739998,90.370003,89.559998,90.080002,82.902084,4910000
2014-09-16,89.709999,90.430000,89.459999,90.269997,83.076935,4324600
2014-09-17,90.580002,90.769997,89.970001,90.330002,83.132179,4058100
2014-09-18,90.309998,90.500000,89.910004,90.339996,83.141365,4343600
2014-09-19,90.800003,91.150002,90.389999,90.489998,83.279419,13382900
2014-09-22,90.489998,90.610001,89.190002,89.290001,82.175034,5003000
2014-09-23,89.120003,89.239998,88.230003,88.309998,81.273117,6155800
2014-09-24,88.360001,89.639999,88.239998,89.449997,82.322281,5607000
2014-09-25,89.260002,89.599998,88.059998,88.070000,81.052261,7077400
2014-09-26,88.150002,88.889999,87.910004,88.739998,81.668854,5786400
2014-09-29,88.120003,89.050003,87.360001,88.830002,81.751694,5188600
2014-09-30,88.839996,89.540001,88.540001,89.029999,81.935745,4824500
2014-10-01,89.080002,89.239998,87.199997,87.489998,80.518463,7512500
2014-10-02,87.500000,87.660004,84.650002,86.790001,79.874252,11051100
2014-10-03,88.099998,88.900002,87.550003,88.449997,81.401962,7549000
2014-10-06,88.790001,89.180000,88.070000,88.559998,81.503212,4047800
2014-10-07,88.000000,88.260002,87.040001,87.110001,80.168732,6217600
2014-10-08,87.059998,88.150002,86.330002,88.110001,81.089066,7008000
2014-10-09,88.029999,88.160004,85.570000,85.709999,78.880295,8726200
2014-10-10,85.919998,87.000000,85.400002,86.269997,79.395676,12675300
2014-10-13,85.919998,86.389999,83.760002,83.910004,77.223732,9039800
2014-10-14,84.750000,85.519997,83.900002,84.139999,77.435402,8607100
2014-10-15,82.389999,83.760002,78.540001,82.080002,75.539558,21844400
2014-10-16,79.930000,82.470001,79.550003,81.739998,75.226639,13216500
2014-10-17,82.680000,84.660004,82.680000,83.830002,77.150101,12381800
2014-10-20,84.230003,85.610001,84.150002,85.519997,78.705437,8302100
2014-10-21,86.320000,87.680000,86.250000,87.540001,80.564491,9170400
2014-10-22,87.940002,88.610001,86.980003,87.099998,80.159531,9314500
2014-10-23,88.209999,88.629997,87.760002,87.989998,80.978630,7245300
2014-10-24,87.910004,88.660004,87.580002,88.610001,81.549225,4937500
2014-10-27,88.470001,88.989998,88.239998,88.449997,81.401962,5644300
2014-10-28,89.040001,89.959999,88.949997,89.930000,82.764038,4554400
2014-10-29,89.839996,90.250000,88.949997,89.529999,82.395912,5442100
2014-10-30,89.440002,90.540001,88.910004,90.220001,83.030937,4445300
2014-10-31,91.510002,91.980003,90.750000,91.379997,84.098503,7472200
2014-11-03,91.239998,91.820000,91.000000,91.709999,84.402184,5447700
2014-11-04,91.970001,91.980003,89.800003,90.349998,83.150566,7928500
2014-11-05,91.599998,91.599998,89.589996,91.000000,83.748772,7021000
2014-11-06,91.290001,92.000000,91.150002,92.000000,84.669098,9938800
2014-11-07,89.389999,90.019997,88.650002,90.000000,82.828461,16176300
2014-11-10,90.239998,90.419998,88.949997,89.779999,82.625992,8155700
2014-11-11,90.010002,90.029999,89.129997,89.980003,82.810059,5896800
2014-11-12,89.769997,90.120003,89.330002,89.900002,82.736435,5262500
2014-11-13,90.099998,90.709999,90.029999,90.489998,83.279419,5098800
2014-11-14,90.680000,90.849998,90.379997,90.800003,83.564720,4281100
2014-11-17,90.500000,90.779999,90.050003,90.410004,83.205788,4148400
2014-11-18,90.330002,90.690002,90.129997,90.279999,83.086143,4461600
2014-11-19,90.260002,90.279999,89.190002,89.820000,82.662788,7710000
2014-11-20,89.250000,89.459999,88.750000,88.900002,81.816101,8604000
2014-11-21,89.690002,89.800003,88.760002,88.959999,81.871330,7383500
2014-11-24,89.320000,90.660004,89.320000,90.580002,83.362236,6504100
2014-11-25,90.709999,91.919998,90.709999,91.650002,84.346977,7404200
2014-11-26,91.959999,92.279999,91.669998,91.919998,84.595467,4607200
2014-11-28,92.529999,92.959999,92.230003,92.510002,85.138458,3853000
2014-12-01,92.629997,93.139999,92.099998,92.699997,85.313309,6714700
2014-12-02,92.650002,93.809998,92.419998,93.470001,86.021957,6664200
2014-12-03,93.540001,93.660004,92.500000,93.110001,85.690651,5492400
2014-12-04,93.610001,93.629997,92.570000,93.230003,85.801079,6017300
2014-12-05,93.690002,93.980003,93.339996,93.760002,86.288849,5226800
2014-12-08,94.209999,94.500000,93.410004,93.800003,86.325668,6682200
2014-12-09,93.510002,93.570000,91.760002,92.940002,85.534195,9519900
2014-12-10,92.519997,92.830002,91.550003,91.629997,84.328568,10346100
2014-12-11,91.089996,92.660004,90.660004,91.750000,85.512230,8227800
2014-12-12,91.180000,92.610001,90.949997,91.489998,85.269913,7890900
2014-12-15,92.029999,92.690002,90.190002,90.900002,84.720001,6746800
2014-12-16,90.500000,92.000000,90.129997,90.169998,84.039650,6549400
2014-12-17,90.360001,91.680000,90.199997,91.379997,85.167397,6885900
2014-12-18,92.190002,92.610001,91.860001,92.610001,86.313766,9387500
2014-12-19,92.339996,93.199997,91.879997,92.889999,86.574730,12837900
2014-12-22,93.389999,94.360001,93.220001,94.199997,87.795670,7477500
2014-12-23,94.480003,95.070000,94.400002,94.690002,88.252357,5385800
2014-12-24,94.690002,95.120003,94.370003,94.419998,88.000702,2165700
2014-12-26,94.739998,95.309998,94.519997,95.029999,88.569244,3142400
2014-12-29,94.739998,95.930000,94.690002,95.500000,89.007286,3584400
2014-12-30,95.209999,95.500000,94.500000,94.699997,88.261665,3490100
2014-12-31,95.129997,95.519997,94.029999,94.190002,87.786354,4797000
2015-01-02,94.910004,95.279999,92.849998,93.750000,87.376266,5865400
2015-01-05,93.279999,93.349998,91.779999,92.379997,86.099403,7789400
2015-01-06,92.570000,93.190002,91.160004,91.889999,85.642708,6793100
2015-01-07,92.720001,93.150002,92.099998,92.830002,86.518814,6589500
2015-01-08,93.870003,94.300003,93.559998,93.790001,87.413536,7579400
2015-01-09,94.050003,95.269997,93.989998,94.250000,87.842255,8621300
2015-01-12,94.690002,94.760002,93.769997,94.459999,88.037987,6586200
2015-01-13,95.279999,96.430000,94.699997,95.190002,88.718361,9364300
2015-01-14,94.000000,94.800003,93.290001,94.230003,87.823624,6509300
2015-01-15,94.610001,94.959999,94.040001,94.349998,87.935455,5662200
2015-01-16,94.000000,95.230003,93.980003,95.180000,88.709038,6117000
2015-01-20,95.220001,95.389999,93.750000,94.739998,88.298950,7940600
2015-01-21,94.370003,94.739998,93.820000,94.169998,87.767700,7474700
2015-01-22,94.580002,95.389999,94.010002,95.150002,88.681076,7014200
2015-01-23,94.919998,95.529999,94.430000,94.720001,88.280312,4664700
2015-01-26,94.449997,95.000000,93.930000,94.970001,88.513329,5446900
2015-01-27,93.940002,94.739998,93.360001,93.970001,87.581299,5390000
2015-01-28,94.139999,94.470001,92.610001,92.669998,86.369682,6198400
2015-01-29,93.110001,93.500000,91.519997,93.220001,86.882286,7681700
2015-01-30,92.500000,92.940002,90.830002,90.959999,84.775940,10212300
2015-02-02,91.300003,92.050003,90.059998,91.930000,85.679993,9392000
2015-02-03,92.430000,94.110001,92.190002,94.099998,87.702461,12329100
2015-02-04,99.389999,101.940002,98.820000,101.279999,94.394302,32640500
2015-02-05,100.760002,102.839996,100.510002,102.639999,95.661842,14089500
2015-02-06,102.669998,102.989998,101.650002,102.019997,95.084015,8535200
2015-02-09,101.800003,102.500000,101.449997,101.730003,94.813736,5461800
2015-02-10,101.959999,102.190002,101.180000,101.919998,94.990814,5726300
2015-02-11,102.010002,102.019997,101.070000,101.870003,94.944199,5868200
2015-02-12,102.160004,103.849998,101.699997,103.580002,96.537956,6816800
2015-02-13,103.730003,104.410004,103.430000,104.169998,97.087837,5175600
2015-02-17,104.230003,104.449997,103.570000,104.120003,97.041237,4759300
2015-02-18,103.400002,104.330002,103.400002,103.860001,96.798904,3760200
2015-02-19,104.000000,104.080002,103.550003,103.889999,96.826889,5094100
2015-02-20,103.860001,104.690002,102.730003,104.550003,97.442001,5197000
2015-02-23,104.760002,105.230003,104.440002,104.989998,97.852081,5587100
2015-02-24,104.540001,105.050003,104.349998,104.669998,97.553833,4098800
2015-02-25,104.680000,105.980003,104.669998,105.570000,98.392662,6547200
2015-02-26,105.500000,105.709999,104.139999,104.559998,97.451324,5049000
2015-02-27,104.669998,105.139999,103.959999,104.080002,97.003952,4161600
2015-03-02,104.349998,105.980003,104.349998,105.889999,98.690903,5635500
2015-03-03,105.779999,106.639999,105.209999,106.349998,99.119621,4671900
2015-03-04,105.860001,106.000000,104.779999,105.570000,98.392662,4972300
2015-03-05,105.540001,105.809998,104.870003,105.029999,97.889359,3954700
2015-03-06,104.669998,105.000000,103.489998,103.820000,96.761627,5704200
2015-03-09,103.940002,105.419998,103.820000,105.260002,98.103737,4868900
2015-03-10,104.269997,104.349998,103.089996,103.089996,96.081261,6472600
2015-03-11,103.510002,104.000000,102.870003,102.889999,95.894875,4831900
2015-03-12,103.849998,107.330002,103.809998,107.169998,99.883873,10730400
2015-03-13,107.279999,107.279999,105.519997,106.440002,99.203514,8024200
2015-03-16,106.839996,107.730003,106.050003,107.370003,100.070274,6407300
2015-03-17,107.000000,107.209999,106.150002,106.959999,99.688148,4489400
2015-03-18,106.900002,108.419998,105.730003,107.970001,100.629478,5520600
2015-03-19,107.839996,108.480003,107.139999,107.370003,100.070274,4885600
2015-03-20,107.830002,108.940002,107.500000,108.430000,101.058205,8710100
2015-03-23,108.599998,108.849998,108.040001,108.220001,100.862495,5667000
2015-03-24,107.720001,108.050003,107.080002,107.110001,99.827957,4493500
2015-03-25,107.449997,107.459999,105.000000,105.000000,97.861412,6964700
2015-03-26,104.470001,105.820000,104.099998,105.239998,98.085091,5915800
2015-03-27,105.199997,106.449997,104.879997,105.480003,98.308769,5330400
2015-03-30,106.059998,106.949997,106.050003,106.120003,98.905266,3831900
2015-03-31,105.599998,106.320000,104.889999,104.889999,97.758888,5701600
2015-04-01,105.430000,106.000000,104.250000,105.440002,98.271484,6117200
2015-04-02,105.489998,106.239998,104.860001,106.000000,98.793427,3651600
2015-04-06,105.309998,106.570000,105.040001,105.629997,98.448570,4153500
2015-04-07,105.800003,106.410004,105.400002,105.430000,98.262169,4694600
2015-04-08,105.230003,106.690002,105.160004,106.360001,99.128952,4277400
2015-04-09,106.510002,107.000000,105.879997,106.769997,99.511070,3924400
2015-04-10,106.730003,107.099998,106.410004,106.949997,99.678848,3251500
2015-04-13,107.070000,107.900002,106.470001,106.510002,99.268753,4201500
2015-04-14,106.410004,107.300003,106.110001,106.660004,99.408562,5389300
2015-04-15,106.919998,107.430000,106.860001,106.980003,99.706787,4307300
2015-04-16,107.150002,108.300003,106.900002,108.099998,100.750656,6379100
2015-04-17,107.800003,107.800003,106.040001,106.690002,99.436516,9663500
2015-04-20,107.830002,108.500000,107.320000,108.220001,100.862495,8094200
2015-04-21,108.930000,108.989998,107.580002,107.680000,100.359200,4579400
2015-04-22,108.019997,108.250000,106.970001,107.940002,100.601540,4060500
2015-04-23,107.959999,109.900002,107.610001,109.000000,101.589470,5983800
2015-04-24,109.529999,110.480003,109.190002,109.529999,102.083427,6355600
2015-04-27,111.500000,111.660004,110.070000,110.160004,102.670609,8479100
2015-04-28,110.750000,111.150002,108.889999,109.919998,102.446915,7324500
2015-04-29,109.660004,110.379997,109.260002,109.809998,102.344391,6024700
2015-04-30,109.680000,110.190002,107.680000,108.720001,101.328491,7770300
2015-05-01,109.949997,110.669998,109.269997,110.519997,103.006111,6205100
2015-05-04,111.480003,111.529999,110.500000,111.029999,103.481445,7566200
2015-05-05,113.269997,113.300003,110.559998,110.809998,103.276398,14619300
2015-05-06,111.559998,111.959999,109.220001,109.720001,102.260513,8975300
2015-05-07,109.599998,109.779999,108.720001,109.260002,101.831779,8291200
2015-05-08,110.260002,110.699997,109.570000,110.110001,102.624008,6260600
2015-05-11,110.139999,110.139999,108.489998,108.599998,101.216660,6728500
2015-05-12,108.599998,109.660004,107.669998,109.239998,101.813141,6345000
2015-05-13,109.699997,109.870003,108.779999,109.190002,101.766541,4141400
2015-05-14,109.690002,110.000000,109.010002,109.930000,102.456230,4662000
2015-05-15,110.099998,110.690002,109.680000,110.300003,102.801094,5852200
2015-05-18,110.470001,110.739998,110.010002,110.330002,102.829041,4868900
2015-05-19,110.690002,110.989998,110.470001,110.559998,103.043388,4549600
2015-05-20,110.779999,110.809998,110.019997,110.199997,102.707870,4393500
2015-05-21,110.040001,110.639999,109.900002,110.389999,102.884956,4880600
2015-05-22,110.300003,110.900002,110.120003,110.260002,102.763794,4267700
2015-05-26,110.169998,110.849998,108.760002,109.440002,101.999550,5970800
2015-05-27,109.510002,110.610001,109.300003,110.370003,102.866318,3984200
2015-05-28,110.110001,110.540001,109.599998,110.529999,103.015450,3392000
2015-05-29,110.330002,110.519997,109.410004,110.370003,102.866318,5264900
2015-06-01,111.480003,111.769997,110.550003,110.959999,103.416199,6778900
2015-06-02,110.919998,111.250000,110.019997,110.750000,103.220490,4425900
2015-06-03,110.750000,111.820000,110.500000,111.169998,103.611938,4510300
2015-06-04,110.949997,111.250000,109.989998,110.300003,102.801094,5748200
2015-06-05,110.300003,110.769997,109.800003,110.300003,102.801094,4323500
2015-06-08,110.029999,110.239998,109.209999,109.290001,101.859756,6068100
2015-06-09,109.349998,109.410004,107.650002,108.519997,101.142105,7711800
2015-06-10,108.900002,110.250000,108.730003,110.000000,102.521477,5128700
2015-06-11,110.010002,110.959999,110.010002,110.620003,103.099327,5036300
2015-06-12,110.330002,110.529999,109.540001,109.949997,102.474884,4009900
2015-06-15,109.269997,110.410004,108.930000,110.180000,102.689255,5742200
2015-06-16,110.349998,111.290001,109.900002,111.059998,103.509415,3848300
2015-06-17,111.199997,111.940002,110.879997,111.489998,103.910187,4732300
2015-06-18,111.830002,113.550003,111.580002,113.220001,105.522560,6929900
2015-06-19,112.830002,113.480003,112.400002,112.620003,104.963356,9587700
2015-06-22,113.400002,114.470001,113.269997,113.529999,105.811493,5906200
2015-06-23,113.930000,114.519997,113.720001,114.410004,106.631660,6003100
2015-06-24,114.300003,114.559998,113.709999,113.769997,106.035156,5636200
2015-06-25,114.620003,115.279999,114.389999,114.449997,106.668930,6213500
2015-06-26,114.970001,115.180000,114.410004,114.989998,107.172218,9509600
2015-06-29,114.160004,115.190002,113.000000,113.050003,105.364120,7618200
2015-06-30,113.930000,114.860001,113.550003,114.139999,106.380013,6946700
2015-07-01,114.949997,115.250000,114.339996,115.129997,107.926765,5435400
2015-07-02,115.379997,115.669998,114.449997,114.970001,107.776779,5549500
2015-07-06,114.470001,115.860001,114.269997,115.699997,108.461121,5880500
2015-07-07,116.419998,117.190002,114.860001,117.099998,109.773529,8359900
2015-07-08,116.500000,116.680000,115.110001,115.190002,107.983025,8445200
2015-07-09,116.830002,117.209999,115.510002,115.599998,108.367363,7016800
2015-07-10,117.050003,117.430000,115.669998,116.440002,109.154816,7020700
2015-07-13,117.750000,118.309998,117.250000,118.050003,110.664093,7595200
2015-07-14,118.029999,118.139999,117.699997,117.849998,110.476601,5061700
2015-07-15,118.040001,118.900002,117.849998,118.300003,110.898438,4845200
2015-07-16,119.000000,119.150002,118.540001,119.070000,111.620262,6303000
2015-07-17,118.690002,118.900002,118.029999,118.860001,111.423393,5109900
2015-07-20,119.290001,119.900002,118.889999,119.580002,112.098373,6951000
2015-07-21,119.760002,119.800003,118.830002,119.309998,111.845245,4785200
2015-07-22,119.279999,119.699997,118.930000,119.330002,111.863998,4714100
2015-07-23,119.300003,119.669998,118.570000,118.800003,111.367172,3347200
2015-07-24,119.349998,119.800003,118.580002,118.910004,111.470284,4320900
2015-07-27,118.629997,118.800003,117.779999,118.250000,110.851563,5179300
2015-07-28,118.680000,118.900002,117.870003,118.459999,111.048447,6447300
2015-07-29,118.849998,119.860001,118.410004,119.839996,112.342094,6083500
2015-07-30,119.709999,120.349998,119.010002,120.029999,112.520203,4430100
2015-07-31,120.120003,120.720001,119.599998,120.000000,112.492073,5767300
2015-08-03,120.879997,121.730003,120.169998,121.120003,113.542000,8426900
2015-08-04,121.500000,122.080002,120.610001,121.690002,114.076355,12624400
2015-08-05,110.830002,113.949997,109.500000,110.529999,103.614578,61011200
2015-08-06,110.400002,110.400002,104.239998,108.550003,101.758461,57175200
2015-08-07,108.750000,109.559998,107.660004,109.349998,102.508408,15791600
2015-08-10,110.000000,111.000000,109.739998,111.000000,104.055176,11617000
2015-08-11,110.339996,110.489998,107.949997,108.000000,101.242882,13574000
2015-08-12,107.000000,107.440002,105.510002,106.989998,100.296059,16923500
2015-08-13,107.209999,108.510002,106.750000,107.519997,100.792900,9754500
2015-08-14,107.610001,107.669998,106.519997,107.160004,100.455437,7104500
2015-08-17,107.300003,109.279999,106.839996,109.050003,102.227180,7954000
2015-08-18,108.040001,108.250000,106.800003,106.940002,100.249191,12021500
2015-08-19,106.580002,107.750000,105.769997,106.449997,99.789856,9484400
2015-08-20,104.339996,105.000000,99.760002,100.019997,93.762146,34651300
2015-08-21,97.500000,100.629997,96.610001,98.839996,92.655983,30875700
2015-08-24,93.379997,100.000000,90.000000,95.360001,89.393707,30159200
2015-08-25,99.730003,100.089996,95.720001,95.889999,89.890541,19079400
2015-08-26,98.690002,99.489998,96.260002,99.230003,93.021576,13755900
2015-08-27,101.349998,102.620003,99.779999,102.169998,95.777626,17532200
2015-08-28,102.190002,103.339996,101.809998,102.480003,96.068237,11005200
2015-08-31,102.300003,102.459999,100.910004,101.879997,95.505775,8518200
2015-09-01,99.309998,101.339996,99.160004,99.510002,93.284065,14212600
2015-09-02,100.919998,101.940002,99.550003,101.889999,95.515144,12148200
2015-09-03,102.199997,103.029999,101.459999,101.989998,95.608894,8953300
2015-09-04,100.959999,101.820000,100.360001,100.970001,94.652702,9213800
2015-09-08,102.949997,104.150002,102.519997,104.010002,97.502510,8571500
2015-09-09,104.750000,104.949997,101.680000,101.910004,95.533905,9577500
2015-09-10,101.849998,103.220001,101.330002,102.599998,96.180725,9026100
2015-09-11,102.349998,104.500000,102.199997,104.480003,97.943100,9529800
2015-09-14,104.650002,104.900002,102.989998,103.820000,97.324394,6959800
2015-09-15,103.250000,103.800003,101.830002,103.430000,96.958809,9171400
2015-09-16,103.320000,104.070000,102.750000,103.959999,97.455635,6509700
2015-09-17,104.199997,105.949997,103.750000,104.199997,97.680618,7792600
2015-09-18,103.199997,104.209999,102.389999,102.839996,96.405708,13559400
2015-09-21,103.680000,103.830002,102.459999,103.410004,96.940063,7152300
2015-09-22,102.180000,102.750000,101.480003,102.489998,96.077621,8330100
2015-09-23,102.440002,102.629997,101.379997,101.570000,95.215164,5818000
2015-09-24,101.000000,101.330002,99.239998,100.620003,94.324608,10706800
2015-09-25,101.510002,101.800003,99.580002,100.300003,94.024643,7179800
2015-09-28,99.900002,100.389999,98.300003,98.489998,92.327866,8238300
2015-09-29,98.510002,100.059998,97.769997,99.419998,93.199692,9466900
2015-09-30,100.779999,102.430000,100.500000,102.199997,95.805756,9190000
2015-10-01,102.970001,103.470001,101.080002,102.669998,96.246346,7503700
2015-10-02,101.209999,103.010002,99.879997,103.000000,96.555710,9105600
2015-10-05,103.699997,104.199997,102.610001,103.849998,97.352524,7144600
2015-10-06,104.190002,104.510002,103.209999,103.769997,97.277527,5660600
2015-10-07,104.489998,104.589996,102.660004,103.389999,96.921295,6947200
2015-10-08,103.199997,104.889999,102.699997,104.610001,98.064964,7499100
2015-10-09,105.089996,106.050003,104.669998,105.559998,98.955528,7341800
2015-10-12,105.910004,106.699997,105.620003,106.349998,99.696114,5179000
2015-10-13,105.739998,107.389999,105.309998,106.589996,99.921089,8342700
2015-10-14,106.500000,106.849998,105.230003,105.730003,99.114899,5563600
2015-10-15,106.500000,108.000000,106.260002,107.889999,101.139755,6739200
2015-10-16,108.269997,108.500000,107.459999,108.239998,101.467850,5908900
2015-10-19,108.250000,109.970001,107.940002,109.470001,102.620903,8001900
2015-10-20,109.550003,110.529999,109.410004,109.839996,102.967751,9674400
2015-10-21,110.669998,111.559998,110.010002,110.089996,103.202110,8769800
2015-10-22,110.669998,113.349998,110.389999,113.250000,106.164391,10028900
2015-10-23,114.209999,114.209999,111.849998,113.089996,106.014420,7928400
2015-10-26,113.070000,113.580002,112.120003,113.519997,106.417511,5729600
2015-10-27,113.290001,114.269997,113.250000,113.769997,106.651848,5857600
2015-10-28,113.970001,114.459999,112.860001,114.339996,107.186203,6452900
2015-10-29,114.339996,115.400002,114.199997,115.040001,107.842407,6125100
2015-10-30,115.000000,115.239998,113.669998,113.739998,106.623749,8501600
2015-11-02,114.489998,115.309998,114.010002,115.040001,107.842407,6949500
2015-11-03,114.970001,116.400002,114.540001,115.540001,108.311127,7132100
2015-11-04,116.639999,116.830002,110.809998,113.250000,106.164391,20740800
2015-11-05,113.260002,113.930000,111.599998,113.000000,105.930046,14843700
2015-11-06,114.599998,116.750000,114.570000,115.669998,108.432983,16803400
2015-11-09,115.900002,116.730003,115.180000,116.419998,109.136063,9317500
2015-11-10,116.169998,117.510002,115.510002,117.419998,110.073502,8240500
2015-11-11,117.550003,117.580002,116.430000,116.519997,109.229813,6381700
2015-11-12,115.599998,116.989998,115.000000,116.209999,108.939201,7223000
2015-11-13,115.919998,116.419998,114.379997,114.839996,107.654915,8078100
2015-11-16,113.470001,116.080002,113.339996,115.919998,108.667343,5770200
2015-11-17,116.110001,117.550003,115.510002,116.129997,108.864212,6434400
2015-11-18,116.220001,118.279999,116.050003,118.139999,110.748451,6744600
2015-11-19,118.139999,119.160004,117.639999,118.709999,111.282791,6101000
2015-11-20,119.110001,120.250000,118.900002,120.070000,112.557701,10821700
2015-11-23,120.300003,120.650002,119.000000,119.419998,111.948364,6986400
2015-11-24,117.900002,118.570000,117.279999,117.949997,110.570335,9158200
2015-11-25,118.290001,119.339996,118.150002,118.669998,111.245300,4751500
2015-11-27,116.000000,116.500000,113.699997,115.129997,107.926765,14912000
2015-11-30,115.559998,115.580002,113.309998,113.470001,106.370651,16560300
2015-12-01,114.150002,115.459999,113.660004,115.389999,108.170502,8896100
2015-12-02,115.389999,115.470001,113.830002,114.000000,106.867477,7787800
2015-12-03,114.169998,114.650002,111.440002,111.889999,104.889488,10446600
2015-12-04,112.739998,114.309998,112.529999,114.239998,107.092453,8771300
2015-12-07,114.559998,114.559998,112.650002,113.830002,106.708099,6738500
2015-12-08,113.349998,113.449997,112.400002,112.480003,105.442566,7480600
2015-12-09,112.389999,113.059998,110.580002,111.470001,104.495773,9050700
2015-12-10,111.150002,111.580002,110.169998,110.760002,104.495773,7030200
2015-12-11,110.760002,110.760002,107.620003,108.040001,101.929611,12334900
2015-12-14,108.680000,109.870003,108.279999,109.349998,103.165512,9702600
2015-12-15,112.050003,113.349998,111.580002,112.160004,105.816589,13361700
2015-12-16,114.690002,114.750000,111.800003,113.790001,107.354401,12304500
2015-12-17,114.129997,114.480003,111.980003,112.010002,105.675072,9375000
2015-12-18,112.010002,112.440002,107.349998,107.720001,101.627708,28376900
2015-12-21,108.800003,110.099998,105.330002,106.589996,100.561600,22847200
2015-12-22,106.989998,107.199997,105.830002,106.739998,100.703125,8644500
2015-12-23,107.209999,107.239998,104.300003,105.559998,99.589859,12372900
2015-12-24,105.199997,106.639999,105.059998,105.860001,99.872902,4356100
2015-12-28,106.500000,108.199997,106.330002,107.250000,101.184273,9092700
2015-12-29,107.879997,108.040001,106.449997,107.080002,101.023895,8607200
2015-12-30,106.889999,107.209999,106.250000,106.339996,100.325745,4917000
2015-12-31,106.139999,106.309998,105.059998,105.080002,99.137009,6670100
2016-01-04,103.120003,103.430000,101.730003,102.980003,97.155785,12531500
2016-01-05,102.669998,102.669998,99.889999,100.900002,95.193428,16212900
2016-01-06,99.379997,101.459999,99.360001,100.360001,94.683952,13934500
2016-01-07,98.959999,101.349998,98.519997,99.500000,93.872604,14680200
2016-01-08,100.629997,100.919998,99.000000,99.250000,93.636742,10691600
2016-01-11,100.209999,100.449997,98.550003,99.919998,94.268837,9583200
2016-01-12,100.970001,101.849998,100.339996,101.459999,95.721748,8863900
2016-01-13,101.879997,101.879997,98.120003,98.480003,92.910286,11615400
2016-01-14,98.650002,99.910004,97.190002,99.110001,93.504654,11147500
2016-01-15,95.620003,96.879997,93.459999,93.900002,88.589325,22337000
2016-01-19,95.000000,95.070000,93.029999,93.970001,88.655365,13286800
2016-01-20,92.180000,93.639999,90.419998,92.540001,87.306229,16918100
2016-01-21,92.870003,94.860001,92.300003,94.019997,88.702515,12078200
2016-01-22,95.949997,97.419998,95.550003,96.900002,91.419640,12303800
2016-01-25,96.419998,96.680000,95.120003,95.290001,89.900703,7812200
2016-01-26,95.489998,96.430000,95.089996,96.269997,90.825272,6915600
2016-01-27,96.309998,96.629997,93.870003,94.320000,88.985565,6328900
2016-01-28,95.199997,95.199997,92.370003,93.529999,88.240242,7312700
2016-01-29,94.209999,95.820000,93.629997,95.820000,90.400734,8211600
2016-02-01,95.080002,95.709999,94.699997,95.150002,89.768616,7027200
2016-02-02,94.000000,94.169998,92.870003,93.120003,87.853432,7244400
2016-02-03,94.099998,95.410004,92.419998,95.139999,89.759186,10878000
2016-02-04,94.870003,96.730003,94.599998,95.430000,90.032784,8350300
2016-02-05,95.320000,95.389999,93.470001,93.900002,88.589325,8898500
2016-02-08,92.559998,92.959999,89.510002,92.120003,86.909996,13750100
2016-02-09,90.150002,93.199997,89.040001,92.320000,87.098679,19237400
2016-02-10,88.000000,90.029999,86.250000,88.849998,83.824928,32649800
2016-02-11,87.000000,91.059998,86.959999,90.309998,85.202347,17523800
2016-02-12,91.519997,91.589996,89.610001,91.150002,85.994843,10786100
2016-02-16,92.470001,93.309998,91.790001,92.910004,87.655312,9050900
2016-02-17,93.669998,96.440002,93.559998,95.500000,90.098824,12610000
2016-02-18,96.339996,96.449997,94.449997,95.169998,89.787476,8773900
2016-02-19,95.230003,95.720001,94.559998,95.010002,89.636536,6838200
2016-02-22,95.010002,97.000000,95.010002,96.370003,90.919617,6980400
2016-02-23,96.500000,96.820000,95.150002,95.379997,89.985603,6253800
2016-02-24,94.650002,95.750000,93.230003,95.430000,90.032784,6945600
2016-02-25,95.919998,95.949997,94.349998,95.650002,90.240341,4562300
2016-02-26,95.709999,96.220001,95.279999,95.309998,89.919571,5277000
2016-02-29,95.309998,96.290001,95.230003,95.519997,90.117691,7794400
2016-03-01,95.900002,97.660004,95.529999,97.650002,92.127228,7139900
2016-03-02,97.669998,97.830002,96.410004,97.000000,91.514000,6498600
2016-03-03,97.790001,98.839996,96.889999,98.820000,93.231056,8581300
2016-03-04,99.000000,99.209999,97.900002,98.480003,92.910286,6739800
2016-03-07,98.570000,99.709999,98.480003,99.389999,93.768822,7218700
2016-03-08,98.930000,98.980003,97.599998,97.820000,92.287613,6229300
2016-03-09,98.000000,98.239998,96.809998,97.660004,92.136665,7010700
2016-03-10,97.940002,98.419998,95.870003,97.040001,91.551720,5453500
2016-03-11,97.570000,98.349998,97.540001,97.940002,92.400841,5605800
2016-03-14,97.940002,99.220001,97.839996,98.809998,93.221619,6175000
2016-03-15,98.019997,98.330002,97.389999,98.239998,92.683853,5942400
2016-03-16,98.160004,99.080002,97.470001,98.440002,92.872551,6079400
2016-03-17,98.279999,99.910004,98.279999,99.599998,93.966934,6385600
2016-03-18,99.980003,100.150002,98.959999,99.199997,93.589554,10205100
2016-03-21,98.919998,99.120003,97.699997,98.459999,92.891411,7070300
2016-03-22,97.589996,98.320000,97.440002,97.580002,92.061188,6475700
2016-03-23,97.720001,97.849998,96.750000,96.830002,91.353615,5517700
2016-03-24,96.550003,97.489998,96.300003,97.220001,91.721550,5577700
2016-03-28,97.500000,98.459999,97.449997,98.089996,92.542328,5317100
2016-03-29,98.000000,98.370003,97.360001,98.160004,92.608383,5170800
2016-03-30,98.900002,99.089996,98.349998,98.910004,93.315971,5677500
2016-03-31,99.010002,100.370003,99.010002,99.309998,93.693352,7038800
2016-04-01,98.800003,99.339996,98.580002,99.070000,93.466919,5895500
2016-04-04,99.300003,99.440002,98.580002,98.680000,93.098969,5334700
2016-04-05,96.849998,97.610001,96.150002,97.000000,91.514000,10818800
2016-04-06,96.959999,97.629997,96.830002,97.480003,91.966843,6952400
2016-04-07,97.110001,97.419998,95.919998,96.160004,90.721504,7525400
2016-04-08,96.629997,96.839996,95.800003,96.419998,90.966797,6982700
2016-04-11,96.930000,97.639999,96.199997,96.269997,90.825272,5916600
2016-04-12,96.279999,97.529999,96.070000,97.349998,91.844208,6277200
2016-04-13,98.029999,99.809998,97.959999,99.480003,93.853737,7967400
2016-04-14,99.790001,99.870003,98.260002,98.629997,93.051788,6676200
2016-04-15,98.500000,98.889999,98.180000,98.589996,93.014061,6146800
2016-04-18,99.599998,101.949997,99.500000,101.480003,95.740616,10665200
2016-04-19,102.000000,103.639999,101.930000,102.639999,96.834999,10639800
2016-04-20,103.019997,103.480003,101.959999,103.269997,97.429375,7712000
2016-04-21,103.360001,104.120003,102.650002,102.910004,97.089737,6824800
2016-04-22,103.059998,103.989998,102.930000,103.769997,97.901100,5731300
2016-04-25,103.500000,104.620003,103.349998,104.570000,98.655853,6117100
2016-04-26,104.580002,105.570000,104.180000,104.889999,98.957764,6452900
2016-04-27,105.190002,105.599998,104.760002,105.279999,99.325691,5996100
2016-04-28,104.540001,105.489998,103.800003,104.029999,98.146393,5658300
2016-04-29,103.949997,104.209999,102.400002,103.260002,97.419945,7006900
2016-05-02,103.300003,104.570000,102.800003,104.360001,98.457741,5285700
2016-05-03,103.879997,103.989998,103.190002,103.779999,97.910530,6243300
2016-05-04,103.309998,104.480003,103.199997,103.669998,97.806747,6445100
2016-05-05,103.980003,105.129997,103.449997,104.930000,98.995499,6466000
2016-05-06,104.510002,105.739998,104.389999,105.540001,99.570992,7407500
2016-05-09,106.010002,106.680000,104.970001,105.339996,99.382301,8130300
2016-05-10,105.529999,106.750000,105.449997,106.599998,100.571045,15177200
2016-05-11,101.459999,102.500000,100.620003,102.290001,96.504807,27068100
2016-05-12,102.500000,102.849998,101.129997,101.709999,95.957596,11251700
2016-05-13,101.709999,102.040001,100.360001,100.519997,94.834900,9570200
2016-05-16,100.410004,100.669998,99.370003,100.360001,94.683952,9113000
2016-05-17,100.790001,101.290001,99.550003,99.940002,94.287720,8694400
2016-05-18,99.589996,99.769997,98.360001,99.000000,93.400871,9323100
2016-05-19,98.580002,98.610001,97.510002,98.410004,92.844254,7063500
2016-05-20,99.000000,99.930000,98.769997,99.779999,94.136757,7297000
2016-05-23,99.599998,100.330002,99.120003,99.180000,93.570686,5588600
2016-05-24,99.449997,100.040001,99.379997,99.510002,93.882042,5250800
2016-05-25,99.919998,100.800003,99.809998,99.860001,94.212242,5667300
2016-05-26,99.889999,100.489998,99.570000,99.809998,94.165054,3852600
2016-05-27,99.809998,100.529999,99.809998,100.290001,94.617912,4589100
2016-05-31,99.849998,99.889999,98.570000,99.220001,93.608437,10396200
2016-06-01,98.669998,98.989998,97.730003,98.519997,92.948021,7243900
2016-06-02,98.070000,98.720001,97.870003,98.720001,93.136711,4830100
2016-06-03,98.660004,98.919998,97.730003,98.750000,93.165016,6857500
2016-06-06,98.959999,99.120003,98.470001,98.779999,93.193321,4986600
2016-06-07,99.000000,99.040001,98.320000,98.349998,92.787643,5608400
2016-06-08,98.489998,98.820000,97.699997,98.040001,92.495163,5466200
2016-06-09,97.820000,97.930000,97.099998,97.839996,92.306473,5379400
2016-06-10,97.150002,97.709999,96.779999,97.339996,91.834770,7204400
2016-06-13,96.750000,98.980003,96.699997,97.570000,92.051743,8766300
2016-06-14,97.199997,98.550003,97.180000,98.400002,92.834816,6125700
2016-06-15,98.190002,99.000000,98.190002,98.269997,92.712158,6663200
2016-06-16,97.800003,98.629997,96.860001,98.379997,92.815941,7129700
2016-06-17,98.410004,99.139999,98.269997,99.000000,93.400871,8959400
2016-06-20,100.080002,100.959999,99.500000,99.570000,93.938629,8268600
2016-06-21,99.730003,99.790001,98.769997,98.820000,93.231056,5202500
2016-06-22,99.080002,99.620003,98.699997,98.790001,93.202759,4948900
2016-06-23,99.440002,99.620003,98.610001,99.019997,93.419739,5826100
2016-06-24,96.010002,97.279999,95.139999,95.720001,90.306381,15079900
2016-06-27,94.910004,95.230003,94.000000,94.379997,89.042168,9438400
2016-06-28,95.459999,96.279999,95.139999,96.050003,90.617714,7143100
2016-06-29,96.910004,97.290001,96.279999,96.980003,91.495132,6563600
2016-06-30,97.099998,98.070000,96.879997,97.820000,92.287613,7189500
2016-07-01,97.750000,98.639999,97.709999,98.029999,92.485725,5681600
2016-07-05,97.769997,98.000000,97.169998,97.660004,92.136665,5846400
2016-07-06,97.000000,98.519997,96.760002,98.449997,92.881973,6223300
2016-07-07,97.629997,98.480003,97.580002,98.410004,93.518692,5146000
2016-07-08,99.250000,99.849998,98.769997,99.620003,94.668541,6045800
2016-07-11,99.800003,100.349998,99.400002,99.980003,95.010651,5428000
2016-07-12,100.180000,100.790001,100.000000,100.199997,95.219711,8508500
2016-07-13,100.459999,100.800003,99.849998,99.879997,94.915611,5494700
2016-07-14,100.419998,100.800003,99.680000,99.970001,95.001144,7461500
2016-07-15,100.419998,100.540001,99.540001,99.800003,94.839592,5764400
2016-07-18,99.900002,100.709999,99.870003,100.150002,95.172203,5051300
2016-07-19,99.809998,99.989998,99.360001,99.470001,94.526001,5742700
2016-07-20,98.650002,98.690002,97.139999,98.220001,93.338120,10664900
2016-07-21,98.169998,99.129997,97.620003,98.010002,93.138565,6726600
2016-07-22,98.389999,98.419998,97.470001,97.709999,92.853477,5381700
2016-07-25,97.900002,98.059998,97.250000,97.389999,92.549377,4825500
2016-07-26,97.019997,97.160004,96.339996,96.690002,91.884163,6274800
2016-07-27,96.699997,96.930000,95.860001,96.330002,91.542076,6911400
2016-07-28,96.400002,96.489998,95.820000,95.910004,91.142944,7713500
2016-07-29,95.849998,96.379997,95.849998,95.949997,91.180946,8264000
2016-08-01,96.150002,96.199997,95.080002,95.540001,90.791344,7131600
2016-08-02,95.349998,95.750000,94.559998,95.010002,90.287674,7644100
2016-08-03,95.059998,96.430000,95.000000,96.089996,91.313988,9068700
2016-08-04,95.529999,95.980003,94.709999,95.160004,90.430222,10038300
2016-08-05,95.400002,96.000000,95.349998,95.830002,91.066917,6528500
2016-08-08,96.110001,96.290001,95.580002,95.750000,90.990891,7792000
2016-08-09,95.610001,96.849998,95.300003,96.669998,91.865158,15548700
2016-08-10,96.699997,99.269997,95.849998,97.860001,92.996010,27181300
2016-08-11,98.199997,98.389999,97.150002,97.769997,92.910484,9233900
2016-08-12,97.820000,97.820000,96.660004,96.839996,92.026711,9360300
2016-08-15,97.349998,97.610001,96.919998,97.099998,92.273796,5299600
2016-08-16,96.860001,97.250000,96.269997,96.879997,92.064728,5777800
2016-08-17,96.839996,96.970001,96.519997,96.870003,92.055237,5697300
2016-08-18,96.870003,97.120003,96.550003,96.650002,91.846169,5250700
2016-08-19,96.400002,96.790001,96.050003,96.389999,91.599083,6362400
2016-08-22,96.470001,96.470001,95.650002,95.870003,91.104927,5495300
2016-08-23,96.129997,96.430000,95.800003,95.970001,91.199959,4996300
2016-08-24,96.010002,96.220001,95.510002,95.820000,91.057411,5912500
2016-08-25,95.620003,95.820000,95.410004,95.550003,90.800842,4518700
2016-08-26,95.660004,96.129997,94.750000,95.209999,90.477737,6019600
2016-08-29,95.070000,95.320000,94.459999,94.870003,90.154625,7903000
2016-08-30,94.769997,95.290001,94.769997,94.860001,90.145119,6845000
2016-08-31,94.690002,94.900002,94.160004,94.459999,89.765015,7375200
2016-09-01,94.730003,94.870003,93.910004,94.260002,89.574944,6274200
2016-09-02,94.750000,94.959999,94.129997,94.419998,89.726990,5382000
2016-09-06,94.529999,94.529999,93.349998,93.800003,89.137817,8463500
2016-09-07,93.980003,94.029999,93.330002,93.709999,89.052292,6281500
2016-09-08,93.489998,94.209999,92.930000,94.089996,89.413391,7438100
2016-09-09,93.510002,93.739998,92.389999,92.419998,87.826408,10248400
2016-09-12,91.959999,93.860001,91.949997,93.639999,88.985779,9367300
2016-09-13,93.040001,93.300003,92.449997,92.699997,88.092476,7795200
2016-09-14,92.589996,92.889999,92.070000,92.260002,87.674347,6386500
2016-09-15,92.120003,92.750000,91.190002,92.500000,87.902420,7559400
2016-09-16,92.269997,92.739998,91.800003,92.559998,87.959457,10568600
2016-09-19,92.800003,93.320000,92.339996,92.629997,88.025970,5421500
2016-09-20,92.699997,93.300003,92.680000,92.949997,88.330063,6200100
2016-09-21,93.000000,93.080002,91.699997,92.389999,87.797897,12049500
2016-09-22,92.730003,93.709999,92.639999,93.410004,88.767204,6470700
2016-09-23,93.070000,93.519997,93.000000,93.269997,88.634148,4407700
2016-09-26,92.470001,92.680000,91.400002,91.959999,87.389275,10449300
2016-09-27,91.930000,92.180000,91.500000,91.720001,87.161194,9167400
2016-09-28,91.750000,92.300003,91.480003,92.199997,87.617332,8272300
2016-09-29,92.139999,93.099998,91.529999,91.800003,87.237228,7476600
2016-09-30,92.279999,93.489998,92.209999,92.860001,88.244537,8923700
2016-10-03,92.470001,92.720001,92.050003,92.489998,87.892921,5834700
2016-10-04,92.449997,92.989998,92.110001,92.589996,87.987953,5903400
2016-10-05,92.940002,93.279999,92.379997,92.449997,87.854912,5365000
2016-10-06,92.750000,93.580002,92.389999,92.830002,88.216026,7484800
2016-10-07,93.059998,93.290001,92.019997,92.489998,87.892921,6144100
2016-10-10,92.699997,93.209999,92.400002,92.489998,87.892921,4241000
2016-10-11,92.330002,92.379997,91.570000,91.860001,87.294243,6651100
2016-10-12,91.879997,92.080002,91.389999,91.410004,86.866615,6836600
2016-10-13,90.949997,91.360001,90.320000,91.120003,86.591026,5725200
2016-10-14,91.769997,91.769997,91.290001,91.300003,86.762070,4345700
2016-10-17,91.349998,91.470001,90.559998,90.830002,86.315437,5134600
2016-10-18,91.400002,91.739998,90.980003,91.169998,86.638527,4890800
2016-10-19,91.269997,92.139999,91.000000,91.930000,87.360764,6140500
2016-10-20,91.660004,92.320000,91.440002,92.029999,87.455795,6153200
2016-10-21,91.330002,94.190002,90.599998,93.029999,88.406082,13814500
2016-10-24,93.489998,94.150002,92.800003,93.370003,88.729187,7281000
2016-10-25,93.139999,93.360001,92.639999,92.750000,88.140007,6380700
2016-10-26,92.389999,93.720001,91.900002,93.489998,88.843224,7152800
2016-10-27,93.800003,94.339996,93.309998,94.019997,89.346878,6647000
2016-10-28,93.889999,94.400002,93.529999,93.849998,89.185326,7309100
2016-10-31,93.720001,93.820000,92.309998,92.690002,88.082977,9957600
2016-11-01,92.779999,92.989998,91.660004,92.389999,87.797897,6449800
2016-11-02,91.910004,92.559998,91.690002,91.910004,87.341759,6716200
2016-11-03,92.260002,94.129997,92.239998,93.370003,88.729187,7751400
2016-11-04,93.500000,93.790001,92.360001,92.449997,87.854912,7456500
2016-11-07,93.769997,94.480003,92.949997,94.430000,89.736504,6996100
2016-11-08,94.529999,94.849998,93.900002,94.379997,89.688988,6226900
2016-11-09,92.290001,94.919998,92.110001,94.639999,89.936058,8635700
2016-11-10,94.889999,96.059998,94.230003,94.959999,90.240166,13777900
2016-11-11,97.180000,98.320000,95.779999,97.680000,92.824959,23008100
2016-11-14,97.559998,98.309998,97.449997,97.919998,93.053040,13208400
2016-11-15,97.900002,98.139999,97.419998,97.699997,92.843964,7184600
2016-11-16,98.330002,99.169998,98.099998,99.120003,94.193405,9702400
2016-11-17,99.050003,99.500000,98.269997,99.370003,94.430969,8662600
2016-11-18,99.050003,99.370003,98.139999,98.239998,93.357132,8586100
2016-11-21,98.110001,98.269997,97.000000,97.629997,92.777458,10771100
2016-11-22,97.400002,97.930000,97.269997,97.709999,92.853477,5323700
2016-11-23,97.669998,98.279999,97.589996,98.260002,93.376144,5897400
2016-11-25,98.709999,99.070000,98.500000,98.820000,93.908310,4396800
2016-11-28,98.519997,99.199997,98.320000,98.970001,94.050850,7106700
2016-11-29,99.239998,99.680000,98.970001,99.669998,94.716057,8396800
2016-11-30,99.400002,100.290001,99.000000,99.120003,94.193405,11369200
2016-12-01,99.129997,99.750000,98.620003,98.940002,94.022346,9958100
2016-12-02,98.790001,99.080002,98.250000,98.500000,93.604218,7737200
2016-12-05,98.980003,100.269997,98.680000,99.959999,94.991638,11331500
2016-12-06,99.949997,100.720001,99.820000,100.660004,95.656845,8427500
2016-12-07,100.510002,102.070000,100.440002,101.989998,96.920746,12255700
2016-12-08,101.470001,103.959999,101.470001,103.379997,98.998779,16524800
2016-12-09,103.489998,105.519997,103.180000,104.860001,100.416054,12173900
2016-12-12,104.610001,104.699997,103.730003,104.059998,99.649963,7880200
2016-12-13,104.199997,104.309998,103.709999,103.849998,99.448860,7393200
2016-12-14,103.620003,104.410004,103.500000,104.050003,99.640388,7961900
2016-12-15,103.849998,105.639999,103.820000,104.389999,99.965973,8745400
2016-12-16,104.709999,104.730003,103.750000,103.910004,99.506332,12635500
2016-12-19,105.699997,106.260002,105.070000,105.300003,100.837410,11475600
2016-12-20,105.639999,106.199997,105.059998,105.459999,100.990631,8947300
2016-12-21,104.610001,105.910004,104.510002,105.559998,101.086388,5202400
2016-12-22,104.959999,105.489998,104.699997,105.419998,100.952324,5230800
2016-12-23,105.239998,105.339996,104.750000,105.150002,100.693771,3238800
2016-12-27,104.849998,105.559998,104.779999,105.169998,100.712914,3639500
2016-12-28,104.989998,105.320000,104.059998,104.300003,99.879791,5178600
2016-12-29,104.230003,104.769997,103.870003,104.559998,100.128761,5896800
2016-12-30,104.570000,105.000000,103.959999,104.220001,99.803192,6983300
2017-01-03,105.300003,106.900002,105.209999,106.080002,101.584358,8884300
2017-01-04,106.639999,107.500000,106.250000,107.440002,102.886719,8322000
2017-01-05,107.169998,107.620003,106.790001,107.379997,102.829262,6303000
2017-01-06,108.019997,109.349998,107.750000,108.980003,104.361458,9551300
2017-01-09,108.580002,108.830002,108.110001,108.360001,103.767731,6195200
2017-01-10,107.900002,108.820000,107.349998,108.379997,103.786880,7901900
2017-01-11,108.540001,109.489998,108.379997,109.440002,104.801964,7616800
2017-01-12,108.120003,109.000000,107.430000,107.529999,102.972900,8218900
2017-01-13,107.160004,108.349998,106.900002,108.059998,103.480438,6489000
2017-01-17,107.910004,108.930000,107.650002,107.970001,103.394257,7586500
2017-01-18,106.930000,108.400002,106.809998,108.160004,103.576210,7162900
2017-01-19,107.919998,108.010002,107.080002,107.279999,102.733498,5350200
2017-01-20,107.349998,107.820000,107.180000,107.660004,103.097397,5649000
2017-01-23,107.339996,107.680000,106.570000,107.120003,102.580269,5716600
2017-01-24,107.199997,108.059998,107.080002,107.900002,103.327225,5456100
2017-01-25,108.230003,108.419998,108.000000,108.040001,103.461296,6180200
2017-01-26,108.209999,108.620003,107.980003,108.059998,103.480438,6088100
2017-01-27,108.489998,109.400002,108.150002,109.300003,104.667885,5578300
2017-01-30,109.860001,111.050003,108.959999,110.940002,106.238388,13793600
2017-01-31,110.589996,110.800003,109.980003,110.650002,105.960678,8485800
2017-02-01,110.709999,111.989998,110.680000,111.300003,106.583138,10501300
2017-02-02,111.209999,111.540001,110.550003,110.610001,105.922386,6515900
2017-02-03,110.900002,111.150002,110.209999,110.300003,105.625519,7923400
2017-02-06,109.919998,110.150002,109.300003,109.570000,104.926453,6896300
2017-02-07,109.650002,109.730003,108.769997,109.000000,104.380600,10184800
2017-02-08,109.559998,111.419998,108.980003,109.000000,104.380600,13615500
2017-02-09,109.000000,109.849998,109.000000,109.489998,104.849838,6369700
2017-02-10,109.349998,109.800003,108.580002,109.260002,104.629601,7671800
2017-02-13,108.949997,109.900002,108.900002,109.650002,105.003067,5653200
2017-02-14,109.800003,110.330002,109.529999,110.330002,105.654243,4768700
2017-02-15,109.910004,110.680000,109.800003,110.180000,105.510605,7087100
2017-02-16,110.339996,110.870003,110.089996,110.709999,106.018143,7179600
2017-02-17,110.239998,110.500000,109.519997,110.059998,105.395676,6349200
2017-02-21,109.940002,110.209999,109.800003,110.010002,105.347809,5432700
2017-02-22,109.690002,110.279999,109.529999,110.120003,105.453140,5478400
2017-02-23,110.300003,110.489998,109.589996,109.730003,105.079674,5470400
2017-02-24,109.620003,110.320000,109.099998,110.320000,105.644669,4786800
2017-02-27,109.930000,110.470001,109.830002,110.230003,105.558472,3547700
2017-02-28,110.000000,110.400002,109.830002,110.089996,105.424408,4766000
2017-03-01,110.660004,111.800003,110.660004,111.040001,106.334152,7418100
2017-03-02,111.000000,111.209999,110.449997,110.589996,105.903221,4715600
2017-03-03,110.589996,111.500000,110.040001,111.239998,106.525665,5837900
2017-03-06,110.769997,110.980003,110.089996,110.669998,105.979836,4983200
2017-03-07,110.699997,110.930000,110.160004,110.860001,106.161774,5114400
2017-03-08,110.870003,111.320000,110.660004,110.839996,106.142624,4929900
2017-03-09,110.900002,111.320000,110.690002,111.029999,106.324577,4005700
2017-03-10,111.400002,111.500000,110.690002,110.919998,106.219238,4027400
2017-03-13,110.919998,111.680000,110.820000,111.519997,106.793808,5213600
2017-03-14,111.730003,112.889999,111.720001,112.309998,107.550323,7273500
2017-03-15,112.430000,112.449997,111.150002,111.870003,107.128975,5319500
2017-03-16,112.180000,112.320000,111.400002,111.709999,106.975754,4409400
2017-03-17,111.870003,112.089996,111.180000,111.760002,107.023636,9061200
2017-03-20,112.070000,113.160004,112.050003,112.709999,107.933372,8156300
2017-03-21,112.970001,113.099998,111.540001,111.750000,107.014061,7109800
2017-03-22,111.849998,112.180000,111.349998,112.080002,107.330078,5044700
2017-03-23,111.709999,112.980003,111.660004,112.239998,107.483299,8307900
2017-03-24,112.400002,112.580002,111.680000,112.139999,107.387535,4707300
2017-03-27,111.809998,112.550003,111.449997,112.379997,107.617355,4469800
2017-03-28,112.599998,113.239998,112.019997,113.050003,108.258972,6280900
2017-03-29,112.660004,112.940002,112.309998,112.529999,107.761009,3781200
2017-03-30,112.529999,113.300003,112.279999,113.180000,108.383453,4192800
2017-03-31,113.000000,113.709999,112.949997,113.389999,108.584564,4617400
2017-04-03,113.180000,113.650002,112.430000,113.199997,108.402603,4643300
2017-04-04,113.150002,113.550003,112.830002,113.040001,108.249390,3386100
2017-04-05,113.580002,113.839996,112.790001,113.000000,108.211090,4795100
2017-04-06,112.849998,113.419998,112.389999,113.050003,108.258972,4744000
2017-04-07,112.820000,113.279999,112.529999,112.580002,107.808884,4300700
2017-04-10,112.800003,112.889999,112.040001,112.430000,107.665245,4053600
2017-04-11,113.680000,113.830002,112.589996,113.070000,108.278122,5230800
2017-04-12,113.029999,113.279999,112.760002,113.040001,108.249390,4086300
2017-04-13,113.040001,114.250000,112.989998,113.199997,108.402603,6530800
2017-04-17,113.330002,113.940002,113.220001,113.779999,108.958031,5120200
2017-04-18,113.480003,114.750000,113.000000,114.190002,109.350662,6191100
2017-04-19,114.559998,115.000000,113.540001,113.730003,108.910156,5303400
2017-04-20,114.169998,115.050003,113.870003,114.790001,109.925232,5279300
2017-04-21,114.379997,115.120003,114.269997,114.440002,109.590057,6654500
2017-04-24,115.260002,115.379997,113.660004,113.699997,108.881424,7294600
2017-04-25,113.730003,115.519997,113.680000,115.180000,110.298706,6918300
2017-04-26,115.400002,115.959999,114.860001,115.580002,110.681747,4809800
2017-04-27,115.800003,116.099998,115.389999,115.839996,110.930725,3910800
2017-04-28,115.870003,115.900002,115.239998,115.599998,110.700897,3987600
2017-05-01,115.589996,115.610001,114.720001,114.730003,109.867775,4963300
2017-05-02,114.870003,114.989998,113.680000,114.370003,109.523026,6604600
2017-05-03,114.029999,114.089996,111.180000,111.620003,106.889580,11521200
2017-05-04,110.580002,111.300003,109.059998,111.169998,106.458641,10691200
2017-05-05,111.489998,112.150002,110.919998,111.989998,107.243874,5871400
2017-05-08,112.389999,112.389999,111.000000,111.419998,106.698044,5980100
2017-05-09,111.550003,112.150002,110.349998,112.070000,107.320503,9337400
2017-05-10,109.000000,109.660004,108.129997,109.660004,105.012642,17061100
2017-05-11,109.739998,110.010002,108.500000,109.580002,104.936035,8021300
2017-05-12,109.800003,109.889999,109.269997,109.690002,105.041367,5067700
2017-05-15,109.730003,110.080002,109.120003,109.129997,104.505096,6241300
2017-05-16,109.129997,109.230003,107.820000,107.980003,103.403831,10047100
2017-05-17,107.980003,107.980003,105.230003,106.309998,101.804604,12763200
2017-05-18,105.980003,107.309998,105.980003,106.680000,102.158928,6532200
2017-05-19,106.760002,107.860001,106.699997,107.519997,102.963326,6336700
2017-05-22,107.650002,108.199997,107.410004,107.629997,103.068672,5487200
2017-05-23,107.680000,107.800003,106.910004,107.019997,102.484512,7542600
2017-05-24,107.150002,107.830002,106.930000,107.709999,103.145271,4366700
2017-05-25,108.129997,108.129997,106.779999,107.269997,102.723923,8030400
2017-05-26,107.709999,108.489998,107.480003,108.410004,103.815605,6236800
2017-05-30,108.489998,108.599998,107.949997,108.339996,103.748573,4813400
2017-05-31,108.400002,108.650002,107.639999,107.940002,103.365532,9963600
2017-06-01,107.730003,108.209999,107.169998,108.209999,103.624084,5907400
2017-06-02,108.459999,108.639999,106.949997,107.180000,102.637733,10876900
2017-06-05,107.040001,107.220001,106.110001,106.519997,102.005707,6372800
2017-06-06,106.169998,106.190002,104.610001,105.500000,101.028938,9589500
2017-06-07,105.790001,106.250000,105.540001,105.919998,101.431129,5777700
2017-06-08,105.919998,105.919998,104.160004,104.320000,99.898949,11002400
2017-06-09,104.279999,105.919998,104.080002,105.620003,101.143845,9392500
2017-06-12,105.620003,107.199997,105.620003,107.040001,102.503670,8049500
2017-06-13,107.139999,107.260002,106.160004,106.559998,102.044022,4918900
2017-06-14,106.949997,107.010002,105.760002,106.139999,101.641815,4781100
2017-06-15,105.940002,106.160004,105.230003,105.980003,101.488602,5309900
2017-06-16,106.279999,106.349998,104.769997,105.510002,101.038521,8683400
2017-06-19,105.599998,106.000000,105.190002,105.370003,100.904449,5956200
2017-06-20,105.070000,105.300003,103.809998,103.940002,99.535049,7895700
2017-06-21,104.389999,105.080002,103.540001,104.800003,100.358597,7765700
2017-06-22,104.709999,104.769997,104.089996,104.220001,99.803192,6156000
2017-06-23,103.830002,104.580002,103.169998,104.360001,99.937248,18147900
2017-06-26,104.599998,105.849998,104.559998,105.570000,101.095978,5867000
2017-06-27,105.330002,106.150002,105.139999,105.410004,100.942757,5694500
2017-06-28,106.019997,107.540001,104.519997,106.860001,102.331306,7874400
2017-06-29,106.800003,107.410004,105.330002,105.709999,101.230034,7268700
2017-06-30,106.250000,106.559998,105.500000,106.250000,101.747154,5113800
2017-07-03,106.760002,108.620003,106.760002,107.459999,102.905876,5399400
2017-07-05,107.830002,107.849998,105.290001,105.629997,101.153419,8049700
2017-07-06,104.610001,104.690002,102.940002,103.349998,99.706306,8690800
2017-07-07,103.510002,103.730003,102.720001,103.320000,99.677361,6030900
2017-07-10,103.300003,103.910004,102.870003,103.589996,99.937851,4421300
2017-07-11,103.599998,104.190002,103.190002,103.839996,100.179024,4557300
2017-07-12,104.339996,104.650002,103.650002,104.379997,100.699997,5203300
2017-07-13,104.449997,105.339996,104.040001,104.290001,100.613174,5339500
2017-07-14,104.430000,105.250000,104.410004,105.089996,101.384964,4370300
2017-07-17,105.169998,105.419998,104.709999,104.790001,101.095535,3973800
2017-07-18,104.599998,105.800003,104.309998,105.750000,102.021690,5740500
2017-07-19,106.129997,106.870003,106.050003,106.820000,103.053963,5789400
2017-07-20,106.989998,107.709999,106.750000,107.360001,103.574944,6185500
2017-07-21,107.099998,107.330002,106.809998,107.089996,103.314445,4328500
2017-07-24,107.309998,107.540001,106.900002,107.000000,103.227631,4615500
2017-07-25,107.599998,107.739998,106.199997,106.419998,102.668068,5394700
2017-07-26,106.550003,107.029999,106.309998,106.940002,103.169739,4149000
2017-07-27,107.690002,110.000000,107.440002,110.000000,106.121857,10468700
2017-07-28,109.980003,110.190002,109.669998,109.959999,106.083267,4864500
2017-07-31,110.019997,110.139999,109.339996,109.930000,106.054321,6815300
2017-08-01,109.980003,110.830002,109.949997,110.610001,106.710358,5987200
2017-08-02,109.879997,109.879997,107.519997,108.669998,104.838745,8812700
2017-08-03,108.519997,109.169998,108.050003,109.120003,105.272888,6895800
2017-08-04,108.230003,108.500000,107.320000,107.690002,103.893303,8503800
2017-08-07,107.589996,107.650002,106.110001,106.349998,102.600533,8093100
2017-08-08,106.550003,107.139999,106.180000,106.980003,103.208328,9787100
2017-08-09,100.709999,103.000000,100.500000,102.830002,99.204643,27877600
2017-08-10,102.500000,102.820000,101.220001,101.349998,97.776817,12259900
2017-08-11,101.250000,102.510002,101.029999,101.989998,98.394257,9410400
2017-08-14,102.800003,102.809998,101.260002,101.400002,97.825058,9707300
2017-08-15,101.629997,102.099998,101.360001,101.510002,97.931175,8868500
2017-08-16,101.839996,102.650002,101.720001,102.199997,98.596848,6698800
2017-08-17,102.239998,102.589996,101.339996,101.379997,97.805763,6612400
2017-08-18,101.320000,101.739998,100.660004,100.699997,97.149727,6893900
2017-08-21,100.639999,101.419998,100.529999,101.169998,97.603157,6492700
2017-08-22,101.410004,102.910004,101.169998,102.769997,99.146751,6888700
2017-08-23,102.480003,102.980003,101.480003,101.500000,97.921532,5954400
2017-08-24,101.820000,102.029999,101.430000,101.519997,97.940826,6976600
2017-08-25,101.690002,102.690002,101.559998,102.410004,98.799454,6186900
2017-08-28,102.489998,102.849998,102.080002,102.559998,98.944153,5630400
2017-08-29,102.000000,102.989998,101.820000,102.570000,98.953804,6011700
2017-08-30,102.480003,103.449997,102.480003,102.870003,99.243233,6573200
2017-08-31,103.000000,103.190002,101.000000,101.199997,97.632111,9823800
2017-09-01,101.650002,101.919998,101.360001,101.500000,97.921532,7827400
2017-09-05,102.000000,102.550003,100.900002,101.599998,98.018005,9346100
2017-09-06,101.760002,102.040001,100.889999,101.500000,97.921532,7531000
2017-09-07,101.550003,101.860001,96.199997,97.059998,93.638069,26419400
2017-09-08,96.489998,97.489998,96.260002,97.070000,93.647713,13147700
2017-09-11,97.900002,98.019997,96.959999,97.089996,93.667007,9610300
2017-09-12,97.589996,98.360001,97.129997,97.889999,94.438805,9151700
2017-09-13,98.239998,98.949997,98.019997,98.820000,95.336014,7615300
2017-09-14,98.790001,98.839996,97.540001,97.900002,94.448456,9710000
2017-09-15,98.050003,98.930000,98.000000,98.519997,95.046593,23870300
2017-09-18,98.389999,98.720001,97.720001,98.099998,94.641396,7013600
2017-09-19,98.230003,98.669998,98.080002,98.430000,94.959763,6970300
2017-09-20,98.760002,99.279999,98.620003,99.209999,95.712265,6459100
2017-09-21,99.190002,99.389999,98.750000,98.889999,95.403549,4958000
2017-09-22,98.550003,98.989998,98.529999,98.599998,95.123772,6359100
2017-09-25,98.599998,99.650002,98.419998,99.570000,96.059578,7492500
2017-09-26,99.639999,99.739998,98.610001,98.629997,95.152710,6220500
2017-09-27,98.970001,99.529999,98.019997,99.239998,95.741211,7596600
2017-09-28,98.769997,99.050003,98.000000,98.050003,94.593163,7149600
2017-09-29,97.889999,98.589996,97.660004,98.570000,95.094833,8185900
2017-10-02,99.309998,100.440002,99.110001,99.860001,96.339355,6923300
2017-10-03,100.050003,100.849998,99.910004,100.790001,97.236565,5447700
2017-10-04,100.739998,100.930000,100.199997,100.550003,97.005028,5126100
2017-10-05,100.639999,100.870003,100.019997,100.110001,96.580536,4736700
2017-10-06,99.949997,100.269997,99.339996,100.070000,96.541939,4360200
2017-10-09,100.809998,100.980003,99.449997,99.570000,96.059578,5429600
2017-10-10,99.989998,100.070000,98.660004,99.580002,96.069229,7704400
2017-10-11,99.580002,99.580002,98.050003,98.550003,95.075539,7984000
2017-10-12,97.559998,97.820000,96.809998,96.930000,93.512650,11018200
2017-10-13,96.800003,97.680000,96.800003,97.379997,93.946785,6858000
2017-10-16,97.639999,98.269997,97.540001,98.129997,94.670334,4911600
2017-10-17,98.400002,98.470001,97.860001,98.360001,94.892242,5942500
2017-10-18,98.360001,98.489998,97.550003,98.250000,94.786118,5404300
2017-10-19,98.190002,99.300003,98.110001,99.010002,95.519333,5634300
2017-10-20,99.449997,99.660004,98.940002,99.400002,95.895576,5938700
2017-10-23,99.120003,99.180000,98.629997,98.699997,95.220245,5888200
2017-10-24,98.519997,98.860001,98.059998,98.290001,94.824699,4966200
2017-10-25,98.050003,98.220001,97.449997,97.800003,94.351974,5144400
2017-10-26,97.580002,99.480003,97.250000,98.559998,95.085182,6167500
2017-10-27,97.900002,98.360001,96.889999,98.309998,94.844002,7868700
2017-10-30,98.120003,98.330002,97.699997,98.040001,94.583511,7093200
2017-10-31,97.940002,98.089996,97.379997,97.809998,94.361626,5701700
2017-11-01,98.129997,99.459999,98.000000,99.029999,95.538605,6920400
2017-11-02,98.870003,99.120003,98.019997,98.349998,94.882591,6799200
2017-11-03,98.360001,99.379997,97.900002,98.639999,95.162369,5416900
2017-11-06,98.370003,101.129997,98.349998,100.639999,97.091850,14728700
2017-11-07,101.290001,102.900002,100.739998,101.610001,98.027657,12177500
2017-11-08,101.879997,102.000000,100.419998,101.180000,97.612808,8023200
2017-11-09,100.830002,103.910004,100.800003,102.680000,99.059921,13172500
2017-11-10,104.989998,106.239998,104.080002,104.779999,101.085892,16701500
2017-11-13,104.139999,105.139999,103.980003,104.739998,101.047302,7856000
2017-11-14,104.570000,104.570000,103.000000,103.169998,99.532654,6929300
2017-11-15,102.750000,103.959999,102.449997,103.690002,100.034317,5691500
2017-11-16,103.629997,103.980003,102.760002,103.599998,99.947495,6410900
2017-11-17,103.220001,103.989998,102.970001,103.440002,99.793129,7500800
2017-11-20,103.419998,103.419998,102.699997,102.750000,99.127457,5112600
2017-11-21,102.970001,103.169998,102.790001,103.000000,99.368645,5725900
2017-11-22,103.220001,103.320000,102.690002,102.739998,99.117813,4140700
2017-11-24,102.910004,102.919998,102.449997,102.639999,99.021332,2217600
2017-11-27,102.629997,102.970001,102.379997,102.790001,99.166046,4007500
2017-11-28,102.559998,103.879997,102.169998,103.410004,99.764198,8401100
2017-11-29,103.500000,106.260002,103.430000,105.239998,101.529671,14503100
2017-11-30,105.360001,105.709999,104.470001,104.820000,101.124474,9949000
2017-12-01,104.580002,105.849998,103.870003,105.250000,101.539322,9258400
2017-12-04,106.500000,112.669998,106.500000,110.220001,106.334091,17824000
2017-12-05,109.529999,110.040001,106.519997,107.220001,103.439857,13055600
2017-12-06,107.169998,107.989998,105.360001,105.459999,101.741913,8121700
2017-12-07,105.739998,106.000000,104.489998,105.260002,101.548973,9948600
2017-12-08,104.910004,104.980003,104.080002,104.230003,101.364197,6536600
2017-12-11,104.870003,106.839996,104.769997,106.830002,103.892708,7434000
2017-12-12,107.139999,107.830002,106.589996,107.430000,104.476204,8147000
2017-12-13,108.150002,108.190002,106.750000,107.610001,104.651260,10368300
2017-12-14,107.290001,111.540001,107.199997,110.570000,107.529877,27571300
2017-12-15,111.980003,112.000000,110.599998,111.269997,108.210625,19978600
2017-12-18,111.839996,111.989998,110.309998,111.029999,107.977226,12270000
2017-12-19,111.330002,112.389999,110.769997,111.809998,108.735779,10546600
2017-12-20,111.620003,112.300003,109.690002,109.690002,106.674072,8661100
2017-12-21,109.720001,111.089996,109.190002,109.570000,106.557365,9372800
2017-12-22,109.489998,109.690002,108.449997,108.669998,105.682114,7378400
2017-12-26,108.489998,109.370003,107.889999,108.120003,105.147240,3982400
2017-12-27,108.419998,108.550003,107.459999,107.639999,104.680435,5624000
2017-12-28,108.000000,108.050003,107.059998,107.769997,104.806862,3477700
2017-12-29,108.050003,108.339996,107.510002,107.510002,104.554008,4538400
2018-01-02,108.949997,111.809998,108.559998,111.800003,108.726067,11014300
2018-01-03,112.190002,113.190002,111.449997,112.279999,109.192856,9237900
2018-01-04,112.949997,113.000000,111.629997,112.230003,109.144241,7417400
2018-01-05,112.680000,112.680000,111.239998,111.620003,108.551003,6008300
2018-01-08,110.889999,111.279999,109.540001,110.019997,106.994995,8052600
2018-01-09,110.129997,110.860001,109.860001,109.940002,106.917191,5838000
2018-01-10,109.959999,110.500000,109.010002,109.470001,106.460114,6060000
2018-01-11,110.250000,111.080002,109.510002,110.989998,107.938324,6427000
2018-01-12,111.320000,112.720001,111.000000,112.470001,109.377632,5899900
2018-01-16,113.070000,113.160004,110.620003,110.690002,107.646576,8069200
2018-01-17,111.199997,112.209999,110.570000,111.970001,108.891380,7030700
2018-01-18,111.739998,111.989998,110.199997,110.419998,107.384003,8070900
2018-01-19,110.970001,111.089996,109.839996,110.589996,107.549316,10514300
2018-01-22,110.269997,111.559998,110.059998,111.099998,108.045296,8073600
2018-01-23,110.269997,111.139999,109.889999,110.410004,107.374283,7477300
2018-01-24,110.959999,111.430000,110.290001,110.500000,107.461792,7211800
2018-01-25,110.599998,111.820000,110.120003,110.550003,107.510422,6291000
2018-01-26,110.809998,112.529999,110.669998,112.190002,109.105331,7743800
2018-01-29,112.099998,112.449997,111.239998,111.540001,108.473206,6847800
2018-01-30,111.419998,112.419998,110.099998,110.110001,107.082520,8393900
2018-01-31,110.080002,110.120003,108.470001,108.669998,105.682114,9841400
2018-02-01,108.620003,110.650002,107.360001,110.489998,107.452072,9518900
2018-02-02,109.949997,110.580002,108.449997,108.699997,105.711288,9947700
2018-02-05,107.099998,108.629997,104.010002,104.699997,101.821259,15107900
2018-02-06,102.879997,106.199997,101.760002,106.169998,103.250854,17765100
2018-02-07,107.830002,108.029999,104.410004,104.760002,101.879623,12445000
2018-02-08,105.470001,105.820000,101.190002,101.349998,98.563377,12667500
2018-02-09,102.550003,103.750000,100.260002,103.089996,100.255531,12479700
2018-02-12,103.930000,104.639999,102.099998,103.389999,100.547287,9584700
2018-02-13,102.639999,104.309998,102.400002,104.120003,101.257217,8447900
2018-02-14,103.489998,104.760002,102.690002,104.599998,101.724014,7425700
2018-02-15,105.360001,105.570000,103.930000,105.180000,102.288071,6494700
2018-02-16,105.190002,107.349998,105.190002,106.529999,103.600952,8746400
2018-02-20,106.370003,107.570000,105.519997,105.980003,103.066078,6734500
2018-02-21,106.000000,106.910004,105.019997,105.050003,102.161652,6743300
2018-02-22,105.309998,106.010002,104.930000,105.239998,102.346420,4462200
2018-02-23,105.750000,107.360001,105.430000,107.250000,104.301155,6101100
2018-02-26,108.000000,109.809998,107.669998,109.809998,106.790771,8138200
2018-02-27,108.000000,108.160004,104.849998,104.870003,101.986595,14179600
2018-02-28,105.449997,105.570000,103.139999,103.160004,100.323616,10760800
2018-03-01,103.199997,104.029999,101.330002,102.570000,99.749832,10487300
2018-03-02,102.000000,103.169998,101.440002,102.989998,100.158287,7835400
2018-03-05,102.709999,103.970001,102.419998,103.410004,100.566742,5736700
2018-03-06,104.000000,104.949997,103.510002,104.940002,102.054680,6216200
2018-03-07,103.720001,104.239998,102.769997,103.589996,100.741791,6214800
2018-03-08,103.989998,104.589996,103.470001,104.029999,101.169685,6627000
2018-03-09,104.430000,104.750000,103.639999,104.730003,101.850449,5618400
2018-03-12,104.720001,105.940002,104.720001,105.169998,102.278343,6485300
2018-03-13,105.830002,105.830002,103.419998,103.730003,100.877937,6716700
2018-03-14,104.529999,104.650002,103.470001,103.900002,101.043266,6235900
2018-03-15,104.000000,104.290001,103.239998,103.239998,100.401405,5174600
2018-03-16,103.559998,104.269997,102.839996,102.870003,100.041588,10468000
2018-03-19,102.800003,102.949997,101.000000,101.480003,98.689804,6528300
2018-03-20,101.540001,102.150002,100.750000,101.349998,98.563377,8330300
2018-03-21,101.500000,102.940002,101.419998,101.820000,99.020454,6136400
2018-03-22,101.290001,101.639999,100.410004,100.599998,97.834000,8911600
2018-03-23,100.849998,101.110001,98.449997,98.540001,95.830643,7505100
2018-03-26,99.860001,100.779999,99.080002,100.650002,97.882622,7340100
2018-03-27,100.879997,101.180000,98.889999,99.360001,96.628090,7193500
2018-03-28,99.500000,100.080002,98.150002,98.540001,95.830643,9099700
2018-03-29,99.010002,101.279999,98.860001,100.440002,97.678398,9343600
2018-04-02,100.180000,100.989998,97.779999,98.660004,95.947342,8203700
2018-04-03,98.800003,99.489998,97.699997,99.419998,96.686440,8484700
2018-04-04,98.430000,101.150002,97.760002,100.949997,98.174377,8759200
2018-04-05,101.360001,102.379997,100.980003,102.110001,99.302483,6612800
2018-04-06,101.629997,102.190002,99.449997,100.349998,97.590874,7162400
2018-04-09,100.699997,101.510002,99.580002,99.699997,96.958748,7094300
2018-04-10,100.919998,101.529999,100.320000,101.370003,98.582832,8116800
2018-04-11,100.779999,101.650002,100.410004,100.800003,98.028503,6305000
2018-04-12,101.419998,101.510002,99.680000,100.389999,97.629768,7337800
2018-04-13,101.000000,101.519997,100.160004,100.349998,97.590874,6324600
2018-04-16,100.690002,101.000000,99.730003,100.239998,97.483894,10328000
2018-04-17,101.199997,102.589996,100.750000,102.169998,99.360825,9577400
2018-04-18,102.669998,102.709999,101.199997,101.209999,98.427223,5822100
2018-04-19,101.000000,101.580002,100.220001,100.889999,98.116020,6803400
2018-04-20,101.180000,101.400002,99.910004,100.239998,97.483894,6396900
2018-04-23,100.550003,100.720001,99.529999,100.150002,97.396370,5889800
2018-04-24,100.580002,100.849998,98.860001,99.459999,96.725342,6567700
2018-04-25,99.500000,101.489998,99.050003,101.150002,98.368874,8977700
2018-04-26,101.230003,101.379997,99.739998,99.839996,97.094894,8038400
2018-04-27,99.779999,99.989998,98.940002,99.230003,96.501663,8038000
2018-04-30,100.410004,101.370003,100.120003,100.330002,97.571426,8558900
2018-05-01,100.180000,100.699997,98.930000,100.059998,97.308846,6716200
2018-05-02,100.169998,100.720001,99.250000,99.620003,96.880943,9286400
2018-05-03,99.110001,99.250000,97.680000,98.760002,96.044594,10450800
2018-05-04,98.709999,101.349998,98.580002,101.150002,98.368874,9980100
2018-05-07,102.349998,102.680000,101.720001,102.480003,99.662308,10181100
2018-05-08,101.199997,102.639999,100.839996,101.790001,98.991280,14229500
2018-05-09,102.250000,102.269997,99.300003,99.970001,97.221321,18345700
2018-05-10,100.419998,102.070000,100.300003,101.680000,98.884308,8927300
2018-05-11,101.889999,102.209999,101.260002,102.070000,99.263580,7036000
2018-05-14,102.440002,103.489998,101.980003,102.440002,99.623413,9891900
2018-05-15,102.440002,103.320000,102.099998,102.919998,100.090202,5762400
2018-05-16,103.250000,105.040001,103.150002,105.040001,102.151924,8111600
2018-05-17,105.230003,105.480003,104.089996,104.339996,101.471169,7320600
2018-05-18,104.339996,104.790001,103.559998,103.930000,101.072441,5427300
2018-05-21,104.220001,104.680000,103.610001,104.059998,101.198860,5848700
2018-05-22,104.400002,105.489998,103.989998,104.070000,101.208588,6971600
2018-05-23,103.199997,103.339996,102.070000,102.889999,100.061043,8046600
2018-05-24,102.809998,102.860001,101.209999,102.110001,99.302483,7474100
2018-05-25,102.250000,103.000000,101.970001,102.199997,99.389999,6982700
2018-05-29,100.550003,101.650002,99.379997,99.690002,96.949020,11270400
2018-05-30,100.500000,100.550003,99.419998,99.980003,97.231049,7216400
2018-05-31,99.760002,100.139999,98.809998,99.470001,96.735069,9620000
2018-06-01,99.690002,100.050003,99.199997,99.360001,96.628090,6847700
2018-06-04,99.760002,100.500000,99.699997,100.239998,97.483894,6598000
2018-06-05,100.360001,100.510002,99.779999,99.940002,97.192146,5974400
2018-06-06,100.059998,101.940002,99.760002,101.910004,99.107979,7833000
2018-06-07,101.910004,102.959999,101.809998,102.470001,99.652580,7559200
2018-06-08,102.089996,103.989998,101.830002,103.980003,101.121071,7090300
2018-06-11,103.930000,104.790001,103.750000,104.349998,101.480896,8175000
2018-06-12,104.730003,105.220001,103.959999,104.330002,101.461449,9215300
2018-06-13,103.199997,107.879997,102.669998,106.309998,103.387001,22009400
2018-06-14,106.449997,109.489998,106.449997,108.750000,105.759918,18068700
2018-06-15,108.169998,109.419998,107.849998,108.849998,105.857170,16169200
2018-06-18,107.000000,107.480003,106.500000,107.059998,104.116379,9288600
2018-06-19,105.870003,106.989998,105.760002,106.099998,103.182777,8869500
2018-06-20,107.000000,107.900002,105.809998,107.150002,104.203903,18625900
2018-06-21,107.010002,107.250000,105.790001,105.889999,102.978546,7707800
2018-06-22,106.070000,106.800003,105.809998,106.339996,103.416168,8959100
2018-06-25,106.000000,106.080002,103.739998,104.449997,101.578140,7995800
2018-06-26,104.459999,104.709999,103.910004,104.260002,101.393364,6550000
2018-06-27,104.500000,105.879997,103.480003,103.959999,101.101616,8803300
2018-06-28,103.910004,105.120003,103.680000,104.769997,101.889351,6303600
2018-06-29,104.930000,105.680000,104.650002,104.809998,101.928246,6774000
2018-07-02,104.150002,105.370003,103.900002,105.330002,102.433945,5488900
2018-07-03,105.879997,105.949997,103.500000,104.040001,101.179420,2406300
2018-07-05,104.699997,105.599998,104.430000,105.339996,102.443672,6202800
2018-07-06,104.500000,105.040001,104.040001,104.779999,102.718170,4134500
2018-07-09,105.010002,106.070000,104.750000,106.019997,103.933762,4725200
2018-07-10,106.250000,106.570000,104.830002,106.029999,103.943565,4213600
2018-07-11,105.320000,109.339996,105.320000,108.040001,105.914017,11753800
2018-07-12,108.050003,109.199997,107.820000,108.250000,106.119888,5931400
2018-07-13,108.000000,110.239998,107.660004,110.000000,107.835449,8188800
2018-07-16,109.820000,110.449997,108.769997,110.199997,108.031502,8245900
2018-07-17,110.260002,112.620003,110.089996,110.300003,108.129547,9075900
2018-07-18,110.309998,111.059998,109.650002,110.690002,108.511871,6414100
2018-07-19,111.540001,114.680000,111.300003,112.129997,109.923538,17796800
2018-07-20,112.150002,112.199997,110.830002,111.480003,109.286331,11787900
2018-07-23,111.050003,111.209999,110.339996,111.089996,108.903992,5447800
2018-07-24,111.839996,111.889999,110.540001,110.699997,108.521667,5648800
2018-07-25,110.639999,111.419998,109.629997,111.180000,108.992226,6756800
2018-07-26,112.150002,114.559998,111.680000,113.510002,111.276375,9466400
2018-07-27,114.000000,114.050003,111.919998,112.620003,110.403893,5717000
2018-07-30,112.199997,113.339996,112.050003,112.629997,110.413696,5199300
2018-07-31,112.550003,114.050003,112.360001,113.559998,111.325394,8421200
2018-08-01,113.680000,113.830002,112.589996,112.970001,110.747009,6466600
2018-08-02,112.500000,113.320000,111.680000,112.750000,110.531326,4027300
2018-08-03,113.199997,114.099998,112.400002,114.089996,111.844963,4747500
2018-08-06,114.660004,116.839996,114.160004,115.940002,113.658562,12715600
2018-08-07,116.570000,117.900002,116.239998,116.559998,114.266357,15466900
2018-08-08,115.900002,116.410004,113.900002,113.980003,111.737129,11722900
2018-08-09,114.050003,114.800003,112.809998,114.160004,111.913597,7042000
2018-08-10,113.580002,113.800003,112.400002,112.680000,110.462715,5740200
2018-08-13,112.660004,112.839996,111.720001,112.120003,109.913734,6080900
2018-08-14,112.379997,113.190002,111.949997,112.750000,110.531326,4326400
2018-08-15,112.180000,113.120003,111.470001,112.849998,110.629364,5183200
2018-08-16,113.300003,113.330002,112.400002,112.480003,110.266647,5082500
2018-08-17,112.510002,112.860001,111.889999,112.480003,110.266647,4764500
2018-08-20,112.930000,113.000000,111.910004,111.989998,109.786278,5167600
2018-08-21,112.250000,113.000000,112.000000,112.389999,110.178413,4770400
2018-08-22,112.440002,112.750000,111.940002,111.940002,109.737274,3213000
2018-08-23,111.940002,112.139999,111.529999,112.000000,109.796089,4257400
2018-08-24,111.629997,112.699997,111.440002,111.930000,109.727478,5049000
2018-08-27,112.489998,112.889999,112.070000,112.330002,110.119598,4767700
2018-08-28,112.570000,112.790001,112.199997,112.580002,110.364677,3131600
2018-08-29,112.580002,112.720001,112.019997,112.449997,110.237228,4001500
2018-08-30,112.070000,112.419998,111.589996,111.919998,109.717667,3481600
2018-08-31,111.900002,112.279999,111.559998,112.019997,109.815689,4642800
2018-09-04,111.800003,112.000000,110.650002,110.849998,108.668716,6391200
2018-09-05,110.580002,110.820000,109.699997,109.870003,107.708008,6388300
2018-09-06,110.000000,110.410004,109.360001,110.260002,108.090332,5267200
2018-09-07,110.080002,111.349998,110.010002,110.970001,108.786362,4754800
2018-09-10,111.440002,111.910004,110.370003,110.680000,108.502068,4636500
2018-09-11,110.500000,110.610001,109.510002,109.599998,107.443314,5488600
2018-09-12,109.250000,110.250000,109.180000,109.459999,107.306068,5236700
2018-09-13,109.550003,110.720001,109.370003,110.669998,108.492264,5119400
2018-09-14,110.919998,111.250000,108.879997,109.260002,107.110016,6012400
2018-09-17,109.580002,109.879997,108.610001,109.360001,107.208038,5592900
2018-09-18,108.889999,109.750000,108.230003,109.529999,107.374695,4937800
2018-09-19,109.629997,110.180000,109.480003,109.790001,107.629578,5964600
2018-09-20,110.580002,111.949997,109.940002,111.620003,109.423569,7121800
2018-09-21,111.949997,111.980003,110.400002,110.400002,108.227577,25753600
2018-09-24,112.269997,113.139999,111.699997,112.769997,110.550934,9232300
2018-09-25,113.309998,114.709999,112.650002,113.629997,111.394012,12169400
2018-09-26,114.010002,116.320000,114.010002,115.209999,112.942924,11141500
2018-09-27,115.190002,116.599998,115.099998,116.040001,113.756599,5195300
2018-09-28,115.650002,117.459999,115.349998,116.940002,114.638885,7366800
2018-10-01,117.279999,117.400002,115.680000,116.239998,113.952660,8643900
2018-10-02,115.550003,117.699997,115.300003,117.660004,115.344711,6441700
2018-10-03,117.949997,118.099998,116.739998,116.910004,114.609474,6111700
2018-10-04,117.000000,117.169998,115.120003,116.129997,113.844818,6442800
2018-10-05,116.000000,116.580002,114.730003,114.779999,112.521393,5835700
2018-10-08,114.830002,116.160004,114.120003,116.019997,113.736984,5652300
2018-10-09,116.620003,117.769997,116.040001,116.889999,114.589867,6761400
2018-10-10,116.839996,117.230003,112.730003,112.860001,110.639175,9006500
2018-10-11,112.500000,113.250000,110.320000,111.150002,108.962822,10045400
2018-10-12,111.970001,113.269997,111.230003,112.610001,110.394089,5963900
2018-10-15,111.930000,114.620003,111.889999,113.440002,111.207756,6628800
2018-10-16,114.339996,116.370003,113.839996,116.190002,113.903641,7619000
2018-10-17,116.099998,117.220001,115.430000,117.129997,114.825142,7120600
2018-10-18,116.750000,117.129997,115.580002,116.180000,113.893837,6056300
2018-10-19,117.419998,119.169998,117.220001,118.900002,116.560318,10431000
2018-10-22,119.050003,119.690002,117.720001,118.269997,115.942711,8406400
2018-10-23,116.949997,118.489998,115.410004,117.849998,115.530975,8607400
2018-10-24,117.059998,117.059998,111.250000,111.610001,109.413765,11630500
2018-10-25,112.620003,114.690002,112.120003,114.160004,111.913597,7406900
2018-10-26,112.839996,114.139999,112.099998,113.190002,110.962677,7984700
2018-10-29,114.449997,114.940002,111.959999,113.040001,110.815628,9234100
2018-10-30,113.389999,114.889999,112.410004,114.760002,112.501785,7365400
2018-10-31,116.230003,116.519997,114.680000,114.830002,112.570404,9196700
2018-11-01,115.199997,116.279999,114.900002,116.099998,113.815407,6779900
2018-11-02,116.830002,116.949997,114.370003,115.180000,112.913521,6377900
2018-11-05,115.739998,116.220001,115.120003,115.449997,113.178200,7920800
2018-11-06,115.739998,116.839996,115.449997,116.709999,114.413414,5036600
2018-11-07,116.570000,117.290001,115.160004,117.050003,114.746719,8249800
2018-11-08,117.449997,117.830002,115.209999,116.000000,113.717384,11074800
2018-11-09,118.199997,120.199997,117.180000,118.000000,115.678024,16878200
2018-11-12,118.000000,118.459999,116.599998,116.699997,114.403603,9170600
2018-11-13,117.110001,117.779999,116.180000,116.849998,114.550652,4650600
2018-11-14,117.440002,118.220001,116.440002,117.120003,114.815346,7109100
2018-11-15,116.489998,117.430000,115.699997,117.110001,114.805542,7088700
2018-11-16,116.529999,117.339996,115.989998,116.190002,113.903641,7141900
2018-11-19,116.000000,117.830002,114.790001,115.419998,113.148788,9714600
2018-11-20,113.519997,114.589996,111.519997,111.870003,109.668655,11194600
2018-11-21,112.500000,113.989998,112.300003,113.029999,110.805824,7242500
2018-11-23,112.239998,112.790001,111.739998,112.080002,109.874519,3242300
2018-11-26,113.180000,113.180000,111.919998,112.550003,110.335274,7002400
2018-11-27,113.610001,114.099998,112.410004,113.900002,111.658707,7357500
2018-11-28,114.320000,116.300003,114.050003,116.099998,113.815407,9039800
2018-11-29,115.750000,117.139999,115.209999,116.610001,114.315376,10834700
2018-11-30,116.839996,117.070000,115.059998,115.489998,113.217415,16857800
2018-12-03,116.650002,116.919998,114.910004,115.739998,113.462486,9273300
2018-12-04,115.620003,116.290001,112.660004,112.870003,110.648979,10806700
2018-12-06,112.059998,114.339996,111.160004,114.330002,112.080246,10546200
2018-12-07,113.860001,113.989998,111.610001,111.980003,110.627998,8305500
2018-12-10,111.989998,112.290001,109.529999,111.860001,110.509438,7337500
2018-12-11,112.970001,113.720001,111.430000,111.970001,110.618118,6861800
2018-12-12,113.000000,113.980003,112.150002,112.209999,110.855217,7723900
2018-12-13,112.870003,113.599998,112.339996,113.389999,112.020966,6661500
2018-12-14,112.370003,113.919998,112.050003,112.199997,110.845337,7601900
2018-12-17,112.290001,112.889999,110.029999,110.620003,109.284416,7731800
2018-12-18,110.870003,111.080002,108.900002,109.449997,108.128532,6682300
2018-12-19,110.000000,112.129997,108.949997,109.220001,107.901321,9416900
2018-12-20,108.750000,109.209999,106.129997,107.000000,105.708122,9387300
2018-12-21,106.470001,108.750000,103.860001,104.220001,102.961693,15530600
2018-12-24,103.230003,103.900002,100.349998,100.349998,99.138412,7133000
2018-12-26,100.489998,105.849998,100.379997,105.830002,104.552254,9422800
2018-12-27,104.410004,106.550003,102.800003,106.519997,105.233910,8201400
2018-12-28,107.279999,108.519997,106.190002,107.300003,106.004501,7620500
2018-12-31,109.110001,109.669998,107.550003,109.650002,108.326126,7241700
2019-01-02,108.099998,109.139999,107.730003,108.970001,107.654343,9723500
2019-01-03,108.480003,108.650002,105.940002,106.330002,105.046211,10594700
2019-01-04,107.940002,110.750000,107.250000,109.610001,108.286606,10122800
2019-01-07,109.910004,111.400002,109.300003,110.559998,109.225136,6714700
2019-01-08,111.800003,112.559998,111.169998,111.419998,110.074753,8730700
2019-01-09,111.800003,112.800003,111.559998,112.669998,111.309662,5931900
2019-01-10,111.989998,112.910004,111.500000,112.800003,111.438095,6160100
2019-01-11,112.180000,112.919998,111.730003,112.650002,111.289909,4819100
2019-01-14,111.650002,112.699997,111.430000,112.419998,111.062683,6980600
2019-01-15,112.300003,113.180000,110.610001,111.760002,110.410652,9800900
2019-01-16,111.449997,112.010002,110.809998,110.910004,109.570915,5899900
2019-01-17,110.720001,111.260002,110.160004,111.010002,109.669708,6392000
2019-01-18,111.860001,111.930000,110.830002,111.040001,109.699348,8554700
2019-01-22,110.620003,111.330002,109.750000,110.599998,109.264656,6986700
2019-01-23,111.190002,111.839996,110.000000,111.120003,109.778381,6845600
2019-01-24,111.000000,111.110001,109.930000,110.550003,109.215263,6716800
2019-01-25,111.470001,111.500000,110.660004,111.089996,109.748734,5706900
2019-01-28,110.760002,110.989998,109.949997,110.809998,109.472115,6178800
2019-01-29,110.650002,110.930000,110.000000,110.900002,109.561035,5253700
2019-01-30,110.300003,110.580002,108.959999,110.129997,108.800331,7853800
2019-01-31,110.099998,111.540001,110.010002,111.519997,110.173546,8351600
2019-02-01,111.970001,112.050003,110.930000,111.300003,109.956207,6557700
2019-02-04,111.410004,111.980003,110.680000,111.800003,110.450172,7037000
2019-02-05,112.019997,112.739998,111.449997,112.660004,111.299789,13619800
2019-02-06,113.849998,113.919998,111.070000,111.410004,110.064880,14229000
2019-02-07,111.050003,111.110001,109.809998,110.949997,109.610420,8658100
2019-02-08,110.459999,111.540001,110.059998,111.510002,110.163673,6395500
2019-02-11,111.769997,111.809998,109.250000,109.440002,108.118668,11086400
2019-02-12,110.209999,110.830002,109.150002,109.199997,107.881554,7610200
2019-02-13,109.239998,110.480003,109.230003,110.199997,108.869476,6919700
2019-02-14,109.849998,111.500000,109.540001,110.660004,109.323929,6324300
2019-02-15,111.400002,112.629997,111.029999,112.589996,111.230621,8197300
2019-02-19,112.910004,113.769997,112.830002,113.510002,112.139519,8169600
2019-02-20,113.599998,114.089996,113.290001,113.680000,112.307465,7081500
2019-02-21,113.400002,114.540001,112.870003,114.290001,112.910103,9480100
2019-02-22,114.629997,115.769997,113.949997,115.250000,113.858513,8734700
2019-02-25,115.620003,115.800003,113.459999,113.589996,112.218552,9327700
2019-02-26,113.650002,114.010002,112.849998,113.500000,112.129639,8956000
2019-02-27,113.099998,113.510002,112.459999,112.779999,111.418335,7249500
2019-02-28,112.900002,113.430000,112.750000,112.839996,111.477608,6716700
2019-03-01,113.449997,114.440002,113.449997,114.010002,112.633484,6996900
2019-03-04,114.419998,114.419998,113.089996,114.330002,112.949623,6015000
2019-03-05,114.230003,114.540001,113.760002,114.000000,112.623604,5225100
2019-03-06,114.000000,115.050003,114.000000,114.849998,113.463341,7352800
2019-03-07,114.849998,114.900002,113.470001,114.010002,112.633484,6324000
2019-03-08,113.459999,113.839996,112.900002,113.809998,112.435898,6549100
2019-03-11,114.040001,115.000000,114.029999,114.750000,113.364548,6952700
2019-03-12,114.720001,115.300003,114.040001,114.730003,113.344795,9920300
2019-03-13,114.839996,114.849998,113.720001,114.089996,112.712509,17994500
2019-03-14,114.120003,114.769997,113.930000,114.480003,113.097816,17409600
2019-03-15,114.500000,115.480003,113.680000,114.959999,113.572014,14932700
2019-03-18,113.029999,114.000000,112.459999,113.120003,111.754234,21769800
2019-03-19,112.949997,113.709999,109.800003,110.000000,108.671898,45384400
2019-03-20,110.309998,110.879997,108.050003,109.989998,108.662018,35588700
2019-03-21,110.099998,110.150002,108.370003,108.660004,107.348083,27438900
2019-03-22,108.330002,109.000000,107.510002,108.230003,106.923279,24133800
2019-03-25,108.489998,109.070000,107.320000,107.790001,106.488586,18187500
2019-03-26,108.400002,110.339996,108.269997,110.139999,108.810211,16693100
2019-03-27,110.449997,111.089996,109.730003,110.279999,108.948517,10794800
2019-03-28,110.599998,111.269997,110.239998,110.709999,109.373329,11748900
2019-03-29,111.559998,111.599998,110.389999,111.029999,109.689461,16358800
2019-04-01,111.589996,112.870003,111.379997,112.510002,111.151596,10785100
2019-04-02,113.150002,113.309998,111.919998,111.959999,110.608238,9231800
2019-04-03,112.699997,113.110001,112.209999,112.519997,111.161469,10534900
2019-04-04,113.239998,114.860001,113.029999,114.750000,113.364548,14378400
2019-04-05,114.970001,115.129997,114.309998,115.000000,113.611526,10907900
2019-04-08,115.000000,115.830002,114.639999,114.959999,113.572014,11054200
2019-04-09,115.610001,117.160004,115.279999,116.860001,115.449074,17340300
2019-04-10,117.580002,118.029999,116.279999,117.160004,115.745461,14091100
2019-04-11,117.730003,117.860001,116.320000,116.599998,115.192215,12784500
2019-04-12,127.910004,130.899994,126.360001,130.059998,128.489700,65253500
2019-04-15,131.050003,132.699997,129.789993,132.039993,130.445786,32773700
2019-04-16,131.750000,132.130005,129.559998,129.899994,128.331619,14564300
2019-04-17,129.809998,132.360001,129.279999,131.750000,130.159302,14253700
2019-04-18,131.770004,132.869995,131.110001,132.449997,130.850845,11890600
2019-04-22,131.899994,132.199997,131.029999,131.679993,130.090134,10197500
2019-04-23,133.389999,134.240005,132.649994,133.360001,131.749863,12159300
2019-04-24,133.110001,135.750000,132.720001,135.100006,133.468857,11449500
2019-04-25,135.360001,138.880005,134.839996,137.240005,135.583008,16382500
2019-04-26,138.699997,140.039993,137.509995,139.919998,138.230667,14167600
2019-04-29,142.190002,142.369995,137.610001,139.300003,137.618149,25746100
2019-04-30,139.119995,139.389999,136.029999,136.970001,135.316269,15253100
2019-05-01,137.490005,138.169998,136.240005,136.380005,134.733398,8906700
2019-05-02,135.380005,135.690002,132.380005,134.139999,132.520447,16580400
2019-05-03,135.220001,135.309998,133.779999,134.330002,132.708145,8874400
2019-05-06,132.539993,135.330002,132.300003,135.000000,133.370056,9955600
2019-05-07,135.350006,135.970001,132.759995,133.440002,131.828888,10972700
2019-05-08,133.500000,135.699997,133.309998,134.990005,133.360184,15423500
2019-05-09,135.029999,136.479996,132.839996,133.589996,131.977081,15297100
2019-05-10,133.009995,134.320007,131.229996,134.039993,132.421646,9858500
2019-05-13,131.500000,132.660004,130.550003,131.339996,129.754242,11389900
2019-05-14,133.520004,134.660004,132.050003,133.199997,131.591782,12001700
2019-05-15,132.550003,135.210007,132.039993,134.679993,133.053909,9734100
2019-05-16,135.289993,136.399994,134.809998,135.500000,133.864014,9689400
2019-05-17,134.259995,135.979996,134.029999,135.039993,133.409576,8964200
2019-05-20,134.250000,134.399994,133.250000,133.910004,132.293228,8009000
2019-05-21,134.570007,134.570007,133.110001,134.089996,132.471039,7050300
2019-05-22,133.820007,134.169998,133.389999,133.850006,132.233948,5093700
2019-05-23,132.710007,133.550003,131.949997,132.729996,131.127472,6743300
2019-05-24,133.100006,133.289993,132.220001,132.789993,131.186722,4570100
2019-05-28,133.210007,134.039993,132.589996,132.619995,131.018784,8938400
2019-05-29,131.960007,132.149994,130.779999,131.570007,129.981491,7749600
2019-05-30,131.880005,132.679993,131.339996,132.199997,130.603851,5274000
2019-05-31,130.960007,132.929993,130.779999,132.039993,130.445786,7420700
2019-06-03,132.020004,132.949997,131.490005,132.470001,130.870621,7901400
2019-06-04,133.449997,134.880005,132.919998,134.820007,133.192245,8247500
2019-06-05,135.410004,136.000000,134.940002,135.940002,134.298721,6842800
2019-06-06,136.509995,137.440002,135.729996,137.210007,135.553391,6027300
2019-06-07,137.600006,138.759995,137.330002,138.039993,136.373352,7026300
2019-06-10,138.880005,138.880005,136.070007,137.070007,135.415070,8479500
2019-06-11,137.589996,137.750000,134.940002,135.080002,133.449097,6352200
2019-06-12,135.089996,136.279999,134.820007,135.720001,134.081375,5537000
2019-06-13,137.949997,141.850006,137.610001,141.740005,140.028687,17939500
2019-06-14,142.050003,142.949997,140.529999,141.649994,139.939774,11125200
2019-06-17,140.809998,141.479996,139.110001,140.970001,139.267975,8542700
2019-06-18,141.990005,143.509995,138.970001,139.240005,137.558868,11231400
2019-06-19,139.509995,141.070007,138.580002,140.919998,139.218582,6877100
2019-06-20,141.979996,142.229996,139.910004,142.020004,140.305298,8485800
2019-06-21,141.949997,142.000000,140.000000,140.229996,138.536896,14150000
2019-06-24,140.119995,140.470001,137.800003,139.220001,137.539108,10497400
2019-06-25,139.020004,140.410004,138.669998,139.940002,138.250412,14675400
2019-06-26,140.360001,140.740005,139.509995,140.399994,138.704849,8842100
2019-06-27,141.000000,141.740005,138.919998,139.300003,137.618149,6466300
2019-06-28,139.410004,140.210007,138.610001,139.639999,137.954025,20078800
2019-07-01,140.449997,141.949997,139.220001,141.649994,139.939774,8972400
2019-07-02,141.399994,142.860001,141.270004,142.529999,140.809143,7554100
2019-07-03,142.699997,143.000000,142.000000,142.979996,141.253708,4150900
2019-07-05,141.419998,142.889999,140.699997,142.449997,141.601624,5596000
2019-07-08,142.179993,142.229996,140.970001,141.020004,140.180145,4993900
2019-07-09,140.059998,141.720001,139.750000,141.610001,140.766632,7396300
2019-07-10,142.399994,144.250000,142.009995,143.539993,142.685135,9533700
2019-07-11,144.009995,145.339996,143.539993,143.559998,142.705017,10471100
2019-07-12,144.149994,145.429993,144.000000,144.880005,144.017166,8510000
2019-07-15,145.130005,145.360001,143.970001,145.059998,144.196075,5289200
2019-07-16,144.750000,144.990005,143.809998,144.300003,143.440613,5854700
2019-07-17,144.600006,144.679993,142.369995,142.570007,141.720917,5296400
2019-07-18,142.460007,142.460007,140.169998,141.630005,140.786514,8031700
2019-07-19,142.240005,142.240005,139.740005,139.850006,139.017120,6109900
2019-07-22,141.250000,141.440002,140.009995,140.839996,140.001205,7706400
2019-07-23,141.649994,142.539993,140.270004,141.259995,140.418716,7514500
2019-07-24,141.399994,141.589996,140.399994,141.289993,140.448532,5896600
2019-07-25,141.399994,143.229996,141.039993,143.210007,142.357101,7294400
2019-07-26,143.740005,145.190002,143.050003,144.649994,143.788513,8139400
2019-07-29,145.589996,147.149994,145.169998,146.389999,145.518158,11674100
2019-07-30,145.759995,146.800003,144.610001,144.929993,144.066849,6563100
2019-07-31,144.990005,145.000000,142.339996,143.009995,142.158295,9710700
2019-08-01,143.339996,144.529999,141.259995,141.850006,141.005203,8911700
2019-08-02,140.990005,142.220001,139.940002,141.710007,140.866043,6539100
2019-08-05,139.139999,140.229996,137.029999,138.300003,137.476349,10669700
2019-08-06,140.410004,141.949997,138.369995,141.869995,141.025070,18818900
2019-08-07,134.929993,135.869995,132.259995,134.860001,134.056839,29084500
2019-08-08,137.899994,138.000000,136.009995,137.889999,137.068787,14054800
2019-08-09,137.100006,139.240005,136.759995,138.520004,137.695038,8811900
2019-08-12,137.309998,137.570007,135.229996,135.750000,134.941528,7918900
2019-08-13,135.000000,137.919998,135.000000,137.009995,136.194016,8145400
2019-08-14,135.059998,135.149994,132.679993,132.850006,132.058807,11797700
2019-08-15,133.500000,134.279999,132.470001,133.410004,132.615463,7590100
2019-08-16,134.020004,135.500000,133.830002,135.199997,134.394806,6353800
2019-08-19,136.789993,137.619995,134.279999,135.289993,134.484268,11741800
2019-08-20,133.330002,136.039993,133.259995,135.130005,134.325226,8628000
2019-08-21,134.610001,136.059998,134.050003,135.759995,134.951462,6325000
2019-08-22,136.199997,136.669998,134.690002,136.080002,135.269562,6967100
2019-08-23,135.509995,136.440002,131.020004,131.669998,130.885834,10190900
2019-08-26,134.190002,134.639999,132.550003,134.610001,133.808319,8093800
2019-08-27,135.770004,135.990005,134.190002,134.490005,133.689041,6013600
2019-08-28,134.059998,136.729996,133.520004,136.550003,135.736771,5950500
2019-08-29,138.119995,138.679993,137.419998,137.839996,137.019073,6532700
2019-08-30,138.289993,138.500000,136.759995,137.259995,136.442535,5622200
2019-09-03,136.369995,136.419998,135.059998,136.309998,135.498199,5997400
2019-09-04,136.740005,138.199997,136.389999,137.889999,137.068787,4285400
2019-09-05,138.919998,139.270004,138.320007,138.839996,138.013123,5143500
2019-09-06,139.130005,139.809998,138.250000,139.550003,138.718903,4090000
2019-09-09,139.580002,140.080002,138.479996,138.830002,138.003189,5458700
2019-09-10,138.119995,138.440002,134.580002,135.789993,134.981293,10974600
2019-09-11,135.559998,136.240005,134.929993,136.190002,135.378906,7896400
2019-09-12,136.839996,138.669998,136.539993,137.500000,136.681107,7333900
2019-09-13,137.850006,138.220001,137.110001,138.020004,137.198013,5209100
2019-09-16,136.289993,137.240005,135.300003,135.800003,134.991241,6329300
2019-09-17,135.800003,136.729996,135.669998,136.309998,135.498199,4726500
2019-09-18,136.410004,137.070007,135.720001,136.800003,135.985275,6857900
2019-09-19,137.000000,137.360001,133.000000,133.300003,132.506119,12216100
2019-09-20,133.029999,133.229996,131.610001,132.270004,131.482254,25231600
2019-09-23,131.990005,132.889999,131.889999,132.460007,131.671127,6096100
2019-09-24,134.009995,134.149994,131.500000,131.970001,131.184036,11904000
2019-09-25,131.789993,133.419998,131.220001,133.089996,132.297363,6523000
2019-09-26,133.139999,133.300003,129.059998,131.270004,130.488220,11615100
2019-09-27,130.100006,131.000000,128.919998,129.960007,129.186020,8401300
2019-09-30,130.350006,130.860001,129.820007,130.320007,129.543869,5532500
2019-10-01,130.800003,131.779999,129.509995,129.550003,128.778458,5978500
2019-10-02,128.509995,129.220001,127.570000,129.139999,128.370895,8296100
2019-10-03,128.600006,129.429993,127.540001,128.149994,127.386787,8498700
2019-10-04,128.690002,130.440002,128.610001,130.270004,129.494171,6732900
2019-10-07,130.270004,131.570007,129.039993,130.899994,130.120407,5784100
2019-10-08,129.899994,130.039993,128.369995,128.470001,127.704887,6526000
2019-10-09,129.100006,129.850006,128.059998,129.330002,128.559769,5004600
2019-10-10,129.220001,130.139999,128.880005,129.339996,128.569702,4512000
2019-10-11,130.300003,130.990005,129.839996,130.020004,129.245667,6559000
2019-10-14,130.130005,130.300003,129.479996,129.699997,128.927551,3710300
2019-10-15,130.009995,130.889999,129.399994,129.759995,128.987198,5914700
2019-10-16,129.759995,131.830002,129.699997,130.860001,130.080658,7610800
2019-10-17,132.529999,133.440002,130.509995,132.369995,131.581650,8005100
2019-10-18,132.369995,133.160004,130.889999,130.889999,130.110474,8694000
2019-10-21,131.440002,131.729996,130.020004,130.259995,129.484222,6257100
2019-10-22,133.149994,133.679993,132.100006,132.399994,131.611481,9291600
2019-10-23,132.449997,132.679993,130.759995,131.130005,130.349045,5970800
2019-10-24,131.520004,131.699997,129.630005,130.259995,129.484222,5746300
2019-10-25,130.500000,131.759995,130.029999,130.899994,130.120407,6696000
2019-10-28,131.449997,132.080002,130.139999,130.529999,129.752625,8940300
2019-10-29,130.500000,130.770004,129.440002,129.479996,128.708862,9305100
2019-10-30,129.690002,130.309998,129.149994,129.600006,128.828171,10880000
2019-10-31,129.529999,130.149994,128.750000,129.919998,129.146255,9628300
2019-11-01,130.990005,132.800003,130.509995,132.750000,131.959396,8507600
2019-11-04,134.119995,134.139999,132.470001,132.919998,132.128387,7631800
2019-11-05,132.770004,132.770004,130.889999,131.449997,130.667130,7404500
2019-11-06,131.600006,131.660004,130.660004,131.270004,130.488220,9132500
2019-11-07,132.350006,133.699997,131.750000,132.960007,132.168152,18047600
2019-11-08,140.220001,140.250000,136.740005,137.960007,137.138382,24175900
2019-11-11,137.500000,138.559998,136.210007,136.740005,135.925644,10138400
2019-11-12,138.029999,139.339996,136.740005,138.580002,137.754684,17284000
2019-11-13,138.580002,149.919998,136.839996,148.720001,147.834290,45725400
2019-11-14,148.000000,150.630005,146.279999,147.149994,146.273636,28393600
2019-11-15,147.139999,147.199997,144.210007,144.669998,143.808411,13733400
2019-11-18,144.750000,149.039993,143.690002,147.649994,146.770660,15353100
2019-11-19,148.179993,149.479996,146.800003,148.380005,147.496323,11504300
2019-11-20,148.089996,148.990005,146.029999,146.929993,146.054947,9448400
2019-11-21,147.160004,147.470001,146.259995,146.899994,146.025116,6241400
2019-11-22,147.210007,149.440002,146.679993,148.289993,147.406845,9639400
2019-11-25,148.800003,150.210007,147.699997,149.690002,148.798508,11316800
2019-11-26,151.750000,153.410004,150.610001,151.639999,150.736893,24949900
2019-11-27,152.300003,152.570007,151.149994,151.479996,150.577850,6155400
2019-11-29,151.479996,152.470001,151.009995,151.580002,150.677261,6284900
2019-12-02,152.940002,152.970001,149.100006,150.619995,149.722961,10351000
2019-12-03,147.740005,149.110001,146.869995,148.580002,147.695129,9273800
2019-12-04,149.300003,149.330002,148.179993,148.279999,147.396912,7684800
2019-12-05,148.690002,148.830002,147.100006,147.440002,146.561905,7363300
2019-12-06,148.399994,148.610001,147.179993,147.660004,146.780609,7084900
2019-12-09,147.960007,148.509995,145.399994,146.210007,145.339249,11515000
2019-12-10,145.259995,146.850006,145.050003,146.100006,145.229889,7084100
2019-12-11,147.389999,147.889999,146.759995,147.589996,146.711014,8253700
2019-12-12,147.919998,148.929993,147.250000,147.759995,146.880005,7748300
2019-12-13,147.429993,147.800003,146.309998,146.380005,146.380005,9350100
2019-12-16,147.589996,148.649994,146.550003,148.460007,148.460007,9134400
2019-12-17,148.100006,148.460007,147.619995,147.729996,147.729996,8776100
2019-12-18,147.770004,147.949997,146.190002,146.259995,146.259995,9467800
2019-12-19,146.179993,146.800003,145.320007,146.149994,146.149994,10243900
2019-12-20,147.149994,147.880005,145.770004,146.880005,146.880005,12629900
2019-12-23,145.910004,146.330002,144.330002,144.679993,144.679993,9314000
2019-12-24,144.580002,145.429993,144.449997,145.289993,145.289993,3508500
2019-12-26,145.399994,145.860001,145.169998,145.699997,145.699997,4422000
2019-12-27,146.050003,146.509995,145.449997,145.750000,145.750000,5495300
2019-12-30,145.750000,145.869995,143.399994,143.770004,143.770004,6602800
2019-12-31,143.669998,144.770004,143.259995,144.630005,144.630005,5662900
2020-01-02,145.289993,148.199997,145.100006,148.199997,148.199997,9502100
2020-01-03,146.399994,147.899994,146.050003,146.500000,146.500000,7320200
2020-01-06,145.539993,146.029999,144.309998,145.649994,145.649994,8262500
2020-01-07,145.990005,146.869995,145.419998,145.699997,145.699997,6906500
2020-01-08,145.490005,146.130005,144.820007,145.399994,145.399994,6984200
2020-01-09,146.470001,146.630005,144.610001,144.830002,144.830002,6664200
2020-01-10,145.300003,145.500000,144.259995,144.619995,144.619995,5152500
2020-01-13,144.750000,144.750000,143.360001,143.880005,143.880005,9921300
2020-01-14,143.410004,146.720001,142.289993,145.199997,145.199997,14839100
2020-01-15,145.710007,145.710007,143.929993,144.320007,144.320007,6818200
2020-01-16,145.089996,145.429993,144.440002,145.119995,145.119995,6948400
2020-01-17,145.539993,145.639999,144.009995,144.330002,144.330002,10355300
2020-01-21,144.240005,144.589996,143.009995,143.559998,143.559998,9250200
2020-01-22,144.449997,144.789993,143.539993,144.009995,144.009995,7550000
2020-01-23,143.600006,143.610001,140.649994,142.199997,142.199997,11082000
2020-01-24,141.399994,142.250000,139.199997,140.080002,140.080002,13076300
2020-01-27,135.860001,137.729996,135.000000,135.899994,135.899994,12831800
2020-01-28,136.500000,138.929993,135.860001,138.369995,138.369995,10390000
2020-01-29,138.600006,138.679993,135.789993,136.059998,136.059998,9382700
2020-01-30,135.089996,137.850006,134.830002,137.809998,137.809998,11847300
2020-01-31,138.399994,138.669998,137.059998,138.309998,138.309998,12379100
2020-02-03,139.789993,141.820007,139.750000,141.320007,141.320007,12660000
2020-02-04,145.490005,145.589996,143.250000,144.729996,144.729996,23519700
2020-02-05,146.600006,147.300003,138.570007,141.369995,141.369995,27824100
2020-02-06,141.919998,143.949997,141.220001,142.699997,142.699997,9504600
2020-02-07,141.889999,141.990005,140.119995,141.020004,141.020004,10948900
2020-02-10,141.029999,142.589996,140.460007,142.589996,142.589996,8162100
2020-02-11,142.850006,142.990005,140.460007,141.009995,141.009995,10790100
2020-02-12,141.339996,142.220001,140.869995,141.850006,141.850006,8168200
2020-02-13,141.169998,141.899994,140.820007,140.899994,140.899994,7543100
2020-02-14,141.100006,141.279999,139.130005,139.539993,139.539993,9110500
2020-02-18,139.020004,139.660004,138.100006,139.139999,139.139999,8214900
2020-02-19,139.630005,141.869995,139.229996,141.300003,141.300003,7080900
2020-02-20,141.630005,141.630005,138.850006,140.369995,140.369995,5981700
2020-02-21,139.860001,139.880005,138.580002,138.970001,138.970001,7725800
2020-02-24,132.899994,134.440002,131.210007,133.009995,133.009995,19336500
2020-02-25,133.750000,133.940002,127.980003,128.190002,128.190002,21032500
2020-02-26,126.120003,128.369995,122.129997,123.360001,123.360001,31195900
2020-02-27,119.809998,122.900002,117.919998,118.040001,118.040001,30827500
2020-02-28,114.510002,118.309998,113.209999,117.650002,117.650002,35453800
2020-03-02,119.129997,119.980003,116.029999,119.980003,119.980003,21775900
2020-03-03,121.150002,121.779999,115.150002,116.449997,116.449997,19529700
2020-03-04,118.959999,119.239998,115.480003,119.180000,119.180000,13842100
2020-03-05,116.860001,116.959999,112.110001,113.980003,113.980003,22397200
2020-03-06,110.760002,115.870003,110.320000,115.269997,115.269997,22899600
2020-03-09,108.690002,110.430000,104.279999,104.349998,104.349998,26233600
2020-03-10,108.099998,111.580002,102.430000,111.459999,111.459999,24083700
2020-03-11,108.419998,108.900002,102.860001,105.510002,105.510002,24771300
2020-03-12,97.620003,100.000000,91.639999,91.809998,91.809998,40392900
2020-03-13,100.779999,102.870003,92.250000,102.519997,102.519997,40960100
2020-03-16,91.800003,98.279999,90.000000,95.010002,95.010002,35379500
2020-03-17,95.800003,97.459999,91.150002,93.529999,93.529999,27526200
2020-03-18,87.589996,89.339996,79.070000,88.800003,88.800003,43592500
2020-03-19,88.000000,97.400002,85.110001,94.930000,94.930000,30866800
2020-03-20,95.989998,96.989998,85.839996,85.980003,85.980003,31957800
2020-03-23,84.489998,87.279999,81.089996,85.760002,85.760002,32246600
2020-03-24,92.330002,99.169998,91.800003,98.120003,98.120003,32538100
2020-03-25,100.660004,105.919998,95.510002,100.730003,100.730003,28533000
2020-03-26,100.830002,107.730003,100.800003,105.360001,105.360001,24520300
2020-03-27,100.449997,101.489998,95.540001,96.400002,96.400002,30591500
2020-03-30,96.000000,100.459999,92.099998,99.800003,99.800003,23119200
2020-03-31,100.220001,103.160004,96.160004,96.599998,96.599998,21563200
2020-04-01,93.500000,97.400002,92.559998,94.919998,94.919998,18303900
2020-04-02,94.199997,97.260002,94.199997,96.970001,96.970001,13936500
2020-04-03,96.309998,96.919998,92.709999,93.879997,93.879997,14814600
2020-04-06,97.260002,100.190002,94.519997,99.580002,99.580002,20407400
2020-04-07,104.860001,105.889999,100.250000,101.239998,101.239998,22899600
2020-04-08,100.529999,102.349998,98.650002,101.070000,101.070000,22562500
2020-04-09,107.919998,107.989998,103.529999,104.500000,104.500000,31485600
2020-04-13,104.709999,104.870003,99.610001,103.500000,103.500000,17306000
2020-04-14,105.500000,107.639999,103.900002,106.029999,106.029999,19866900
2020-04-15,104.389999,104.879997,102.699997,103.370003,103.370003,14157600
2020-04-16,103.529999,103.720001,100.889999,102.019997,102.019997,18029300
2020-04-17,106.209999,106.790001,104.349998,106.629997,106.629997,17926900
2020-04-20,103.580002,104.860001,102.000000,102.260002,102.260002,17021000
2020-04-21,100.010002,101.510002,99.129997,100.540001,100.540001,16101400
2020-04-22,101.800003,102.629997,100.889999,100.989998,100.989998,11492000
2020-04-23,100.650002,102.529999,99.459999,101.000000,101.000000,17132200
2020-04-24,101.779999,101.919998,99.519997,101.190002,101.190002,13621100
2020-04-27,102.000000,106.519997,101.610001,106.059998,106.059998,15518300
2020-04-28,108.790001,110.059998,105.980003,106.209999,106.209999,16503700
2020-04-29,109.940002,112.699997,108.559998,112.250000,112.250000,20139800
2020-04-30,109.440002,110.309998,106.860001,108.150002,108.150002,18638700
2020-05-01,106.360001,106.910004,104.470001,105.500000,105.500000,13209100
2020-05-04,102.010002,103.830002,100.550003,103.180000,103.180000,19514800
2020-05-05,101.510002,105.180000,100.900002,101.059998,101.059998,30169800
2020-05-06,101.480003,105.269997,98.860001,100.879997,100.879997,51992400
2020-05-07,101.849998,105.610001,101.830002,105.570000,105.570000,20868800
2020-05-08,109.050003,109.180000,106.629997,109.160004,109.160004,24101700
2020-05-11,108.400002,108.809998,106.410004,107.769997,107.769997,20555900
2020-05-12,109.059998,109.440002,104.489998,104.559998,104.559998,17049700
2020-05-13,104.500000,104.540001,101.599998,102.919998,102.919998,21085800
2020-05-14,101.980003,105.919998,99.660004,105.910004,105.910004,22002200
2020-05-15,104.980003,109.379997,104.269997,109.050003,109.050003,29766000
2020-05-18,114.470001,119.779999,114.470001,116.849998,116.849998,40075700
2020-05-19,115.099998,116.470001,113.419998,114.370003,114.370003,20332600
2020-05-20,116.419998,120.870003,116.040001,119.919998,119.919998,25749900
2020-05-21,119.339996,120.300003,116.500000,117.830002,117.830002,17578300
2020-05-22,117.500000,118.570000,116.830002,118.019997,118.019997,9288200
2020-05-26,121.050003,122.510002,120.430000,120.949997,120.949997,16466400
2020-05-27,123.680000,123.779999,119.709999,121.529999,121.529999,19345400
2020-05-28,121.599998,121.980003,116.000000,116.750000,116.750000,18606000
2020-05-29,116.190002,117.750000,114.120003,117.300003,117.300003,17845800
2020-06-01,117.260002,119.650002,116.930000,118.769997,118.769997,10538300
2020-06-02,119.000000,119.849998,117.830002,118.750000,118.750000,10753100
2020-06-03,119.989998,122.449997,119.320000,122.180000,122.180000,12584300
2020-06-04,121.949997,124.500000,121.849998,123.690002,123.690002,14195100
2020-06-05,126.309998,127.820000,124.279999,124.820000,124.820000,16581600
2020-06-08,125.099998,127.440002,123.940002,127.279999,127.279999,13858100
2020-06-09,125.629997,125.790001,123.510002,123.889999,123.889999,10882800
2020-06-10,124.019997,124.099998,120.930000,122.180000,122.180000,11497100
2020-06-11,117.599998,118.000000,112.250000,112.639999,112.639999,26078800
2020-06-12,115.169998,117.000000,112.889999,115.489998,115.489998,18361900
2020-06-15,112.080002,118.120003,111.709999,117.080002,117.080002,14156400
2020-06-16,121.239998,121.500000,116.050003,118.440002,118.440002,12951200
2020-06-17,118.639999,119.230003,117.139999,117.650002,117.650002,8921600
2020-06-18,116.879997,118.529999,115.930000,118.370003,118.370003,9577300
2020-06-19,119.980003,120.120003,114.349998,114.349998,114.349998,23496300
2020-06-22,114.190002,116.190002,113.110001,115.919998,115.919998,12868000
2020-06-23,116.959999,117.449997,115.970001,116.589996,116.589996,10187600
2020-06-24,115.849998,116.000000,110.029999,112.070000,112.070000,22252500
2020-06-25,108.989998,111.510002,108.500000,111.360001,111.360001,17240400
2020-06-26,110.949997,111.199997,108.019997,109.099998,109.099998,15270900
2020-06-29,109.000000,111.570000,108.099998,111.519997,111.519997,12584300
2020-06-30,111.500000,112.050003,109.930000,111.510002,111.510002,10565900
2020-07-01,112.820000,115.599998,112.290001,113.010002,113.010002,11930900
2020-07-02,115.000000,115.099998,112.000000,112.180000,112.180000,10312000
2020-07-06,113.830002,114.529999,112.900002,114.430000,114.430000,11933400
2020-07-07,113.629997,115.080002,112.610001,113.629997,113.629997,10836500
2020-07-08,113.480003,117.129997,112.809998,116.660004,116.660004,13629500
2020-07-09,116.510002,117.849998,115.379997,116.809998,116.809998,13582900
2020-07-10,116.830002,119.440002,116.209999,119.339996,119.339996,14207900
2020-07-13,119.940002,120.129997,115.889999,116.220001,116.220001,15620200
2020-07-14,115.230003,119.080002,114.540001,118.660004,118.660004,12425100
2020-07-15,121.629997,122.089996,119.699997,120.900002,120.900002,15314200
2020-07-16,117.720001,119.989998,117.599998,119.430000,119.430000,10210100
2020-07-17,118.900002,119.559998,117.059998,118.650002,118.650002,9843500
2020-07-20,118.050003,118.489998,116.820000,117.790001,117.790001,8947900
2020-07-21,118.050003,120.389999,117.660004,118.620003,118.620003,8956000
2020-07-22,118.190002,119.300003,117.930000,119.029999,119.029999,7063300
2020-07-23,118.860001,119.349998,117.010002,118.120003,118.120003,7255800
2020-07-24,115.699997,118.209999,115.529999,117.610001,117.610001,8233300
2020-07-27,117.199997,117.419998,115.680000,116.309998,116.309998,9413000
2020-07-28,115.459999,116.839996,114.680000,116.180000,116.180000,6821100
2020-07-29,116.220001,116.709999,115.110001,115.610001,115.610001,9496500
2020-07-30,114.910004,116.290001,113.370003,115.660004,115.660004,9713500
2020-07-31,115.220001,117.050003,114.120003,116.940002,116.940002,9623800
2020-08-03,116.169998,117.120003,115.349998,116.349998,116.349998,10229200
2020-08-04,115.959999,118.349998,115.760002,117.290001,117.290001,17293900
2020-08-05,123.370003,130.309998,123.279999,127.610001,127.610001,53122400
2020-08-06,126.959999,131.630005,125.610001,130.820007,130.820007,27238000
2020-08-07,130.220001,131.940002,128.660004,129.929993,129.929993,16088600
2020-08-10,129.750000,131.320007,128.490005,128.789993,128.789993,8529200
2020-08-11,130.529999,132.759995,130.000000,130.490005,130.490005,13885700
2020-08-12,130.669998,133.000000,130.490005,131.789993,131.789993,12205200
2020-08-13,130.639999,132.350006,130.449997,130.960007,130.960007,6468600
2020-08-14,130.009995,131.080002,129.740005,130.529999,130.529999,6507600
2020-08-17,130.100006,130.139999,128.539993,129.369995,129.369995,7492200
2020-08-18,129.440002,129.589996,128.360001,128.919998,128.919998,6714600
2020-08-19,129.250000,130.220001,127.430000,127.769997,127.769997,7624200
2020-08-20,126.800003,128.449997,126.529999,128.119995,128.119995,4918100
2020-08-21,127.720001,128.309998,127.230003,127.440002,127.440002,6064700
2020-08-24,128.149994,130.880005,127.930000,130.690002,130.690002,7613600
2020-08-25,130.830002,131.089996,129.309998,129.789993,129.789993,5494400
2020-08-26,130.000000,132.600006,129.520004,132.179993,132.179993,8447800
2020-08-27,133.000000,136.360001,132.820007,133.729996,133.729996,13667600
2020-08-28,134.500000,136.800003,133.580002,135.539993,135.539993,11020100
2020-08-31,135.250000,135.539993,131.250000,131.869995,131.869995,11617500
2020-09-01,131.919998,133.610001,130.889999,133.550003,133.550003,8344100
2020-09-02,133.630005,135.919998,133.259995,135.389999,135.389999,8187800
2020-09-03,135.240005,137.240005,132.020004,133.240005,133.240005,12079200
2020-09-04,133.750000,134.880005,129.419998,131.990005,131.990005,11248300
2020-09-08,131.990005,137.139999,130.860001,134.199997,134.199997,17257300
2020-09-09,134.279999,135.550003,132.259995,133.360001,133.360001,8891800
2020-09-10,133.580002,136.750000,132.740005,133.220001,133.220001,9853400
2020-09-11,133.740005,133.740005,131.089996,131.750000,131.750000,7165300
2020-09-14,132.529999,132.929993,130.899994,131.250000,131.250000,8391900
2020-09-15,131.460007,132.539993,131.009995,131.240005,131.240005,7289100
2020-09-16,132.169998,133.619995,131.399994,132.089996,132.089996,6601000
2020-09-17,130.550003,131.770004,128.600006,130.220001,130.220001,6723500
2020-09-18,129.500000,130.789993,128.119995,128.630005,128.630005,9916300
2020-09-21,125.980003,126.889999,123.589996,125.410004,125.410004,10352700
2020-09-22,125.260002,127.470001,124.699997,127.209999,127.209999,6978800
2020-09-23,127.070000,127.300003,122.900002,123.279999,123.279999,8323600
2020-09-24,121.930000,123.800003,120.779999,122.489998,122.489998,8480000
2020-09-25,121.360001,124.190002,120.980003,124.000000,124.000000,6851800
2020-09-28,125.750000,126.860001,125.370003,125.989998,125.989998,6283700
2020-09-29,125.919998,126.290001,123.680000,125.400002,125.400002,7405800
2020-09-30,123.239998,125.550003,123.239998,124.080002,124.080002,13642500
2020-10-01,124.940002,125.470001,122.419998,123.309998,123.309998,8908300
2020-10-02,121.989998,123.680000,121.690002,122.550003,122.550003,6490200
2020-10-05,123.260002,123.599998,122.330002,123.370003,123.370003,5919200
2020-10-06,123.129997,124.190002,120.610001,120.930000,120.930000,9052000
2020-10-07,121.949997,123.309998,120.930000,122.910004,122.910004,10187800
2020-10-08,123.580002,123.750000,122.419998,123.089996,123.089996,7404600
2020-10-09,123.849998,125.550003,123.330002,124.980003,124.980003,11502200
2020-10-12,124.900002,125.940002,123.730003,124.970001,124.970001,10958200
2020-10-13,129.800003,131.360001,127.900002,128.960007,128.960007,22389000
2020-10-14,129.139999,129.500000,125.290001,126.589996,126.589996,11536600
2020-10-15,125.000000,127.400002,124.430000,127.360001,127.360001,7744000
2020-10-16,127.809998,128.119995,126.330002,126.809998,126.809998,6291700
2020-10-19,127.370003,127.400002,123.709999,124.230003,124.230003,6576900
2020-10-20,124.580002,125.730003,123.639999,124.949997,124.949997,6161200
2020-10-21,124.360001,127.559998,123.839996,126.629997,126.629997,6591500
2020-10-22,126.669998,128.100006,125.970001,127.559998,127.559998,5177700
2020-10-23,128.100006,128.500000,126.349998,128.350006,128.350006,5439900
2020-10-26,127.110001,127.110001,122.949997,124.059998,124.059998,8578900
2020-10-27,124.029999,124.610001,123.029999,123.309998,123.309998,6813800
2020-10-28,121.010002,121.529999,118.320000,118.470001,118.470001,11654700
2020-10-29,118.160004,122.629997,117.230003,121.540001,121.540001,9583700
2020-10-30,120.639999,121.750000,119.089996,121.250000,121.250000,8090200
2020-11-02,122.239998,122.930000,119.809998,120.129997,120.129997,9186000
2020-11-03,121.610001,125.070000,121.370003,124.019997,124.019997,8144900
2020-11-04,123.580002,126.860001,123.410004,125.070000,125.070000,7483000
2020-11-05,126.779999,128.619995,125.800003,126.959999,126.959999,7654800
2020-11-06,126.260002,128.039993,124.610001,127.459999,127.459999,6259700
2020-11-09,140.259995,147.679993,138.070007,142.589996,142.589996,35634700
2020-11-10,139.970001,142.369995,137.669998,142.110001,142.110001,18115400
2020-11-11,141.470001,142.000000,136.619995,137.820007,137.820007,9600900
2020-11-12,136.339996,138.490005,134.100006,135.520004,135.520004,13768200
2020-11-13,140.899994,141.190002,136.520004,138.360001,138.360001,21062300
2020-11-16,141.570007,144.740005,141.570007,144.669998,144.669998,16382500
2020-11-17,144.399994,144.830002,142.559998,144.500000,144.500000,9354900
2020-11-18,144.500000,145.479996,143.350006,143.899994,143.899994,9456200
2020-11-19,142.570007,143.300003,141.699997,141.720001,141.720001,8892500
2020-11-20,141.710007,142.610001,140.860001,141.070007,141.070007,8481600
2020-11-23,142.449997,147.750000,141.699997,145.979996,145.979996,12887000
2020-11-24,148.160004,151.860001,147.850006,151.490005,151.490005,16711700
2020-11-25,150.270004,150.270004,147.240005,149.089996,149.089996,9552000
2020-11-27,149.000000,150.350006,146.529999,147.130005,147.130005,5306400
2020-11-30,147.059998,148.690002,146.289993,148.009995,148.009995,9710100
2020-12-01,149.570007,151.399994,149.000000,149.440002,149.440002,8827800
2020-12-02,149.490005,154.009995,148.339996,153.610001,153.610001,10601900
2020-12-03,153.449997,154.440002,152.130005,153.240005,153.240005,9063200
2020-12-04,153.690002,154.679993,152.809998,154.139999,154.139999,6033300
2020-12-07,153.179993,153.880005,152.259995,153.679993,153.679993,6815500
2020-12-08,152.419998,154.880005,152.250000,153.720001,153.720001,7900600
2020-12-09,156.289993,157.460007,153.889999,154.429993,154.429993,10804300
2020-12-10,153.320007,155.339996,152.500000,154.690002,154.690002,8993200
2020-12-11,169.679993,179.449997,165.330002,175.720001,175.720001,87410700
2020-12-14,173.800003,177.300003,168.809998,169.300003,169.300003,30939400
2020-12-15,170.490005,174.470001,167.820007,173.940002,173.940002,18817200
2020-12-16,173.990005,174.850006,171.619995,173.119995,173.119995,11105800
2020-12-17,173.820007,174.839996,171.960007,173.550003,173.550003,9004600
2020-12-18,173.600006,175.839996,172.279999,172.889999,172.889999,21172100
2020-12-21,170.089996,171.940002,168.190002,170.690002,170.690002,11424200
2020-12-22,170.000000,171.449997,169.160004,170.449997,170.449997,6419200
2020-12-23,172.960007,175.949997,172.300003,173.550003,173.550003,9994000
2020-12-24,173.990005,174.580002,172.380005,173.729996,173.729996,2721000
2020-12-28,175.750000,179.919998,175.050003,178.860001,178.860001,13145400
2020-12-29,180.009995,180.199997,176.220001,177.300003,177.300003,6875400
2020-12-30,178.500000,183.399994,178.369995,181.169998,181.169998,11680400
2020-12-31,181.220001,183.399994,180.270004,181.179993,181.179993,7071300
2021-01-04,182.259995,182.589996,174.729996,177.679993,177.679993,13426600
2021-01-05,176.199997,180.339996,176.199997,178.440002,178.440002,7771800
2021-01-06,178.320007,181.610001,177.279999,179.119995,179.119995,7517800
2021-01-07,179.500000,179.949997,177.580002,178.580002,178.580002,7300800
2021-01-08,178.809998,180.020004,176.600006,178.690002,178.690002,7893100
2021-01-11,177.750000,181.259995,177.350006,179.089996,179.089996,6464100
2021-01-12,177.300003,178.320007,174.860001,175.990005,175.990005,8349800
2021-01-13,174.399994,177.729996,173.740005,176.119995,176.119995,6839500
2021-01-14,177.009995,178.350006,173.399994,173.429993,173.429993,8951200
2021-01-15,172.949997,174.190002,170.169998,171.440002,171.440002,12228500
2021-01-19,172.100006,173.710007,171.440002,172.259995,172.259995,7834700
2021-01-20,175.220001,177.880005,173.000000,173.639999,173.639999,9809200
2021-01-21,173.240005,175.000000,171.020004,171.279999,171.279999,8423900
2021-01-22,174.000000,175.250000,171.889999,172.779999,172.779999,9510700
2021-01-25,171.889999,173.110001,168.770004,171.889999,171.889999,7833700
2021-01-26,173.000000,173.350006,169.050003,169.559998,169.559998,7523200
2021-01-27,165.009995,166.339996,160.520004,163.029999,163.029999,18239200
2021-01-28,166.169998,172.880005,165.949997,171.880005,171.880005,14449100
2021-01-29,168.800003,169.809998,165.789993,168.169998,168.169998,12840900
2021-02-01,170.839996,171.729996,168.029999,170.970001,170.970001,8140400
2021-02-02,173.770004,179.759995,172.800003,176.960007,176.960007,12215200
2021-02-03,177.000000,178.429993,175.759995,176.429993,176.429993,5508600
2021-02-04,177.589996,181.380005,176.490005,180.229996,180.229996,9035400
2021-02-05,181.710007,182.320007,179.330002,181.160004,181.160004,6597700
2021-02-08,183.850006,190.639999,183.300003,190.000000,190.000000,16085700
2021-02-09,188.169998,189.250000,186.039993,188.210007,188.210007,11270800
2021-02-10,189.979996,190.699997,185.809998,189.630005,189.630005,11464600
2021-02-11,189.179993,191.250000,188.070007,190.910004,190.910004,17325200
2021-02-12,193.000000,193.850006,186.559998,187.669998,187.669998,27200900